,time,spline,prediction,target
0,0.002200155,727.79803,727.79803,727.79803
1,0.002201775,574.53827,574.53827,1360.4855
2,0.002203375,502.3654,502.3654,1052.5168
3,0.002204949,462.71988,462.71988,462.71988
4,0.002206508,410.24612,410.24612,60.981617
5,0.002208068,301.2598,301.2598,-20.287916
6,0.002209623,93.44255,93.44255,93.44255
7,0.002211204,-225.09021,-225.09021,-97.85823
8,0.00221282,-508.8809,-508.8809,-523.81525
9,0.002214458,-551.55743,-551.55743,-551.55743
10,0.002216076,-245.72661,-245.72661,125.50506
11,0.002217673,125.561806,125.561806,557.3332
12,0.002219273,206.12224,206.12224,206.12224
13,0.002220819,-200.38905,-200.38905,-309.4676
14,0.002222301,-736.5934,-736.5934,-882.06915
15,0.002223799,-1006.68634,-1006.68634,-1006.68634
16,0.002225364,-690.80975,-690.80975,-442.68637
17,0.002226984,12.066761,12.066761,426.18866
18,0.002228608,670.4621,-23.652359,670.4621
19,0.002230227,952.43726,952.43726,422.16522
20,0.002231839,953.68976,953.68976,290.60272
21,0.002233395,873.96204,873.96204,873.96204
22,0.002234932,847.3292,847.3292,1228.0051
23,0.002236484,822.6408,822.6408,1124.8956
24,0.002238046,702.8293,702.8293,702.8293
25,0.002239638,418.397,418.397,370.3371
26,0.002241233,51.88393,51.88393,68.08708
27,0.002242733,-259.94415,-179.82521,-259.94415
28,0.002244212,-446.5531,-446.5531,-397.20978
29,0.002245712,-464.5724,-464.5724,-438.03403
30,0.002247214,-270.94028,-270.94028,-270.94028
31,0.002248717,129.39903,129.39903,119.4113
32,0.00225024,557.3119,557.3119,642.7629
33,0.002251766,771.03235,771.03235,771.03235
34,0.002253252,626.986,626.986,481.29413
35,0.002254744,324.1357,324.1357,253.80583
36,0.002256243,138.57927,58.798553,138.57927
37,0.002257732,255.93129,255.93129,195.89177
38,0.002259221,486.1585,486.1585,393.048
39,0.002260697,549.5988,549.5988,549.5988
40,0.002262179,257.6781,257.6781,333.9816
41,0.00226369,-249.01308,-249.01308,-153.61995
42,0.002265247,-727.9871,-727.9871,-727.9871
43,0.002266825,-943.3371,-943.3371,-1004.6121
44,0.002268403,-870.0198,-870.0198,-940.534
45,0.002269936,-556.5457,-615.5389,-556.5457
46,0.002271426,-88.47087,-88.47087,-60.116043
47,0.002272961,350.90463,350.90463,356.24335
48,0.002274543,491.97382,491.97382,491.97382
49,0.00227614,141.23228,141.23228,164.216
50,0.002277727,-445.6659,-445.6659,-464.23325
51,0.002279338,-916.93243,-916.93243,-916.93243
52,0.002280925,-995.95624,-995.95624,-1040.9052
53,0.002282449,-836.85986,-836.85986,-700.12
54,0.002283964,-659.7372,-969.79584,-659.7372
55,0.00228548,-615.9765,-615.9765,-953.3309
56,0.002287047,-645.98425,-645.98425,-1039.4363
57,0.002288673,-624.8582,-624.8582,-624.8582
58,0.002290254,-458.3367,-458.3367,-200.06917
59,0.002291807,-207.15279,-207.15279,26.94646
60,0.002293354,42.231617,42.231617,42.231617
61,0.002294901,219.31685,219.31685,472.46988
62,0.002296469,312.97202,312.97202,751.43475
63,0.002298026,323.591,276.7033,323.591
64,0.002299601,258.6087,258.6087,-343.9715
65,0.002301194,142.19836,142.19836,-577.61993
66,0.002302784,6.876146,6.876146,6.876146
67,0.002304373,-119.525444,-119.525444,590.7629
68,0.002305955,-224.00394,-224.00394,501.2082
69,0.002307571,-299.5887,-299.5887,-299.5887
70,0.00230921,-342.75555,-342.75555,-1006.65515
71,0.002310828,-382.62924,-382.62924,-1060.6434
72,0.002312482,-460.1043,-484.27347,-460.1043
73,0.002314156,-595.2622,-595.2622,-341.84653
74,0.002315807,-717.9671,-717.9671,-539.00665
75,0.002317435,-743.81915,-743.81915,-743.81915
76,0.002319028,-627.20856,-627.20856,-766.952
77,0.002320617,-441.41885,-441.41885,-504.99887
78,0.002322185,-287.7098,-287.7098,-287.7098
79,0.002323741,-225.90826,-225.90826,-225.2215
80,0.002325342,-178.87334,-178.87334,-276.58087
81,0.002326981,-27.444166,42.92907,-27.444166
82,0.002328596,287.7985,287.7985,547.8254
83,0.002330167,595.83923,595.83923,1010.3293
84,0.002331731,698.7238,698.7238,698.7238
85,0.002333297,467.53784,467.53784,15.407396
86,0.002334883,56.092293,56.092293,-474.8348
87,0.002336466,-293.44028,-293.44028,-293.44028
88,0.002338054,-406.6612,-406.6612,177.86052
89,0.002339649,-365.2882,-365.2882,153.32927
90,0.002341253,-318.61996,-625.93713,-318.61996
91,0.002342848,-372.17432,-372.17432,-740.24884
92,0.002344395,-444.2946,-444.2946,-834.2098
93,0.002345948,-419.6629,-419.6629,-419.6629
94,0.00234752,-223.80519,-223.80519,105.88787
95,0.002349055,24.537355,24.537355,291.51285
96,0.002350508,175.04022,175.04022,175.04022
97,0.002351963,154.01459,154.01459,6.3917713
98,0.002353468,31.001276,31.001276,-29.459791
99,0.00235502,-70.95198,-80.17029,-70.95198
100,0.002356561,-55.600468,-55.600468,54.9113
101,0.002358076,-9.773637,-9.773637,58.6574
102,0.002359644,-62.475414,-62.475414,-62.475414
103,0.002361286,-304.795,-304.795,-324.45197
104,0.002362912,-546.56635,-546.56635,-587.6473
105,0.002364528,-539.1004,-539.1004,-539.1004
106,0.002366128,-141.9721,-141.9721,-143.4637
107,0.002367731,401.0232,401.0232,539.2902
108,0.002369329,747.3918,163.98576,747.3918
109,0.002370899,663.7705,663.7705,368.25507
110,0.002372496,299.18604,299.18604,48.76677
111,0.002374084,-93.1512,-93.1512,-93.1512
112,0.002375657,-310.9699,-310.9699,-201.08478
113,0.002377234,-343.31186,-343.31186,-221.5262
114,0.002378833,-217.67462,-217.67462,-217.67462
115,0.002380382,9.3967495,9.3967495,-19.260572
116,0.002381906,225.2997,225.2997,138.18864
117,0.002383421,311.38397,197.78322,311.38397
118,0.002384958,191.39395,191.39395,433.0871
119,0.002386491,-27.688658,-27.688658,493.2199
120,0.002388028,-191.67073,-191.67073,-191.67073
121,0.002389588,-188.61646,-188.61646,-465.57306
122,0.002391221,-84.28174,-84.28174,-383.17465
123,0.002392848,-13.651198,-13.651198,-13.651198
124,0.002394409,-69.42501,-69.42501,10.817553
125,0.002395959,-190.16927,-190.16927,-137.26057
126,0.002397517,-286.37775,-393.20303,-286.37775
127,0.002399106,-299.9403,-299.9403,-110.373856
128,0.002400721,-311.25836,-311.25836,-88.64338
129,0.002402301,-438.11993,-438.11993,-438.11993
130,0.00240386,-731.7337,-731.7337,-1052.9637
131,0.002405394,-1012.4356,-1012.4356,-1388.2136
132,0.002406893,-1063.2958,-1063.2958,-1063.2958
133,0.002408389,-761.51874,-761.51874,-375.94418
134,0.002409948,-266.0326,-266.0326,224.76286
135,0.002411534,132.88396,-127.74003,132.88396
136,0.002413139,199.58694,199.58694,-213.0223
137,0.002414732,17.554193,17.554193,-333.61215
138,0.002416348,-250.43636,-250.43636,-250.43636
139,0.002417946,-448.38083,-448.38083,-223.74495
140,0.002419585,-501.4788,-501.4788,-493.28793
141,0.002421225,-339.75278,-339.75278,-339.75278
142,0.002422837,47.633377,47.633377,143.11833
143,0.002424421,501.60666,501.60666,628.18866
144,0.002425958,835.59485,780.197,835.59485
145,0.002427521,942.7957,942.7957,1099.4426
146,0.002429128,891.55554,891.55554,1189.9583
147,0.002430729,815.5167,815.5167,815.5167
148,0.00243232,813.8453,813.8453,503.10272
149,0.002433845,829.86743,829.86743,633.884
150,0.002435364,778.8879,778.8879,778.8879
151,0.002436897,602.44904,602.44904,666.00507
152,0.002438398,355.1436,355.1436,319.25894
153,0.002439936,100.14178,235.0566,100.14178
154,0.002441509,-94.36146,-94.36146,147.17693
155,0.002443059,-195.3948,-195.3948,140.99333
156,0.002444637,-190.92464,-190.92464,-190.92464
157,0.002446219,-84.35387,-84.35387,-422.17072
158,0.002447741,27.814728,27.814728,-295.95978
159,0.002449234,46.6613,46.6613,46.6613
160,0.002450733,-85.75727,-85.75727,67.094894
161,0.002452284,-285.48364,-285.48364,-238.92073
162,0.002453806,-407.79184,-331.65427,-407.79184
163,0.002455269,-368.70493,-368.70493,-388.86215
164,0.002456722,-246.0857,-246.0857,-294.04184
165,0.002458198,-144.99886,-144.99886,-144.99886
166,0.00245973,-151.9968,-151.9968,-46.4051
167,0.002461254,-239.87456,-239.87456,-231.8973
168,0.00246281,-348.60434,-348.60434,-348.60434
169,0.002464401,-412.68524,-412.68524,-375.8309
170,0.002466012,-363.00726,-363.00726,-344.4754
171,0.002467626,-131.22542,-79.98085,-131.22542
172,0.002469234,293.44824,293.44824,302.80194
173,0.002470789,697.9855,697.9855,729.16907
174,0.002472355,861.73553,861.73553,861.73553
175,0.002473875,644.2641,644.2641,509.22772
176,0.002475342,258.3448,258.3448,116.47771
177,0.002476804,-53.741043,-53.741043,-53.741043
178,0.002478302,-119.26367,-119.26367,-2.420729
179,0.002479827,-31.949436,-31.949436,65.372246
180,0.002481341,24.274584,-368.30518,24.274584
181,0.002482891,-83.00625,-83.00625,-172.56917
182,0.002484462,-261.07028,-261.07028,-295.36993
183,0.002486066,-346.68243,-346.68243,-346.68243
184,0.002487688,-220.54843,-220.54843,-301.67853
185,0.002489339,-6.4107614,-6.4107614,-159.20589
186,0.002490978,94.63787,94.63787,94.63787
187,0.002492611,-43.84278,-43.84278,-18.643385
188,0.002494244,-280.09708,-280.09708,-392.8856
189,0.00249587,-405.95587,-636.35455,-405.95587
190,0.002497477,-284.09573,-284.09573,-282.17465
191,0.002499065,-33.7503,-33.7503,-67.26448
192,0.002500657,175.52068,175.52068,175.52068
193,0.00250227,222.2107,222.2107,648.25116
194,0.002503877,187.17302,187.17302,613.6379
195,0.002505486,206.08708,206.08708,206.08708
196,0.002507078,363.84845,363.84845,-27.307447
197,0.002508641,553.3393,553.3393,411.18863
198,0.002510153,634.009,469.70728,634.009
199,0.002511669,526.36975,526.36975,871.2785
200,0.002513225,315.11884,315.11884,548.0402
201,0.002514799,145.17302,145.17302,145.17302
202,0.002516331,123.66285,123.66285,10.12224
203,0.002517862,176.83585,176.83585,182.43085
204,0.002519395,195.43475,195.43475,195.43475
205,0.002520871,106.35826,106.35826,-100.11604
206,0.002522358,-47.475704,-47.475704,-193.05745
207,0.002523908,-199.10042,-24.021286,-199.10042
208,0.002525475,-276.99133,-276.99133,-308.8895
209,0.002527069,-271.54202,-271.54202,-544.99493
210,0.002528659,-189.75668,-189.75668,-189.75668
211,0.00253023,-51.88687,-51.88687,266.47772
212,0.002531791,87.1251,87.1251,497.67694
213,0.002533344,165.11052,165.11052,165.11052
214,0.00253492,142.84401,142.84401,-44.541824
215,0.002536515,71.65985,71.65985,-14.483229
216,0.002538131,31.719894,78.13025,31.719894
217,0.002539772,78.62115,78.62115,330.56363
218,0.002541417,144.20752,144.20752,594.93475
219,0.002543066,126.770676,126.770676,126.770676
220,0.002544692,-46.522663,-46.522663,-394.2684
221,0.002546324,-349.4383,-349.4383,-616.4051
222,0.002547979,-734.76447,-734.76447,-734.76447
223,0.00254962,-1121.7509,-1121.7509,-1219.8699
224,0.002551201,-1360.1311,-1360.1311,-1460.5966
225,0.002552741,-1320.4716,-1232.908,-1320.4716
226,0.002554293,-925.87085,-925.87085,-973.8895
227,0.00255592,-297.18256,-297.18256,-469.4559
228,0.002557564,317.57538,317.57538,317.57538
229,0.002559188,707.1433,707.1433,911.0519
230,0.002560774,871.08154,871.08154,944.55194
231,0.002562318,860.9543,860.9543,860.9543
232,0.002563855,721.6708,721.6708,570.8957
233,0.002565427,495.233,495.233,502.5832
234,0.002566999,236.91132,154.3101,236.91132
235,0.002568513,8.631036,8.631036,-101.15119
236,0.002570015,-146.57648,-146.57648,-195.56136
237,0.00257152,-179.54964,-179.54964,-179.54964
238,0.002573055,-63.962555,-63.962555,124.20427
239,0.002574632,109.20208,109.20208,290.49332
240,0.002576279,200.39177,200.39177,200.39177
241,0.002577913,99.7947,99.7947,-5.803541
242,0.002579448,-72.037346,-72.037346,-222.41682
243,0.002580961,-181.56136,-29.6311,-181.56136
244,0.002582473,-140.44841,-140.44841,122.282394
245,0.002583935,-12.795896,-12.795896,257.20428
246,0.002585389,112.45036,112.45036,112.45036
247,0.002586894,163.13025,163.13025,-252.65901
248,0.002588448,108.14283,108.14283,-361.45978
249,0.00258997,-59.975418,-59.975418,-59.975418
250,0.002591482,-326.11508,-326.11508,229.2121
251,0.002592995,-593.2008,-593.2008,-13.549636
252,0.002594506,-741.58093,-787.6185,-741.58093
253,0.002596024,-692.9108,-692.9108,-1029.0847
254,0.002597551,-531.4289,-531.4289,-906.702
255,0.002599027,-390.01447,-390.01447,-390.01447
256,0.002600492,-353.91425,-353.91425,-148.1551
257,0.002601996,-402.88196,-402.88196,-336.43246
258,0.002603495,-487.1551,-487.1551,-487.1551
259,0.002604932,-545.6577,-545.6577,-500.77618
260,0.002606343,-499.58182,-499.58182,-383.72153
261,0.002607748,-264.73325,-523.1898,-264.73325
262,0.002609175,197.52386,197.52386,-92.979324
263,0.002610673,705.83014,705.83014,370.22772
264,0.002612252,943.67694,943.67694,943.67694
265,0.00261388,646.53674,646.53674,682.1418
266,0.002615544,111.82399,111.82399,28.587084
267,0.002617217,-165.51448,-165.51448,-165.51448
268,0.002618863,141.71169,141.71169,532.7824
269,0.002620475,686.3182,686.3182,1017.29803
270,0.002622059,1007.5089,543.8913,1007.5089
271,0.002623669,803.02277,803.02277,534.2941
272,0.002625271,303.50317,303.50317,-44.95198
273,0.00262688,-122.17464,-122.17464,-122.17464
274,0.00262847,-202.44276,-202.44276,187.89958
275,0.002630063,-83.94177,-83.94177,279.31366
276,0.002631657,-8.686354,-8.686354,-8.686354
277,0.002633219,-145.02731,-145.02731,-483.96762
278,0.00263477,-387.09702,-387.09702,-680.2176
279,0.002636326,-571.50665,-681.34686,-571.50665
280,0.002637906,-559.4946,-559.4946,-437.04575
281,0.002639498,-324.80765,-324.80765,-316.3348
282,0.002641058,111.36052,111.36052,111.36052
283,0.002642607,699.38196,699.38196,459.70038
284,0.002644159,1248.5499,1248.5499,993.3527
285,0.002645742,1526.9425,1526.9425,1526.9425
286,0.002647344,1357.1699,1357.1699,1379.2473
287,0.002648946,919.6464,919.6464,774.67303
288,0.002650524,493.64957,146.81802,493.64957
289,0.002652118,266.21695,266.21695,764.12225
290,0.002653715,159.88301,159.88301,711.8214
291,0.002655281,25.848803,25.848803,25.848803
292,0.002656785,-219.28273,-219.28273,-342.0301
293,0.00265826,-470.38824,-470.38824,-492.49884
294,0.002659716,-588.25665,-588.25665,-588.25665
295,0.00266119,-465.1042,-465.1042,-483.85043
296,0.002662683,-100.89901,-100.89901,-57.76057
297,0.002664207,477.82535,102.66198,477.82535
298,0.002665781,1202.81,1202.81,1244.9191
299,0.002667376,1780.8055,1780.8055,1781.9192
300,0.002668975,1858.7042,1858.7042,1858.7042
301,0.002670574,1241.9603,1241.9603,1039.2942
302,0.002672176,348.30917,348.30917,235.60661
303,0.00267373,-238.18637,-238.18637,-238.18637
304,0.002675233,-199.08237,-199.08237,-28.01448
305,0.002676711,129.98746,129.98746,355.25113
306,0.002678209,307.3566,-10.734093,307.3566
307,0.002679729,5.2612762,5.2612762,-83.61213
308,0.002681258,-541.22473,-541.22473,-749.2801
309,0.00268276,-934.68243,-934.68243,-934.68243
310,0.002684291,-914.23334,-914.23334,-518.6082
311,0.002685877,-631.4332,-631.4332,-461.96368
312,0.002687477,-395.95197,-395.95197,-395.95197
313,0.002689099,-445.21347,-445.21347,-564.63947
314,0.002690706,-636.8807,-636.8807,-592.1707
315,0.002692284,-735.1083,-524.37445,-735.1083
316,0.002693875,-579.4149,-579.4149,-702.9285
317,0.002695502,-247.50217,-247.50217,-354.6434
318,0.00269714,101.38396,101.38396,101.38396
319,0.002698764,334.69574,334.69574,249.2863
320,0.002700381,465.4476,465.4476,557.5402
321,0.00270199,538.3879,538.3879,538.3879
322,0.00270362,574.67694,574.67694,453.7355
323,0.002705185,505.85797,505.85797,378.2238
324,0.002706694,261.673,275.769,261.673
325,0.002708143,-161.41109,-161.41109,-210.68636
326,0.002709598,-597.78204,-597.78204,-527.56525
327,0.002711148,-823.9246,-823.9246,-823.9246
328,0.002712748,-628.3807,-628.3807,-543.3465
329,0.002714289,-266.3983,-266.3983,-120.73714
330,0.002715809,-65.28792,-65.28792,-65.28792
331,0.002717362,-239.95958,-239.95958,-599.28796
332,0.002718952,-602.16907,-602.16907,-820.409
333,0.002720579,-819.1785,-949.6589,-819.1785
334,0.002722175,-628.9975,-628.9975,-554.1004
335,0.002723749,-161.76234,-161.76234,-149.30354
336,0.002725337,388.70816,388.70816,388.70816
337,0.002726944,839.22943,839.22943,538.98553
338,0.002728548,1072.2606,1072.2606,606.9113
339,0.002730184,993.23944,993.23944,993.23944
340,0.002731827,566.7842,566.7842,782.4504
341,0.002733456,53.09663,53.09663,10.344896
342,0.002735025,-228.26448,-14.028603,-228.26448
343,0.002736578,-109.69286,-109.69286,232.26678
344,0.002738124,216.22665,216.22665,588.6965
345,0.002739698,475.95425,475.95425,475.95425
346,0.002741277,447.3371,447.3371,91.0324
347,0.002742863,207.6332,207.6332,-72.479324
348,0.002744455,-88.40901,-88.40901,-88.40901
349,0.002746019,-300.005,-300.005,-296.0184
350,0.002747564,-380.1612,-380.1612,-483.05746
351,0.002749097,-302.02618,-365.86398,-302.02618
352,0.002750614,-67.59501,-67.59501,395.43082
353,0.002752129,214.18314,214.18314,802.2668
354,0.002753649,408.19644,408.19644,408.19644
355,0.002755155,412.15134,412.15134,-90.43635
356,0.002756622,269.90433,269.90433,-83.00276
357,0.002758095,47.98552,47.98552,47.98552
358,0.002759641,-202.98451,-202.98451,-74.75667
359,0.002761218,-424.04678,-424.04678,-383.54962
360,0.00276274,-555.909,-689.44214,-555.909
361,0.002764237,-571.99347,-571.99347,-422.46368
362,0.002765751,-479.5582,-479.5582,-288.29184
363,0.002767298,-289.24496,-289.24496,-289.24496
364,0.002768857,-14.414182,-14.414182,-295.18246
365,0.002770426,341.8185,341.8185,59.766773
366,0.002772027,785.74335,785.74335,785.74335
367,0.00277361,1273.5028,1273.5028,1470.9152
368,0.0027752,1663.3453,1663.3453,1754.4073
369,0.002776812,1772.88,1172.6112,1772.88
370,0.002778453,1472.6263,1472.6263,1664.2942
371,0.002780077,944.48694,944.48694,1230.9231
372,0.002781714,433.00897,433.00897,433.00897
373,0.002783333,138.29622,138.29622,-11.366041
374,0.002784947,7.8076243,7.8076243,-26.31526
375,0.002786556,-63.756664,-63.756664,-63.756664
376,0.002788159,-149.98679,-149.98679,-70.7762
377,0.002789756,-204.94905,-204.94905,-169.40901
378,0.002791346,-154.48323,-422.93158,-154.48323
379,0.002792957,47.71671,47.71671,239.26677
380,0.002794601,324.7209,324.7209,554.9543
381,0.002796203,548.00507,548.00507,548.00507
382,0.00279778,633.3614,633.3614,455.93866
383,0.002799363,581.63116,581.63116,359.9894
384,0.00280096,408.4699,408.4699,408.4699
385,0.0028026,149.46342,149.46342,168.2785
386,0.002804235,-43.469368,-43.469368,60.33318
387,0.002805899,5.551927,27.787693,5.551927
388,0.002807558,403.19693,403.19693,412.0207
389,0.002809228,945.1587,945.1587,1077.1887
390,0.002810897,1339.1262,1339.1262,1339.1262
391,0.002812535,1379.331,1379.331,1168.841
392,0.002814129,1195.0553,1195.0553,1058.2747
393,0.002815643,977.49725,977.49725,977.49725
394,0.002817149,838.8513,838.8513,1043.3448
395,0.002818703,759.65344,759.65344,935.8215
396,0.002820181,695.7081,315.3726,695.7081
397,0.002821624,601.0845,601.0845,382.43085
398,0.002823084,440.57962,440.57962,213.00114
399,0.0028246,172.88396,172.88396,172.88396
400,0.002826143,-197.59154,-197.59154,-269.4012
401,0.002827719,-496.35135,-496.35135,-530.2098
402,0.00282929,-486.1395,-486.1395,-486.1395
403,0.002830752,-93.84781,-93.84781,19.782396
404,0.002832172,369.79233,369.79233,656.56366
405,0.002833586,561.67694,489.8348,561.67694
406,0.00283501,253.05922,253.05922,6.012865
407,0.002836491,-330.29398,-330.29398,-687.31915
408,0.002838047,-779.1043,-779.1043,-779.1043
409,0.002839724,-696.2268,-696.2268,-612.8544
410,0.002841404,-275.91226,-275.91226,125.37224
411,0.002843107,69.31365,69.31365,69.31365
412,0.002844802,26.873104,26.873104,-22.522291
413,0.002846457,-213.76802,-213.76802,-328.12384
414,0.002848093,-366.69415,-353.90894,-366.69415
415,0.00284977,-236.56705,-236.56705,-419.3231
416,0.002851443,40.36574,40.36574,64.04411
417,0.00285308,235.19647,235.19647,235.19647
418,0.002854686,208.09097,208.09097,372.7785
419,0.002856287,72.969765,72.969765,56.17693
420,0.002857917,-0.9402601,-0.9402601,-0.9402601
421,0.002859529,109.229294,109.229294,-116.073074
422,0.002861113,304.2167,304.2167,317.04413
423,0.002862741,445.93472,425.1736,445.93472
424,0.00286439,422.98376,422.98376,145.43083
425,0.002866072,315.39243,315.39243,-180.95198
426,0.002867685,262.40738,262.40738,262.40738
427,0.002869233,345.97894,345.97894,776.5832
428,0.002870789,528.0052,528.0052,819.2199
429,0.002872374,747.0246,747.0246,747.0246
430,0.002873986,931.473,931.473,519.8293
431,0.002875591,993.6306,993.6306,657.23157
432,0.002877173,852.9621,816.5534,852.9621
433,0.002878719,496.30286,496.30286,549.62225
434,0.00288033,100.08944,100.08944,-33.18245
435,0.002881947,-49.17854,-49.17854,-49.17854
436,0.002883539,210.43558,210.43558,95.5988
437,0.002885139,606.7561,606.7561,570.3918
438,0.002886716,759.2082,759.2082,759.2082
439,0.002888296,431.95685,431.95685,249.00116
440,0.002889876,-115.27361,-115.27361,-414.36212
441,0.002891475,-498.56134,-231.09889,-498.56134
442,0.002893081,-437.12146,-437.12146,166.2238
443,0.002894662,-166.8927,-166.8927,368.49722
444,0.00289623,-35.428543,-35.428543,-35.428543
445,0.002897815,-280.42303,-280.42303,-530.4129
446,0.002899426,-735.1197,-735.1197,-776.94025
447,0.002901079,-1108.4012,-1108.4012,-1108.4012
448,0.00290275,-1143.4109,-1143.4109,-1323.8739
449,0.002904365,-902.411,-902.411,-1069.7255
450,0.002905924,-527.3348,-712.9114,-527.3348
451,0.002907441,-137.17719,-137.17719,-539.13947
452,0.002908936,148.54807,148.54807,-175.2137
453,0.002910427,210.80974,210.80974,210.80974
454,0.002911904,-4.302769,-4.302769,86.9699
455,0.002913405,-296.80566,-296.80566,-186.67073
456,0.002914938,-383.2059,-383.2059,-383.2059
457,0.002916503,-50.634777,-50.634777,-343.75665
458,0.002918071,484.3289,484.3289,218.23943
459,0.002919636,888.4777,548.39606,888.4777
460,0.0029212,921.30304,921.30304,1025.3333
461,0.002922769,696.9003,696.9003,678.3332
462,0.002924295,426.57928,426.57928,426.57928
463,0.002925857,257.80386,257.80386,250.17693
464,0.002927427,209.21101,209.21101,183.0988
465,0.002928982,254.76286,254.76286,254.76286
466,0.002930545,354.1825,354.1825,85.11053
467,0.002932134,409.80313,409.80313,-3.1316664
468,0.002933743,299.80582,376.2195,299.80582
469,0.002935374,-41.95954,-41.95954,252.98943
470,0.002937052,-425.45264,-425.45264,-169.74884
471,0.002938745,-555.8973,-555.8973,-555.8973
472,0.002940357,-270.11514,-270.11514,-548.5965
473,0.002941929,169.50218,169.50218,-86.936356
474,0.002943532,455.80972,455.80972,455.80972
475,0.002945169,346.91537,346.91537,778.6652
476,0.002946827,20.995985,20.995985,518.48944
477,0.002948439,-209.12386,-205.14963,-209.12386
478,0.002950037,-156.74686,-156.74686,-574.94806
479,0.002951591,7.7385693,7.7385693,-284.92853
480,0.00295313,51.012867,51.012867,51.012867
481,0.002954665,-169.75948,-169.75948,-158.24103
482,0.00295618,-476.42258,-476.42258,-576.3426
483,0.00295771,-626.06525,-626.06525,-626.06525
484,0.002959295,-427.944,-427.944,-331.2176
485,0.002960943,5.942527,5.942527,163.42693
486,0.002962635,432.6535,-78.922676,432.6535
487,0.002964325,622.8469,622.8469,284.66913
488,0.002966004,567.2261,567.2261,292.84097
489,0.002967622,320.70425,320.70425,320.70425
490,0.002969129,-19.095264,-19.095264,73.00896
491,0.002970619,-292.14667,-292.14667,-245.06136
492,0.0029721,-312.2098,-312.2098,-312.2098
493,0.002973569,27.766993,27.766993,103.54411
494,0.002975075,559.4797,559.4797,794.3527
495,0.002976614,1013.48944,292.3073,1013.48944
496,0.002978167,1153.2092,1153.2092,962.03625
497,0.002979757,1000.9072,1000.9072,905.0324
498,0.002981368,650.6496,650.6496,650.6496
499,0.00298299,212.50966,212.50966,353.0441
500,0.002984646,-197.75748,-197.75748,-18.635572
501,0.002986259,-437.8895,-437.8895,-437.8895
502,0.002987877,-450.96237,-450.96237,-526.8543
503,0.002989456,-378.7305,-378.7305,-404.4129
504,0.002991055,-406.22153,-312.76505,-406.22153
505,0.002992686,-647.7477,-647.7477,-716.2098
506,0.002994301,-880.0492,-880.0492,-922.9832
507,0.002995885,-812.1707,-812.1707,-812.1707
508,0.00299746,-280.44257,-280.44257,-141.10042
509,0.002999069,473.3568,473.3568,795.5793
510,0.003000674,1054.4972,1054.4972,1054.4972
511,0.003002272,1162.4672,1162.4672,509.30585
512,0.003003844,832.09784,832.09784,193.00505
513,0.003005427,162.31364,828.5786,162.31364
514,0.003007006,-698.5092,-698.5092,-78.85042
515,0.003008525,-1409.4036,-1409.4036,-906.1121
516,0.003010055,-1675.245,-1675.245,-1675.245
517,0.003011648,-1255.3221,-1255.3221,-1742.6434
518,0.00301333,-408.42035,-408.42035,-784.7957
519,0.003015017,312.22772,312.22772,312.22772
520,0.003016671,495.83893,495.83893,771.0832
521,0.003018277,335.63095,335.63095,529.9504
522,0.003019896,125.477715,304.6078,125.477715
523,0.003021505,84.49639,84.49639,-252.99886
524,0.003023117,152.43056,152.43056,55.040207
525,0.003024735,201.36443,201.36443,201.36443
526,0.003026363,137.17181,137.17181,-129.11995
527,0.003027903,18.911356,18.911356,-282.53403
528,0.003029365,-74.73714,-74.73714,-74.73714
529,0.003030819,-95.04127,-95.04127,72.43865
530,0.003032294,-30.19255,-30.19255,236.98944
531,0.003033794,124.344894,-6.659173,124.344894
532,0.003035279,351.0705,351.0705,627.99725
533,0.003036721,572.6505,572.6505,874.1886
534,0.003038172,715.42303,715.42303,715.42303
535,0.003039705,718.2036,718.2036,472.98163
536,0.003041297,615.195,615.195,238.51288
537,0.003042929,489.5207,489.5207,489.5207
538,0.003044601,404.3348,404.3348,856.29803
539,0.00304628,291.7707,291.7707,805.4738
540,0.003047943,49.176926,66.274994,49.176926
541,0.003049596,-368.8906,-368.8906,-781.5965
542,0.00305125,-790.3827,-790.3827,-1168.1628
543,0.003052911,-986.53015,-986.53015,-986.53015
544,0.00305454,-809.66406,-809.66406,-543.63556
545,0.003056116,-436.25836,-436.25836,-216.69026
546,0.003057669,-79.81526,-79.81526,-79.81526
547,0.003059224,100.53859,100.53859,307.5246
548,0.003060817,84.16883,84.16883,137.86833
549,0.00306244,-120.65901,-188.40573,-120.65901
550,0.003064064,-460.35,-460.35,-324.18637
551,0.003065667,-742.4752,-742.4752,-250.9676
552,0.003067254,-757.6981,-757.6981,-757.6981
553,0.003068823,-397.67242,-397.67242,-1098.3895
554,0.003070361,86.89787,86.89787,-358.5106
555,0.003071874,388.95038,388.95038,388.95038
556,0.00307334,319.80057,319.80057,690.31366
557,0.003074821,35.18287,35.18287,162.37614
558,0.00307631,-232.00276,150.69269,-232.00276
559,0.003077858,-287.58313,-287.58313,-69.092606
560,0.003079462,-111.74788,-111.74788,356.1144
561,0.003081068,240.25896,240.25896,240.25896
562,0.003082647,677.8961,677.8961,69.54021
563,0.003084297,1062.6588,1062.6588,237.5363
564,0.003086009,1173.1497,1173.1497,1173.1497
565,0.003087671,871.4255,871.4255,1214.3058
566,0.003089261,387.97678,387.97678,501.6027
567,0.003090835,-33.57698,157.71674,-33.57698
568,0.003092438,-227.2902,-227.2902,-71.03401
569,0.003094016,-281.08194,-281.08194,65.208176
570,0.003095541,-354.86212,-354.86212,-354.86212
571,0.00309707,-543.3951,-543.3951,-840.1512
572,0.003098619,-726.0674,-726.0674,-1017.4364
573,0.003100177,-717.6903,-717.6903,-717.6903
574,0.003101772,-379.6107,-379.6107,-16.916822
575,0.003103396,183.16847,183.16847,671.2043
576,0.003105012,772.4582,220.65318,772.4582
577,0.003106609,1210.2744,1210.2744,952.466
578,0.003108177,1383.817,1383.817,1166.6067
579,0.003109716,1208.5948,1208.5948,1208.5948
580,0.003111252,656.6173,656.6173,757.7004
581,0.003112829,-84.79976,-84.79976,85.126144
582,0.003114393,-713.0223,-713.0223,-713.0223
583,0.003115905,-1016.9353,-1016.9353,-1074.3972
584,0.003117343,-1083.9913,-1083.9913,-1121.7527
585,0.003118763,-1045.9442,-1139.1445,-1045.9442
586,0.003120193,-985.99725,-985.99725,-1095.0183
587,0.003121699,-887.42377,-887.42377,-970.6239
588,0.003123265,-704.69025,-704.69025,-704.69025
589,0.003124798,-425.1578,-425.1578,-68.23323
590,0.003126322,-109.57773,-109.57773,124.72771
591,0.003127871,166.03632,166.03632,166.03632
592,0.003129476,335.30402,335.30402,-129.24495
593,0.003131106,402.93317,402.93317,2.4308338
594,0.003132698,405.1144,507.7048,405.1144
595,0.003134258,373.89758,373.89758,805.0129
596,0.00313576,308.7397,308.7397,532.0402
597,0.003137206,203.1496,203.1496,203.1496
598,0.003138644,57.39957,57.39957,-86.45979
599,0.0031401,-86.435585,-86.435585,-61.143383
600,0.003141618,-171.22151,-171.22151,-171.22151
601,0.003143148,-149.95815,-149.95815,-21.213697
602,0.003144673,-81.38171,-81.38171,123.16521
603,0.003146237,-49.819168,67.69895,-49.819168
604,0.003147861,-120.37572,-120.37572,-180.92464
605,0.003149512,-226.61092,-226.61092,-193.59651
606,0.003151127,-259.04184,-259.04184,-259.04184
607,0.003152707,-158.43488,-158.43488,-18.299635
608,0.003154304,-7.76059,-7.76059,279.99332
609,0.003155944,70.301926,70.301926,70.301926
610,0.003157598,-26.241175,-26.241175,-195.89731
611,0.003159223,-246.24783,-246.24783,-349.08087
612,0.003160845,-509.23325,-373.1132,-509.23325
613,0.003162479,-746.88104,-746.88104,-747.2528
614,0.003164128,-925.6228,-925.6228,-873.3817
615,0.003165749,-1018.4129,-1018.4129,-1018.4129
616,0.003167361,-1014.06256,-1014.06256,-838.5106
617,0.003168951,-930.1684,-930.1684,-626.06915
618,0.003170494,-793.9168,-793.9168,-793.9168
619,0.003172004,-623.46716,-623.46716,-613.1629
620,0.003173493,-417.39618,-417.39618,-572.87775
621,0.00317501,-162.28792,-472.83347,-162.28792
622,0.003176578,136.35172,136.35172,113.14958
623,0.003178168,381.43774,381.43774,435.548
624,0.003179744,453.0207,453.0207,453.0207
625,0.003181313,287.6334,287.6334,135.45427
626,0.003182882,1.8927026,1.8927026,61.383957
627,0.003184429,-240.42464,-240.42464,-240.42464
628,0.003185988,-334.80984,-334.80984,-512.0262
629,0.003187559,-357.99344,-357.99344,-394.90512
630,0.003189131,-437.8231,-285.18872,-437.8231
631,0.003190696,-647.3303,-647.3303,-354.7762
632,0.003192205,-837.3739,-837.3739,-645.3348
633,0.003193704,-835.82697,-835.82697,-835.82697
634,0.003195239,-519.94,-519.94,-922.9676
635,0.003196814,-13.509883,-13.509883,-416.25278
636,0.003198358,449.64178,449.64178,449.64178
637,0.003199888,714.65533,714.65533,1024.5753
638,0.003201456,813.0907,813.0907,979.1652
639,0.003203047,812.7004,838.39905,812.7004
640,0.003204629,767.6048,767.6048,841.0793
641,0.003206223,634.8968,634.8968,642.04803
642,0.0032078,351.51678,351.51678,351.51678
643,0.003209369,-101.08966,-101.08966,-282.74106
644,0.003210919,-561.6777,-561.6777,-764.21375
645,0.003212438,-837.909,-837.909,-837.909
646,0.003213942,-806.4196,-806.4196,-613.366
647,0.003215501,-513.54114,-513.54114,-307.37778
648,0.003217121,-49.959793,-236.99702,-49.959793
649,0.003218738,444.66483,444.66483,279.69644
650,0.003220357,825.8829,825.8829,830.43866
651,0.003221928,945.1417,945.1417,945.1417
652,0.00322347,734.44586,734.44586,325.06757
653,0.003225039,289.82648,289.82648,-168.82307
654,0.003226643,-245.76448,-245.76448,-245.76448
655,0.003228243,-718.36115,-718.36115,-210.87776
656,0.003229798,-1053.1797,-1053.1797,-642.77234
657,0.003231306,-1216.9794,-1279.7778,-1216.9794
658,0.003232794,-1198.0134,-1198.0134,-1518.4012
659,0.00323431,-1034.7935,-1034.7935,-1161.5028
660,0.003235882,-774.0223,-774.0223,-774.0223
661,0.003237486,-476.6855,-476.6855,-507.6981
662,0.003239096,-206.51968,-206.51968,-275.11606
663,0.003240746,-20.631668,-20.631668,-20.631668
664,0.003242382,28.267525,28.267525,95.583176
665,0.003243994,-30.722115,-30.722115,-67.72542
666,0.003245594,-153.63167,-138.50414,-153.63167
667,0.003247216,-298.24045,-298.24045,-78.260574
668,0.003248856,-401.74683,-401.74683,-207.10042
669,0.003250498,-394.0731,-394.0731,-394.0731
670,0.00325214,-235.16646,-235.16646,-38.143387
671,0.003253746,-5.361754,-5.361754,331.9582
672,0.003255291,193.9113,193.9113,193.9113
673,0.003256808,301.06036,301.06036,-175.13948
674,0.003258336,323.47534,323.47534,-207.72151
675,0.003259917,278.55585,488.3196,278.55585
676,0.003261523,192.2139,192.2139,774.62225
677,0.003263148,121.60349,121.60349,638.47375
678,0.003264765,133.55583,133.55583,133.55583
679,0.003266412,270.22507,270.22507,-335.58868
680,0.00326807,465.02286,465.02286,-54.842606
681,0.003269745,620.3878,620.3878,620.3878
682,0.003271438,660.74915,660.74915,1202.1027
683,0.003273143,621.3723,621.3723,1670.5948
684,0.003274838,569.3371,657.682,569.3371
685,0.003276522,547.9235,547.9235,-413.50278
686,0.0032782,508.43298,508.43298,-276.05743
687,0.003279856,382.72382,382.72382,382.72382
688,0.003281501,137.97281,137.97281,668.23553
689,0.003283177,-133.50552,-133.50552,348.18866
690,0.003284806,-289.11212,-289.11212,-289.11212
691,0.003286391,-257.10938,-257.10938,-316.159
692,0.003287965,-129.47437,-129.47437,-176.87386
693,0.003289548,-28.823072,65.47564,-28.823072
694,0.003291146,-52.30756,-52.30756,-225.30354
695,0.003292714,-178.14932,-178.14932,-414.46368
696,0.003294266,-356.69806,-356.69806,-356.69806
697,0.00329582,-540.8133,-540.8133,7.1456776
698,0.003297399,-672.07983,-672.07983,-13.100416
699,0.003299004,-680.866,-680.866,-680.866
700,0.003300664,-507.13113,-507.13113,-1025.9403
701,0.003302321,-182.75143,-182.75143,-431.21368
702,0.003303969,234.18083,81.527534,234.18083
703,0.003305595,675.719,675.719,710.1417
704,0.003307233,1054.7421,1054.7421,939.2824
705,0.003308863,1262.4581,1262.4581,1262.4581
706,0.003310497,1234.1268,1234.1268,1369.7747
707,0.003312114,1053.5641,1053.5641,1168.3683
708,0.003313692,842.3254,842.3254,842.3254
709,0.003315211,687.43036,687.43036,559.05194
710,0.003316706,577.5479,577.5479,478.39178
711,0.003318132,489.98944,426.03952,489.98944
712,0.003319529,401.5089,401.5089,404.89957
713,0.003320942,295.89636,295.89636,360.51288
714,0.003322378,159.5363,159.5363,159.5363
715,0.00332385,-15.99408,-15.99408,-188.45198
716,0.003325402,-211.9288,-211.9288,-436.01056
717,0.003327018,-386.3504,-386.3504,-386.3504
718,0.003328627,-488.33438,-488.33438,-104.76839
719,0.003330254,-482.12967,-482.12967,-53.830887
720,0.003331916,-325.59653,-253.24617,-325.59653
721,0.003333553,-20.386234,-20.386234,-457.2645
722,0.0033352,303.36044,303.36044,-183.51057
723,0.003336909,475.5402,475.5402,475.5402
724,0.003338652,355.66302,355.66302,909.2316
725,0.003340384,91.79534,91.79534,567.3918
726,0.003342059,-94.53401,-94.53401,-94.53401
727,0.003343729,-64.73856,-64.73856,-325.5106
728,0.003345276,105.98985,105.98985,-68.83089
729,0.003346787,320.94647,271.28827,320.94647
730,0.003348273,503.64172,503.64172,466.09488
731,0.003349772,597.8344,597.8344,581.091
732,0.003351342,536.3527,536.3527,536.3527
733,0.003352986,255.23912,255.23912,339.9113
734,0.00335466,-179.87761,-179.87761,22.141771
735,0.003356278,-638.44415,-638.44415,-638.44415
736,0.003357894,-1022.8923,-1022.8923,-1078.6747
737,0.003359535,-1189.7722,-1189.7722,-1242.5535
738,0.003361166,-975.1278,-902.3969,-975.1278
739,0.003362775,-319.13116,-319.13116,38.19646
740,0.00336439,527.4194,527.4194,1119.0989
741,0.003366032,1232.7122,1232.7122,1232.7122
742,0.003367653,1505.7742,1505.7742,766.4386
743,0.003369229,1402.9163,1402.9163,562.7316
744,0.003370789,1047.712,1047.712,1047.712
745,0.003372316,565.3061,565.3061,826.05194
746,0.003373894,87.679756,87.679756,157.89958
747,0.003375474,-192.53012,106.76106,-192.53012
748,0.003377005,-180.51114,-180.51114,-172.24104
749,0.003378509,-98.23858,-98.23858,-2.9636977
750,0.003379985,-210.6434,-210.6434,-210.6434
751,0.003381438,-655.8805,-655.8805,-574.5692
752,0.003382925,-1183.2114,-1183.2114,-971.01447
753,0.003384475,-1395.6044,-1395.6044,-1395.6044
754,0.003386087,-959.5241,-959.5241,-1237.7684
755,0.003387659,-245.60077,-245.60077,-507.61996
756,0.003389199,239.60661,-124.457,239.60661
757,0.003390716,189.69772,189.69772,232.94255
758,0.00339226,-121.7094,-121.7094,32.508957
759,0.003393846,-260.0301,-260.0301,-260.0301
760,0.003395439,116.42328,116.42328,-126.26839
761,0.003397046,784.2662,784.2662,628.37225
762,0.003398618,1351.177,1351.177,1351.177
763,0.003400134,1546.928,1546.928,1359.5168
764,0.003401623,1417.029,1417.029,1283.5753
765,0.003403135,1041.2473,926.9131,1041.2473
766,0.003404677,509.2073,509.2073,479.1457
767,0.003406249,-3.9511993,-3.9511993,-84.88167
768,0.003407809,-280.56137,-280.56137,-280.56137
769,0.00340935,-190.58395,-190.58395,-170.79573
770,0.003410926,149.03568,149.03568,222.82538
771,0.003412518,547.4035,547.4035,547.4035
772,0.003414044,820.76483,820.76483,870.86053
773,0.003415542,938.63416,938.63416,1178.7825
774,0.003417058,886.4543,890.2034,886.4543
775,0.003418616,662.7399,662.7399,906.7511
776,0.003420165,398.27383,398.27383,607.31366
777,0.003421725,250.11053,250.11053,250.11053
778,0.003423297,327.42426,327.42426,414.0871
779,0.0034249,516.7818,516.7818,474.5949
780,0.003426511,632.7941,632.7941,632.7941
781,0.003428121,542.61884,542.61884,662.54803
782,0.003429761,337.82346,337.82346,441.1613
783,0.003431413,178.19646,365.31018,178.19646
784,0.003433072,185.43971,185.43971,195.97772
785,0.003434744,304.1596,304.1596,449.60663
786,0.003436402,429.66132,429.66132,429.66132
787,0.003438054,480.4119,480.4119,256.23553
788,0.003439657,455.5776,455.5776,334.16913
789,0.003441214,376.01678,376.01678,376.01678
790,0.003442768,259.28683,259.28683,331.74725
791,0.003444345,133.65575,133.65575,139.67693
792,0.00344593,35.133957,173.46455,35.133957
793,0.003447525,-10.134282,-10.134282,-178.19026
794,0.003449135,-15.067841,-15.067841,-72.88167
795,0.00345077,-3.1629164,-3.1629164,-3.1629164
796,0.003452444,1.0268768,1.0268768,-183.30743
797,0.003454112,-25.580194,-25.580194,-435.75668
798,0.003455768,-104.11213,-104.11213,-104.11213
799,0.003457411,-228.9577,-228.9577,204.20036
800,0.003459039,-293.3804,-293.3804,42.868332
801,0.003460682,-166.72542,-167.31024,-166.72542
802,0.003462321,204.88058,204.88058,17.415209
803,0.003463907,553.318,553.318,414.94647
804,0.003465468,584.0402,584.0402,584.0402
805,0.003467039,122.243126,122.243126,415.44257
806,0.003468635,-553.37195,-553.37195,-366.62775
807,0.003470239,-1012.6082,-1012.6082,-1012.6082
808,0.003471804,-952.51794,-952.51794,-1205.6669
809,0.003473352,-582.95667,-582.95667,-829.76447
810,0.003474915,-201.65121,-562.85675,-201.65121
811,0.003476472,-49.481148,-49.481148,126.14178
812,0.003478015,-86.86087,-86.86087,246.41913
813,0.00347953,-206.5223,-206.5223,-206.5223
814,0.003480998,-324.67722,-324.67722,-547.9715
815,0.003482433,-432.9137,-432.9137,-730.64734
816,0.003483905,-543.2879,-543.2879,-543.2879
817,0.003485424,-655.53906,-655.53906,-168.06136
818,0.003487,-734.13257,-734.13257,-36.74495
819,0.003488581,-727.6707,-462.08276,-727.6707
820,0.003490141,-614.8877,-614.8877,-690.6903
821,0.003491698,-468.38638,-468.38638,-236.67073
822,0.003493251,-382.7684,-382.7684,-382.7684
823,0.003494828,-414.8981,-414.8981,-503.7098
824,0.00349647,-468.43765,-468.43765,-465.66684
825,0.003498128,-386.28793,-386.28793,-386.28793
826,0.003499766,-74.44059,-74.44059,-225.90512
827,0.003501404,319.2343,319.2343,174.74724
828,0.003503049,587.009,609.2704,587.009
829,0.003504719,585.1616,585.1616,557.12225
830,0.003506319,460.91287,460.91287,396.50894
831,0.003507877,412.96988,412.96988,412.96988
832,0.003509437,559.23126,559.23126,520.62225
833,0.003511047,787.79504,787.79504,794.3332
834,0.003512715,900.7824,900.7824,900.7824
835,0.00351436,745.3342,745.3342,797.65344
836,0.003516007,447.21213,447.21213,478.1535
837,0.003517671,195.13786,398.9667,195.13786
838,0.003519371,142.93723,142.93723,132.69646
839,0.003521072,260.87665,260.87665,251.8488
840,0.003522735,458.36835,458.36835,458.36835
841,0.003524408,663.91473,663.91473,819.6027
842,0.003526053,825.6957,825.6957,1077.4503
843,0.00352766,906.6457,906.6457,906.6457
844,0.003529269,882.23553,882.23553,712.24335
845,0.003530866,758.6302,758.6302,697.80975
846,0.003532489,545.24335,415.88394,545.24335
847,0.003534132,268.07547,268.07547,10.438645
848,0.003535772,18.195774,18.195774,-279.28403
849,0.003537402,-101.86604,-101.86604,-101.86604
850,0.003539046,-32.41283,-32.41283,300.48553
851,0.003540688,122.67546,122.67546,465.14175
852,0.003542334,216.70427,216.70427,216.70427
853,0.003543986,139.01373,139.01373,-183.35822
854,0.003545639,-68.32438,-68.32438,-368.76837
855,0.003547305,-325.9598,-115.33194,-325.9598
856,0.003548984,-554.4755,-554.4755,-391.81915
857,0.00355063,-683.95636,-683.95636,-616.20197
858,0.003552236,-662.8778,-662.8778,-662.8778
859,0.003553841,-469.19693,-469.19693,-305.6434
860,0.003555471,-185.63689,-185.63689,-131.3348
861,0.00355712,67.30974,67.30974,67.30974
862,0.00355877,183.59868,183.59868,342.11053
863,0.003560438,147.7987,147.7987,384.48163
864,0.00356211,-34.3387,90.39682,-34.3387
865,0.003563724,-304.16125,-304.16125,-547.2879
866,0.00356531,-472.68173,-472.68173,-778.12775
867,0.003566872,-332.48322,-332.48322,-332.48322
868,0.003568411,215.44646,215.44646,461.5949
869,0.003569946,915.2015,915.2015,1190.5988
870,0.003571511,1432.2745,1432.2745,1432.2745
871,0.003573089,1486.322,1486.322,1142.2083
872,0.003574703,1183.2828,1183.2828,790.2902
873,0.003576333,746.18085,957.8055,746.18085
874,0.003577953,387.93994,387.93994,748.06757
875,0.00357961,185.17105,185.17105,431.9269
876,0.003581298,204.17693,204.17693,204.17693
877,0.003583028,463.11682,463.11682,289.80585
878,0.003584665,734.47766,734.47766,659.75116
879,0.003586221,799.6613,799.6613,799.6613
880,0.003587756,553.34717,553.34717,403.02847
881,0.003589316,160.00267,160.00267,22.680834
882,0.003590929,-131.80354,-60.850876,-131.80354
883,0.003592535,-107.79315,-107.79315,82.407394
884,0.003594143,131.72726,131.72726,407.32144
885,0.003595751,412.56366,412.56366,412.56366
886,0.003597368,595.16473,595.16473,191.09099
887,0.003599019,674.8395,674.8395,164.30585
888,0.003600687,679.0207,679.0207,679.0207
889,0.003602368,635.9027,635.9027,1148.5012
890,0.003604077,558.56696,558.56696,928.06757
891,0.003605806,457.57925,375.41885,457.57925
892,0.003607536,336.85684,336.85684,305.98944
893,0.003609246,167.7859,167.7859,82.27849
894,0.003610972,-92.1512,-92.1512,-92.1512
895,0.003612662,-441.08475,-441.08475,-271.59653
896,0.003614253,-752.8689,-752.8689,-517.68243
897,0.00361584,-924.995,-924.995,-924.995
898,0.003617421,-873.2407,-873.2407,-1185.7528
899,0.003619009,-648.0031,-648.0031,-1013.7762
900,0.003620615,-330.8973,-474.3472,-330.8973
901,0.00362221,-4.7875967,-4.7875967,226.5324
902,0.003623837,298.04584,298.04584,434.84097
903,0.003625486,541.49725,541.49725,541.49725
904,0.003627095,691.4568,691.4568,749.06366
905,0.003628656,752.4178,752.4178,781.259
906,0.003630196,734.74335,734.74335,734.74335
907,0.00363172,646.8485,646.8485,602.2316
908,0.003633237,503.63538,503.63538,462.58707
909,0.003634781,317.11832,351.56894,317.11832
910,0.003636371,101.53338,101.53338,276.20428
911,0.003637983,-112.73169,-112.73169,62.844894
912,0.00363961,-292.80746,-292.80746,-292.80746
913,0.003641268,-412.66928,-412.66928,-507.3387
914,0.003642968,-470.31625,-470.31625,-543.63556
915,0.003644695,-470.31528,-470.31528,-470.31528
916,0.003646425,-420.01602,-420.01602,-646.3973
917,0.003648167,-325.8113,-325.8113,-558.18243
918,0.003649917,-194.14337,-100.869835,-194.14337
919,0.003651644,-51.459118,-51.459118,175.75896
920,0.003653386,12.955383,12.955383,124.157394
921,0.003655077,-105.07307,-105.07307,-105.07307
922,0.003656731,-437.69162,-437.69162,-226.22151
923,0.003658337,-806.1318,-806.1318,-589.9872
924,0.003659907,-1012.4169,-1012.4169,-1012.4169
925,0.003661514,-923.6211,-923.6211,-929.9832
926,0.003663144,-611.0135,-611.0135,-483.78403
927,0.003664749,-227.18243,-398.6621,-227.18243
928,0.003666299,97.27021,97.27021,-120.36214
929,0.003667851,324.47464,324.47464,-104.16291
930,0.003669423,418.45428,418.45428,418.45428
931,0.003671005,350.95862,350.95862,1118.5675
932,0.003672596,149.81258,149.81258,873.7707
933,0.003674187,-140.35042,-140.35042,-140.35042
934,0.00367577,-463.55334,-463.55334,-1029.866
935,0.003677367,-731.0848,-731.0848,-1229.4636
936,0.003678993,-835.8543,-416.32278,-835.8543
937,0.003680596,-702.92444,-702.92444,-569.7723
938,0.003682202,-407.77002,-407.77002,-256.2723
939,0.003683853,-50.467606,-50.467606,-50.467606
940,0.003685506,251.41008,251.41008,-141.5262
941,0.003687146,415.26132,415.26132,75.426926
942,0.003688785,371.5832,371.5832,371.5832
943,0.003690415,95.142555,95.142555,240.48943
944,0.003692047,-264.37753,-264.37753,-306.07306
945,0.00369367,-511.50275,-399.01645,-511.50275
946,0.00369521,-527.2539,-527.2539,-336.62778
947,0.003696687,-454.22015,-454.22015,-225.26448
948,0.003698164,-456.284,-456.284,-456.284
949,0.003699664,-634.30725,-634.30725,-601.5457
950,0.00370121,-836.7378,-836.7378,-866.40906
951,0.003702829,-808.20984,-808.20984,-808.20984
952,0.0037045,-342.87357,-342.87357,-138.75667
953,0.003706177,308.94202,308.94202,591.5363
954,0.003707885,777.0597,374.38455,777.0597
955,0.003709599,765.2762,765.2762,524.009
956,0.003711269,442.7296,442.7296,219.52458
957,0.003712942,67.37224,67.37224,67.37224
958,0.003714635,-162.63704,-162.63704,58.09099
959,0.003716328,-261.0652,-261.0652,-286.07697
960,0.003718006,-302.33478,-302.33478,-302.33478
961,0.003719652,-333.471,-333.471,-176.54573
962,0.003721311,-296.5536,-296.5536,-104.002754
963,0.003722931,-112.5887,-373.0692,-112.5887
964,0.003724455,220.2054,220.2054,77.07146
965,0.003725932,538.29767,538.29767,457.95038
966,0.003727411,661.3215,661.3215,661.3215
967,0.003728938,463.20554,463.20554,544.8527
968,0.003730488,127.217285,127.217285,277.28238
969,0.003732006,-56.006668,-56.006668,-56.006668
970,0.003733526,93.5808,93.5808,-216.09651
971,0.003735099,429.5671,429.5671,-31.420729
972,0.003736683,682.62616,554.4832,682.62616
973,0.003738218,657.30176,657.30176,1242.0675
974,0.003739754,471.36667,471.36667,1082.8137
975,0.003741338,301.38004,301.38004,301.38004
976,0.003742958,295.34796,295.34796,-260.49493
977,0.00374456,376.69724,376.69724,-27.862135
978,0.003746133,410.7863,410.7863,410.7863
979,0.003747708,299.47107,299.47107,582.1457
980,0.003749241,63.606743,63.606743,198.49724
981,0.003750771,-259.01056,-89.4431,-259.01056
982,0.003752315,-621.58606,-621.58606,-521.9559
983,0.003753895,-923.4725,-923.4725,-728.5887
984,0.003755525,-1030.8308,-1030.8308,-1030.8308
985,0.003757136,-845.7547,-845.7547,-956.2333
986,0.003758729,-467.99582,-467.99582,-425.63556
987,0.003760307,-33.541824,-33.541824,-33.541824
988,0.003761887,342.04214,342.04214,228.4074
989,0.003763464,578.4989,578.4989,445.82535
990,0.003765039,607.6652,538.4027,607.6652
991,0.003766634,397.04358,397.04358,834.62616
992,0.003768226,79.52774,79.52774,602.591
993,0.003769815,-170.47932,-170.47932,-170.47932
994,0.003771407,-239.69736,-239.69736,-801.31915
995,0.003772987,-251.86427,-251.86427,-663.25275
996,0.003774519,-380.7645,-380.7645,-380.7645
997,0.003776042,-709.70935,-709.70935,-566.8504
998,0.003777554,-1010.1103,-1010.1103,-1001.7762
999,0.003779054,-987.25665,-697.10657,-987.25665
1000,0.003780569,-456.33792,-456.33792,-131.24104
1001,0.003782131,336.55826,336.55826,942.9621
1002,0.003783711,964.5988,964.5988,964.5988
1003,0.003785309,1101.8336,1101.8336,295.13007
1004,0.003786925,909.74304,909.74304,184.98161
1005,0.003788512,694.8488,694.8488,694.8488
1006,0.003790104,670.639,670.639,927.34485
1007,0.003791708,741.52484,741.52484,895.69257
1008,0.003793313,729.2004,843.3736,729.2004
1009,0.003794888,517.1756,517.1756,297.95428
1010,0.003796496,202.8194,202.8194,-167.69417
1011,0.003798132,-47.131668,-47.131668,-47.131668
1012,0.003799764,-96.12417,-96.12417,254.24724
1013,0.003801335,3.486971,3.486971,452.4074
1014,0.003802839,158.55974,158.55974,158.55974
1015,0.003804317,297.60843,297.60843,-212.95198
1016,0.003805812,351.27475,351.27475,-282.45587
1017,0.003807353,235.96208,98.34098,235.96208
1018,0.003808945,-88.37992,-88.37992,440.68082
1019,0.003810504,-392.06763,-392.06763,-95.7762
1020,0.003812029,-414.08087,-414.08087,-414.08087
1021,0.003813574,-1.192633,-1.192633,33.0949
1022,0.003815169,613.4423,613.4423,776.7746
1023,0.003816726,1025.4816,1025.4816,1025.4816
1024,0.003818263,986.93774,986.93774,786.4933
1025,0.003819858,622.96356,622.96356,382.00116
1026,0.003821495,174.05975,409.65106,174.05975
1027,0.003823095,-116.41631,-116.41631,320.05975
1028,0.003824672,-215.67426,-215.67426,207.86443
1029,0.003826241,-130.63948,-130.63948,-130.63948
1030,0.003827765,107.72693,107.72693,-356.60434
1031,0.003829273,399.47806,399.47806,-76.9637
1032,0.003830806,636.6808,636.6808,636.6808
1033,0.003832339,728.61957,728.61957,1301.3995
1034,0.003833839,718.711,718.711,1271.2122
1035,0.003835358,680.23553,640.5574,680.23553
1036,0.003836865,665.2288,665.2288,272.74725
1037,0.003838373,644.611,644.611,285.63788
1038,0.003839876,569.966,569.966,569.966
1039,0.003841377,417.4759,417.4759,684.0129
1040,0.00384289,259.08414,259.08414,431.7082
1041,0.003844372,195.02068,195.02068,195.02068
1042,0.003845867,282.53296,282.53296,351.53632
1043,0.003847412,449.33163,449.33163,709.7082
1044,0.003849,571.0754,323.84927,571.0754
1045,0.00385064,535.9999,535.9999,39.41521
1046,0.003852322,359.73404,359.73404,-106.459785
1047,0.003853961,114.739426,114.739426,114.739426
1048,0.003855598,-139.03844,-139.03844,169.82536
1049,0.003857268,-339.92065,-339.92065,-214.13167
1050,0.003858913,-413.2879,-413.2879,-413.2879
1051,0.003860452,-331.5093,-331.5093,-179.07698
1052,0.00386201,-150.17351,-150.17351,56.42302
1053,0.003863595,61.80974,-299.01318,61.80974
1054,0.0038652,229.45197,229.45197,59.98943
1055,0.003866795,281.76654,281.76654,151.89958
1056,0.003868392,154.54411,154.54411,154.54411
1057,0.003869966,-160.74435,-160.74435,-164.034
1058,0.003871552,-480.79755,-480.79755,-537.5887
1059,0.003873164,-561.26447,-561.26447,-561.26447
1060,0.003874795,-235.7965,-235.7965,-165.18245
1061,0.003876432,256.61462,256.61462,473.45038
1062,0.003878058,566.3449,321.5314,566.3449
1063,0.003879679,454.4121,454.4121,146.26286
1064,0.0038813,71.64119,71.64119,-293.81137
1065,0.003882922,-335.202,-335.202,-335.202
1066,0.003884505,-568.63367,-568.63367,-121.43245
1067,0.003886063,-658.4475,-658.4475,-350.0262
1068,0.003887631,-676.5418,-676.5418,-676.5418
1069,0.003889243,-680.1043,-680.1043,-704.6785
1070,0.003890872,-687.72974,-687.72974,-774.7176
1071,0.00389249,-708.31134,-263.33008,-708.31134
1072,0.003894113,-744.99677,-744.99677,-631.284
1073,0.00389573,-776.6319,-776.6319,-660.44415
1074,0.003897329,-776.8426,-776.8426,-776.8426
1075,0.003898962,-723.28314,-723.28314,-787.12
1076,0.003900565,-616.0235,-616.0235,-629.0614
1077,0.003902141,-460.62387,-460.62387,-460.62387
1078,0.003903706,-273.28217,-273.28217,-198.7879
1079,0.003905318,-118.699394,-118.699394,-144.04964
1080,0.003906993,-94.53792,177.1261,-94.53792
1081,0.003908688,-270.24356,-270.24356,-66.14729
1082,0.003910382,-536.93005,-536.93005,-419.21368
1083,0.003912092,-743.18243,-743.18243,-743.18243
1084,0.00391379,-765.68726,-765.68726,-433.327
1085,0.003915465,-629.17236,-629.17236,-382.38165
1086,0.003917132,-389.30743,-389.30743,-389.30743
1087,0.003918795,-102.82559,-102.82559,-328.3309
1088,0.003920485,160.91833,160.91833,-146.25667
1089,0.003922167,315.5246,286.9077,315.5246
1090,0.003923797,321.8164,321.8164,796.6066
1091,0.003925416,289.6952,289.6952,809.0324
1092,0.003927059,357.55972,357.55972,357.55972
1093,0.003928727,596.7336,596.7336,-65.573074
1094,0.003930316,763.0354,763.0354,268.76288
1095,0.00393188,594.1613,594.1613,594.1613
1096,0.003933479,-71.12654,-71.12654,332.80975
1097,0.003935101,-900.24634,-900.24634,-713.1239
1098,0.003936773,-1401.7216,-1091.3132,-1401.7216
1099,0.003938377,-1201.9185,-1201.9185,-1372.0886
1100,0.003939918,-627.5283,-627.5283,-796.91296
1101,0.003941437,-61.00276,-61.00276,-61.00276
1102,0.00394296,225.82954,225.82954,122.40349
1103,0.003944492,259.65283,259.65283,141.23161
1104,0.00394606,142.18864,142.18864,142.18864
1105,0.003947555,-14.927873,-14.927873,90.61443
1106,0.003949018,-147.745,-147.745,-28.455885
1107,0.003950508,-205.61604,-264.19232,-205.61604
1108,0.003952055,-146.33893,-146.33893,-330.82697
1109,0.003953686,-14.503155,-14.503155,-243.93636
1110,0.003955263,94.344894,94.344894,94.344894
1111,0.003956805,121.2406,121.2406,115.73552
1112,0.003958359,90.47242,90.47242,89.9738
1113,0.003959944,43.524586,43.524586,43.524586
1114,0.00396156,14.641279,14.641279,117.219894
1115,0.003963169,-5.0339866,-5.0339866,163.09491
1116,0.003964782,-36.97151,89.385445,-36.97151
1117,0.003966382,-101.64977,-101.64977,-358.88556
1118,0.003967925,-214.26826,-214.26826,-369.7137
1119,0.003969437,-390.2176,-390.2176,-390.2176
1120,0.003970933,-623.2437,-623.2437,-371.5848
1121,0.003972404,-819.7097,-819.7097,-701.64734
1122,0.003973862,-874.7098,-874.7098,-874.7098
1123,0.003975367,-708.05975,-708.05975,-688.88947
1124,0.003976943,-356.4421,-356.4421,-273.90512
1125,0.003978581,85.83318,-64.10615,85.83318
1126,0.00398024,498.03372,498.03372,398.25504
1127,0.003981897,787.59863,787.59863,817.2433
1128,0.003983567,876.1691,876.1691,876.1691
1129,0.00398522,720.6048,720.6048,325.88788
1130,0.003986846,432.49728,432.49728,-83.39729
1131,0.003988446,149.11833,149.11833,149.11833
1132,0.003989976,-39.236904,-39.236904,190.44257
1133,0.003991488,-211.20372,-211.20372,-86.97151
1134,0.003993054,-481.46762,-253.39658,-481.46762
1135,0.003994744,-936.8602,-936.8602,-661.2254
1136,0.003996415,-1357.9172,-1357.9172,-1062.6785
1137,0.003998071,-1491.0027,-1491.0027,-1491.0027
1138,0.003999743,-1180.7582,-1180.7582,-1660.2098
1139,0.004001437,-655.9501,-655.9501,-1289.284
1140,0.004003106,-272.3856,-272.3856,-272.3856
1141,0.004004768,-265.2654,-265.2654,77.051926
1142,0.004006441,-505.41733,-505.41733,-249.94807
1143,0.004008096,-766.4676,-335.6043,-766.4676
1144,0.004009733,-863.6873,-863.6873,-1203.0106
1145,0.004011288,-754.75824,-754.75824,-1305.2255
1146,0.004012796,-440.20197,-440.20197,-440.20197
1147,0.004014313,68.74872,68.74872,422.5519
1148,0.004015855,620.0179,620.0179,775.93085
1149,0.004017441,1008.23944,1008.23944,1008.23944
1150,0.004019046,1051.8413,1051.8413,1075.3214
1151,0.004020614,825.73566,825.73566,952.5168
1152,0.0040222,455.92303,542.6014,455.92303
1153,0.004023836,43.979656,43.979656,-324.4715
1154,0.004025448,-345.35675,-345.35675,-699.4168
1155,0.004027012,-679.59656,-679.59656,-679.59656
1156,0.004028545,-934.46014,-934.46014,-762.12384
1157,0.004030067,-1065.6847,-1065.6847,-988.6395
1158,0.004031606,-1018.6942,-1018.6942,-1018.6942
1159,0.004033176,-756.4094,-756.4094,-549.13556
1160,0.004034791,-358.6887,-358.6887,79.80193
1161,0.004036397,33.94255,-22.257835,33.94255
1162,0.004037947,296.35358,296.35358,-148.17073
1163,0.004039418,376.05002,376.05002,-99.24495
1164,0.004040842,248.25896,248.25896,248.25896
1165,0.004042254,-72.31837,-72.31837,532.6418
1166,0.004043668,-379.03268,-379.03268,301.63007
1167,0.004045115,-408.5379,-408.5379,-408.5379
1168,0.00404663,43.30747,43.30747,-656.3504
1169,0.004048219,709.8359,709.8359,17.981615
1170,0.004049816,1085.0284,554.6351,1085.0284
1171,0.004051412,828.20233,828.20233,1191.3019
1172,0.004053025,260.98358,260.98358,321.97382
1173,0.004054641,-108.436356,-108.436356,-108.436356
1174,0.004056251,74.94348,74.94348,439.96207
1175,0.004057881,548.0216,548.0216,1166.2708
1176,0.004059519,875.2277,875.2277,875.2277
1177,0.004061143,738.6895,738.6895,53.89568
1178,0.004062757,322.34747,322.34747,-269.1356
1179,0.004064422,-88.916824,187.85594,-88.916824
1180,0.004066083,-236.93135,-236.93135,129.7863
1181,0.004067722,-173.11049,-173.11049,82.907394
1182,0.004069397,-15.256667,-15.256667,-15.256667
1183,0.004071029,131.47522,131.47522,73.83708
1184,0.004072574,255.42921,255.42921,341.26675
1185,0.004074086,373.66522,373.66522,373.66522
1186,0.004075625,498.9214,498.9214,619.4504
1187,0.004077247,632.2535,632.2535,852.0168
1188,0.004078876,759.9699,786.3707,759.9699
1189,0.0040805,867.0436,867.0436,453.8957
1190,0.004082155,914.2189,914.2189,435.80582
1191,0.004083815,849.98944,849.98944,849.98944
1192,0.004085426,659.0796,659.0796,982.2824
1193,0.004087017,423.22452,423.22452,638.5597
1194,0.004088643,238.03632,238.03632,238.03632
1195,0.004090291,187.3835,187.3835,365.77066
1196,0.004091929,239.3218,239.3218,564.2082
1197,0.004093501,326.91522,116.34301,326.91522
1198,0.004095074,395.52335,395.52335,-71.28792
1199,0.004096678,388.85822,388.85822,-161.54182
1200,0.004098267,249.07536,249.07536,249.07536
1201,0.004099856,-37.497795,-37.497795,484.26288
1202,0.004101462,-316.80862,-316.80862,145.88786
1203,0.004103106,-378.43246,-378.43246,-378.43246
1204,0.004104759,-81.810234,-81.810234,-368.7918
1205,0.004106441,350.2346,350.2346,162.96208
1206,0.004108058,575.9699,295.8057,575.9699
1207,0.004109615,411.24033,411.24033,505.47382
1208,0.004111195,-14.511202,-14.511202,67.95427
1209,0.004112853,-512.65906,-512.65906,-512.65906
1210,0.004114494,-858.7541,-858.7541,-1310.534
1211,0.004116096,-1001.15497,-1001.15497,-1436.6981
1212,0.004117626,-939.5575,-939.5575,-939.5575
1213,0.004119114,-695.37476,-695.37476,-513.1512
1214,0.004120609,-335.7981,-335.7981,-337.1043
1215,0.004122183,72.270676,28.70377,72.270676
1216,0.004123799,419.41486,419.41486,408.36835
1217,0.004125427,587.26935,587.26935,505.60663
1218,0.004127029,467.65347,467.65347,467.65347
1219,0.004128657,30.549715,30.549715,349.74722
1220,0.004130288,-423.07742,-423.07742,-470.56137
1221,0.004131948,-501.5887,-501.5887,-501.5887
1222,0.004133633,71.26688,71.26688,-226.43245
1223,0.004135266,903.8479,903.8479,623.62225
1224,0.004136817,1502.8137,717.5767,1502.8137
1225,0.004138315,1609.4077,1609.4077,1693.845
1226,0.004139807,1382.6576,1382.6576,1246.6808
1227,0.004141315,1050.6066,1050.6066,1050.6066
1228,0.00414284,794.2842,794.2842,1130.2122
1229,0.004144388,575.35266,575.35266,758.3879
1230,0.004145981,288.89175,288.89175,288.89175
1231,0.004147595,-115.58957,-115.58957,-103.459785
1232,0.004149206,-451.24323,-451.24323,-686.01447
1233,0.004150765,-483.97543,-512.3778,-483.97543
1234,0.004152281,-110.996,-110.996,-103.428535
1235,0.004153816,466.32785,466.32785,546.6418
1236,0.004155362,953.8996,953.8996,953.8996
1237,0.004156916,1117.6874,1117.6874,935.2668
1238,0.004158488,1004.2674,1004.2674,748.05585
1239,0.004160075,734.6066,734.6066,734.6066
1240,0.0041617,427.57278,427.57278,767.7785
1241,0.004163371,193.45639,193.45639,699.43866
1242,0.004165045,153.51286,137.94728,153.51286
1243,0.00416666,349.26733,349.26733,-78.29573
1244,0.004168258,594.7739,594.7739,317.2863
1245,0.004169837,664.966,664.966,664.966
1246,0.00417143,421.81958,421.81958,640.11053
1247,0.004173047,50.038174,50.038174,320.51678
1248,0.004174693,-162.25667,-162.25667,-162.25667
1249,0.004176319,-19.011532,-19.011532,-362.5184
1250,0.004177889,229.40865,229.40865,-198.03401
1251,0.004179435,273.68085,57.951138,273.68085
1252,0.004180999,-74.85917,-74.85917,219.09491
1253,0.004182572,-558.681,-558.681,-377.35825
1254,0.004184123,-794.3426,-794.3426,-794.3426
1255,0.004185661,-553.45636,-553.45636,-693.0419
1256,0.004187227,-99.68887,-99.68887,24.676928
1257,0.004188806,152.31364,152.31364,152.31364
1258,0.004190391,-90.767296,-90.767296,-333.29575
1259,0.00419201,-578.2643,-578.2643,-863.9442
1260,0.004193655,-884.6629,-1026.0897,-884.6629
1261,0.004195263,-699.71857,-699.71857,-534.8621
1262,0.004196875,-249.07611,-249.07611,183.47772
1263,0.004198523,126.50896,126.50896,126.50896
1264,0.004200181,156.73608,156.73608,-93.70198
1265,0.004201792,16.159857,16.159857,-82.47151
1266,0.004203355,-31.862137,-31.862137,-31.862137
1267,0.004204879,164.88347,164.88347,601.29803
1268,0.004206353,466.663,466.663,836.5207
1269,0.004207806,696.9582,648.99695,696.9582
1270,0.004209291,722.27295,722.27295,354.3527
1271,0.004210872,518.13074,518.13074,185.7277
1272,0.004212542,91.6613,91.6613,91.6613
1273,0.004214215,-476.64993,-476.64993,-25.545729
1274,0.004215892,-1011.29736,-1011.29736,-697.34265
1275,0.004217523,-1305.6667,-1305.6667,-1305.6667
1276,0.004219123,-1259.1971,-1259.1971,-1441.1825
1277,0.004220731,-1014.10864,-1014.10864,-1039.0808
1278,0.004222364,-767.57306,-811.6453,-767.57306
1279,0.004224028,-681.17773,-681.17773,-720.2332
1280,0.004225709,-713.5729,-713.5729,-952.5496
1281,0.00422738,-762.1512,-762.1512,-762.1512
1282,0.004229048,-728.78937,-728.78937,-297.26447
1283,0.004230722,-531.56805,-531.56805,-144.36604
1284,0.004232395,-93.19026,-93.19026,-93.19026
1285,0.004234038,569.26654,569.26654,417.75116
1286,0.004235657,1140.039,1140.039,1124.6536
1287,0.004237242,1256.388,1082.0378,1256.388
1288,0.004238818,721.52527,721.52527,508.6652
1289,0.004240354,-111.3464,-111.3464,-253.48715
1290,0.004241833,-799.2762,-799.2762,-799.2762
1291,0.004243281,-1077.8715,-1077.8715,-1107.8192
1292,0.004244765,-1037.4742,-1037.4742,-974.4129
1293,0.004246349,-828.2957,-828.2957,-828.2957
1294,0.004248,-617.4048,-617.4048,-766.5965
1295,0.004249644,-466.8184,-466.8184,-715.58484
1296,0.004251299,-392.4637,-269.93378,-392.4637
1297,0.004252964,-391.8058,-391.8058,-235.19807
1298,0.004254637,-374.6387,-374.6387,-15.162916
1299,0.004256342,-222.35822,-222.35822,-222.35822
1300,0.00425805,131.11609,131.11609,55.6574
1301,0.004259765,529.79425,529.79425,247.58318
1302,0.004261444,755.43085,755.43085,755.43085
1303,0.004263059,685.4575,685.4575,630.4152
1304,0.004264653,439.30112,439.30112,270.3019
1305,0.004266253,170.26678,-30.749315,170.26678
1306,0.004267842,2.8937397,2.8937397,526.54803
1307,0.004269424,-69.11416,-69.11416,362.49725
1308,0.004271017,-82.01839,-82.01839,-82.01839
1309,0.004272628,-70.13562,-70.13562,-239.40901
1310,0.004274222,-66.15696,-66.15696,-187.95589
1311,0.004275762,-99.25276,-99.25276,-99.25276
1312,0.004277284,-177.61703,-177.61703,46.911304
1313,0.004278839,-238.96828,-238.96828,109.72771
1314,0.004280435,-192.31526,-329.82474,-192.31526
1315,0.004282041,20.147549,20.147549,-230.98714
1316,0.004283608,286.45224,286.45224,78.438644
1317,0.004285168,473.68866,473.68866,473.68866
1318,0.004286735,490.30923,490.30923,505.91522
1319,0.00428831,409.09238,409.09238,543.341
1320,0.004289868,347.81366,347.81366,347.81366
1321,0.004291434,380.81094,380.81094,109.50115
1322,0.004293029,422.77167,422.77167,315.5519
1323,0.004294618,341.3019,334.37552,341.3019
1324,0.004296154,70.56961,70.56961,47.965992
1325,0.004297668,-258.69254,-258.69254,-314.96762
1326,0.004299188,-481.55746,-481.55746,-481.55746
1327,0.004300688,-479.97186,-479.97186,-571.18634
1328,0.00430217,-346.34286,-346.34286,-388.61606
1329,0.004303636,-214.5848,-214.5848,-214.5848
1330,0.004305116,-178.07936,-178.07936,-73.75667
1331,0.004306607,-199.30173,-199.30173,-14.237135
1332,0.004308134,-203.32698,-168.06245,-203.32698
1333,0.004309662,-129.97375,-129.97375,-99.592606
1334,0.004311194,-0.5469498,-0.5469498,52.512867
1335,0.004312761,145.4738,145.4738,145.4738
1336,0.004314325,258.4858,258.4858,91.883965
1337,0.004315888,286.02383,286.02383,147.33318
1338,0.004317471,171.42694,171.42694,171.42694
1339,0.004319085,-106.741516,-106.741516,-300.94418
1340,0.00432074,-390.85016,-390.85016,-599.866
1341,0.004322418,-451.0887,-384.1667,-451.0887
1342,0.004324041,-159.94444,-159.94444,6.083177
1343,0.004325569,232.00845,232.00845,270.0988
1344,0.004327109,476.63007,476.63007,476.63007
1345,0.004328658,384.14313,384.14313,311.61444
1346,0.004330228,74.98571,74.98571,138.77068
1347,0.004331827,-241.75667,-241.75667,-241.75667
1348,0.004333415,-391.7399,-391.7399,-340.60043
1349,0.004335002,-435.91147,-435.91147,-258.3543
1350,0.004336546,-486.3387,-551.65094,-486.3387
1351,0.00433806,-602.7796,-602.7796,-953.7801
1352,0.004339559,-671.32263,-671.32263,-989.6121
1353,0.004341067,-538.45197,-538.45197,-538.45197
1354,0.00434258,-118.59961,-118.59961,405.32535
1355,0.004344115,386.7122,386.7122,838.7824
1356,0.004345648,679.86053,679.86053,679.86053
1357,0.004347221,556.4535,556.4535,-43.436356
1358,0.004348781,202.38078,202.38078,-479.53793
1359,0.004350357,-94.0301,135.65987,-94.0301
1360,0.004351964,-103.941605,-103.941605,580.36053
1361,0.004353515,91.21427,91.21427,700.03625
1362,0.004355052,340.591,340.591,340.591
1363,0.004356575,531.2049,531.2049,76.38005
1364,0.004358014,653.3716,653.3716,279.423
1365,0.004359422,734.6965,734.6965,734.6965
1366,0.004360883,789.38025,789.38025,1090.2122
1367,0.004362447,796.83954,796.83954,1024.6652
1368,0.004364037,723.36053,815.5451,723.36053
1369,0.004365645,556.1422,556.1422,521.5832
1370,0.004367266,358.49847,358.49847,493.14566
1371,0.004368821,220.24724,220.24724,220.24724
1372,0.004370322,181.2572,181.2572,163.04802
1373,0.004371853,179.06111,179.06111,372.20425
1374,0.004373442,125.551926,125.551926,125.551926
1375,0.004375078,-48.084164,-48.084164,-394.61603
1376,0.004376689,-262.96063,-262.96063,-793.19806
1377,0.004378283,-413.49103,-412.15036,-413.49103
1378,0.004379855,-424.2452,-424.2452,218.4738
1379,0.004381402,-319.77957,-319.77957,424.38397
1380,0.004382923,-145.83089,-145.83089,-145.83089
1381,0.004384453,42.802464,42.802464,-899.409
1382,0.004386053,114.06408,114.06408,-698.70197
1383,0.004387716,-126.67854,-126.67854,-126.67854
1384,0.004389393,-783.72375,-783.72375,-519.01447
1385,0.004391124,-1570.7513,-1570.7513,-1746.7684
1386,0.004392834,-2022.4716,-1665.8602,-2022.4716
1387,0.004394527,-1832.8461,-1832.8461,-1255.5184
1388,0.004396184,-1150.784,-1150.784,-465.11212
1389,0.004397736,-261.1668,-261.1668,-261.1668
1390,0.004399268,663.51935,663.51935,387.93863
1391,0.004400807,1400.2931,1400.2931,1564.2277
1392,0.004402334,1692.9191,1692.9191,1692.9191
1393,0.004403846,1403.9304,1403.9304,905.7746
1394,0.004405382,758.3689,758.3689,211.33318
1395,0.004406926,93.77459,635.2456,93.77459
1396,0.004408431,-306.46658,-306.46658,354.6535
1397,0.004409949,-474.28464,-474.28464,99.38396
1398,0.00441152,-485.61993,-485.61993,-485.61993
1399,0.004413093,-415.6465,-415.6465,-682.19806
1400,0.004414692,-324.35492,-324.35492,-358.21368
1401,0.004416286,-270.73712,-270.73712,-270.73712
1402,0.004417819,-282.89664,-282.89664,-699.5965
1403,0.004419332,-283.07065,-283.07065,-842.491
1404,0.004420867,-171.61995,-280.73163,-171.61995
1405,0.004422414,107.38009,107.38009,734.55585
1406,0.004423974,414.4821,414.4821,930.634
1407,0.004425518,553.05975,553.05975,553.05975
1408,0.004427035,407.90387,407.90387,202.95036
1409,0.004428565,114.705505,114.705505,-91.55354
1410,0.004430111,-126.41682,-126.41682,-126.41682
1411,0.00443163,-162.46402,-162.46402,142.69646
1412,0.004433154,-70.07243,-70.07243,295.60663
1413,0.004434707,25.450365,41.55378,25.450365
1414,0.004436257,24.69092,24.69092,-396.58087
1415,0.004437826,-29.36181,-29.36181,-506.67462
1416,0.004439407,-55.530106,-55.530106,-55.530106
1417,0.004440966,8.970182,8.970182,566.93866
1418,0.004442506,147.58508,147.58508,782.48553
1419,0.00444405,329.64566,329.64566,329.64566
1420,0.0044456,512.2314,512.2314,-20.612135
1421,0.004447194,604.1515,604.1515,222.76677
1422,0.004448731,497.32928,444.5331,497.32928
1423,0.004450238,159.36569,159.36569,107.05584
1424,0.004451794,-262.22723,-262.22723,-254.60823
1425,0.004453409,-532.50275,-532.50275,-532.50275
1426,0.004454996,-470.5355,-470.5355,-13.135572
1427,0.004456583,-267.95215,-267.95215,169.95427
1428,0.004458151,-194.63167,-194.63167,-194.63167
1429,0.004459726,-421.86548,-421.86548,-1005.18634
1430,0.004461286,-759.9156,-759.9156,-1423.5223
1431,0.004462874,-939.4129,-667.1613,-939.4129
1432,0.004464457,-760.4529,-760.4529,-302.53793
1433,0.004466035,-388.60715,-388.60715,-33.963696
1434,0.004467636,-71.104324,-71.104324,-71.104324
1435,0.004469243,5.988215,5.988215,-54.4676
1436,0.004470795,-19.225527,-19.225527,-158.72151
1437,0.004472346,58.11443,58.11443,58.11443
1438,0.004473914,367.0053,367.0053,526.5715
1439,0.004475475,733.47375,733.47375,906.66125
1440,0.004477034,913.63,499.19482,913.63
1441,0.004478593,751.0105,751.0105,916.2863
1442,0.004480133,439.81744,439.81744,808.9191
1443,0.004481595,250.20818,250.20818,250.20818
1444,0.004483018,308.24844,308.24844,198.25896
1445,0.004484488,429.05685,429.05685,179.44646
1446,0.004486026,316.36444,316.36444,316.36444
1447,0.004487584,-242.8283,-242.8283,-279.61996
1448,0.004489115,-915.6846,-915.6846,-953.32306
1449,0.004490633,-1275.4441,-1128.716,-1275.4441
1450,0.004492166,-1049.3046,-1049.3046,-1302.3894
1451,0.004493734,-544.0162,-544.0162,-669.4442
1452,0.004495356,-266.39337,-266.39337,-266.39337
1453,0.004496977,-612.17194,-612.17194,-695.4754
1454,0.004498548,-1218.3881,-1218.3881,-1221.8778
1455,0.004500118,-1607.9481,-1607.9481,-1607.9481
1456,0.004501696,-1429.2025,-1429.2025,-1261.8466
1457,0.004503334,-815.9197,-815.9197,-509.47934
1458,0.004504998,-79.690254,-364.1331,-79.690254
1459,0.004506591,458.86053,458.86053,214.45427
1460,0.004508152,738.1434,738.1434,784.88
1461,0.0045097,727.39954,727.39954,727.39954
1462,0.004511248,435.1602,435.1602,435.69254
1463,0.004512785,65.7752,65.7752,235.08318
1464,0.004514345,-136.53401,-136.53401,-136.53401
1465,0.004515948,13.393889,13.393889,-297.37775
1466,0.004517545,340.87576,340.87576,518.98944
1467,0.004519139,573.7043,553.95807,573.7043
1468,0.004520739,529.20197,529.20197,13.442553
1469,0.004522305,378.79593,378.79593,160.38005
1470,0.004523907,370.32538,370.32538,370.32538
1471,0.004525497,667.672,667.672,646.1144
1472,0.004527089,1054.8246,1054.8246,1223.7434
1473,0.00452869,1220.7667,1220.7667,1220.7667
1474,0.004530323,944.34546,944.34546,857.3215
1475,0.004531958,443.37265,443.37265,406.1027
1476,0.004533571,59.23552,3.9865534,59.23552
1477,0.004535176,20.867966,20.867966,-21.56526
1478,0.004536762,202.83824,202.83824,185.54802
1479,0.004538345,401.25116,401.25116,401.25116
1480,0.004539925,458.36456,458.36456,481.6535
1481,0.004541473,386.82495,386.82495,411.06757
1482,0.00454296,244.57146,244.57146,244.57146
1483,0.004544426,69.219215,69.219215,-61.061356
1484,0.004545912,-137.45842,-137.45842,-246.99104
1485,0.004547464,-385.07306,-179.15347,-385.07306
1486,0.004549062,-648.0732,-648.0732,-366.39337
1487,0.004550659,-787.4517,-787.4517,-436.81137
1488,0.004552257,-644.7332,-644.7332,-644.7332
1489,0.004553906,-123.171036,-123.171036,-420.86212
1490,0.00455554,498.56036,498.56036,281.81757
1491,0.004557102,863.005,863.005,863.005
1492,0.004558682,784.3055,784.3055,974.2004
1493,0.004560268,446.11194,446.11194,528.74725
1494,0.004561855,144.60661,341.0717,144.60661
1495,0.004563447,92.442085,92.442085,119.145676
1496,0.004564984,159.55495,159.55495,156.08318
1497,0.004566495,148.20818,148.20818,148.20818
1498,0.004568001,-62.084328,-62.084328,-82.79573
1499,0.00456947,-341.20856,-341.20856,-383.47543
1500,0.00457094,-520.7332,-520.7332,-520.7332
1501,0.00457246,-484.0651,-484.0651,-446.452
1502,0.004574046,-354.13528,-354.13528,-366.9559
1503,0.004575618,-354.8348,-525.10583,-354.8348
1504,0.004577176,-612.0309,-612.0309,-648.94415
1505,0.004578754,-891.8935,-891.8935,-959.8661
1506,0.00458029,-862.3582,-862.3582,-862.3582
1507,0.004581764,-372.35938,-372.35938,-282.1551
1508,0.00458324,295.32834,295.32834,436.20816
1509,0.004584758,757.36444,757.36444,757.36444
1510,0.004586301,693.9326,693.9326,391.21988
1511,0.004587806,322.61786,322.61786,3.1808336
1512,0.004589329,-29.303541,-39.928516,-29.303541
1513,0.004590868,-100.4958,-100.4958,276.93866
1514,0.004592387,48.775917,48.775917,500.44257
1515,0.004593905,277.18082,277.18082,277.18082
1516,0.004595428,462.58447,462.58447,59.512863
1517,0.004596974,542.42267,542.42267,210.74333
1518,0.004598538,462.5949,462.5949,462.5949
1519,0.004600114,204.85056,204.85056,332.68472
1520,0.004601736,-105.10676,-105.10676,-29.369947
1521,0.004603372,-276.54965,106.555565,-276.54965
1522,0.004605005,-178.63376,-178.63376,-373.7606
1523,0.004606622,65.477066,65.477066,-295.2059
1524,0.004608233,278.13788,278.13788,278.13788
1525,0.004609825,325.43408,325.43408,919.5324
1526,0.004611399,235.13377,235.13377,894.8215
1527,0.004612946,71.4113,71.4113,71.4113
1528,0.004614495,-117.00207,-117.00207,-747.1395
1529,0.004616029,-306.07144,-306.07144,-854.57306
1530,0.004617536,-479.952,-18.544516,-479.952
1531,0.004619067,-617.1869,-617.1869,-18.010572
1532,0.004620598,-635.49255,-635.49255,-15.987136
1533,0.004622107,-447.23325,-447.23325,-447.23325
1534,0.004623633,-18.29256,-18.29256,-715.7411
1535,0.004625108,427.00827,427.00827,-288.84262
1536,0.004626563,654.3566,654.3566,654.3566
1537,0.004628023,512.6738,512.6738,981.67694
1538,0.004629513,151.71454,151.71454,552.3371
1539,0.004631059,-184.80745,77.67755,-184.80745
1540,0.004632616,-278.77496,-278.77496,-496.74106
1541,0.004634171,-224.10461,-224.10461,-361.53403
1542,0.004635751,-194.85432,-194.85432,-194.85432
1543,0.0046373,-305.67474,-305.67474,-429.24887
1544,0.004638846,-424.0131,-424.0131,-715.12775
1545,0.004640392,-359.61212,-359.61212,-359.61212
1546,0.004641935,2.159155,2.159155,465.1496
1547,0.004643496,483.75323,483.75323,883.0207
1548,0.004645079,818.86444,260.33545,818.86444
1549,0.004646677,792.1975,792.1975,504.6457
1550,0.004648273,477.77298,477.77298,336.36444
1551,0.004649861,28.12224,28.12224,28.12224
1552,0.004651492,-412.18524,-412.18524,-194.99886
1553,0.004653089,-630.49084,-630.49084,-412.4793
1554,0.004654618,-459.67462,-459.67462,-459.67462
1555,0.004656135,144.45343,144.45343,-6.0496354
1556,0.004657692,840.7,840.7,841.43085
1557,0.004659291,1117.7083,980.76843,1117.7083
1558,0.004660912,600.77014,600.77014,526.63007
1559,0.004662483,-237.77687,-237.77687,-527.5223
1560,0.00466404,-800.7919,-800.7919,-800.7919
1561,0.004665638,-661.2117,-661.2117,-123.27619
1562,0.004667288,-13.22445,-13.22445,540.9465
1563,0.004668912,687.5832,687.5832,687.5832
1564,0.004670525,1089.1174,1089.1174,685.2121
1565,0.004672081,1145.1622,1145.1622,818.06757
1566,0.004673619,897.5167,736.568,897.5167
1567,0.004675127,413.81982,413.81982,321.44647
1568,0.004676628,-110.91199,-110.91199,-167.42073
1569,0.004678139,-452.0731,-452.0731,-452.0731
1570,0.004679687,-442.30685,-442.30685,-472.38556
1571,0.004681262,-203.06204,-203.06204,-148.31526
1572,0.004682839,42.130054,42.130054,42.130054
1573,0.004684341,125.657295,125.657295,53.94255
1574,0.004685827,129.23259,129.23259,-21.608229
1575,0.004687304,171.59491,186.8067,171.59491
1576,0.004688786,326.23062,326.23062,245.39177
1577,0.00469032,498.12976,498.12976,494.1457
1578,0.004691853,525.8215,525.8215,525.8215
1579,0.004693334,324.15024,324.15024,259.12225
1580,0.004694806,39.479015,39.479015,29.38005
1581,0.004696301,-136.0223,-136.0223,-136.0223
1582,0.004697831,-52.30683,-52.30683,-97.510574
1583,0.00469938,188.67798,188.67798,244.35663
1584,0.004700894,400.55975,258.97183,400.55975
1585,0.004702397,462.00018,462.00018,516.0832
1586,0.004703937,430.33456,430.33456,466.94644
1587,0.004705537,412.15347,412.15347,412.15347
1588,0.00470712,493.28595,493.28595,323.0207
1589,0.004708679,619.18915,619.18915,534.05194
1590,0.004710245,708.0285,708.0285,708.0285
1591,0.004711797,702.2339,702.2339,675.7004
1592,0.004713323,649.80804,649.80804,564.8566
1593,0.004714858,619.423,420.9424,619.423
1594,0.004716402,658.78186,658.78186,598.4738
1595,0.004717945,726.16815,726.16815,611.9777
1596,0.00471951,757.11053,757.11053,757.11053
1597,0.004721113,698.6751,698.6751,660.6808
1598,0.004722716,571.0258,571.0258,438.17303
1599,0.004724338,412.7082,412.7082,412.7082
1600,0.004725961,251.27136,251.27136,472.45428
1601,0.004727553,56.15566,56.15566,222.30975
1602,0.004729069,-207.41682,-459.62875,-207.41682
1603,0.00473054,-549.87634,-549.87634,-662.8075
1604,0.004732014,-888.6655,-888.6655,-1061.6044
1605,0.00473349,-1107.4716,-1107.4716,-1107.4716
1606,0.004734992,-1116.3374,-1116.3374,-1032.0262
1607,0.004736493,-937.55634,-937.55634,-645.2723
1608,0.004737988,-629.90906,-629.90906,-629.90906
1609,0.004739512,-260.46936,-260.46936,-863.68243
1610,0.004741074,17.175905,17.175905,-641.6121
1611,0.004742639,9.110521,-191.96832,9.110521
1612,0.004744226,-380.72626,-380.72626,244.8996
1613,0.004745842,-848.53076,-848.53076,-488.67853
1614,0.004747444,-955.30743,-955.30743,-955.30743
1615,0.004749044,-433.00467,-433.00467,-855.02625
1616,0.004750657,389.4135,389.4135,320.2355
1617,0.004752274,1012.30194,1012.30194,1012.30194
1618,0.004753876,1060.4393,1060.4393,1108.5403
1619,0.004755469,673.92755,673.92755,641.5793
1620,0.00475708,97.30193,216.63834,97.30193
1621,0.004758681,-427.3941,-427.3941,-1.2410414
1622,0.004760271,-751.1463,-751.1463,-663.3309
1623,0.004761878,-747.7332,-747.7332,-747.7332
1624,0.004763547,-335.4181,-335.4181,-306.327
1625,0.004765223,221.9273,221.9273,110.239426
1626,0.004766888,560.48553,560.48553,560.48553
1627,0.004768487,455.7375,455.7375,136.27458
1628,0.004770051,133.13849,133.13849,-263.6551
1629,0.004771598,-122.34651,-215.45055,-122.34651
1630,0.004773159,-117.341484,-117.341484,118.813644
1631,0.004774767,40.277412,40.277412,119.93474
1632,0.004776417,141.71208,141.71208,141.71208
1633,0.004778066,30.89141,30.89141,98.95428
1634,0.004779698,-136.96727,-136.96727,-50.623856
1635,0.00478125,-145.62386,-145.62386,-145.62386
1636,0.004782804,111.42831,111.42831,-401.04962
1637,0.004784376,441.7995,441.7995,-78.311356
1638,0.004786,558.05194,354.21918,558.05194
1639,0.004787639,250.02614,250.02614,614.15344
1640,0.004789258,-198.35895,-198.35895,6.0636463
1641,0.004790846,-401.54572,-401.54572,-401.54572
1642,0.004792365,-151.08632,-151.08632,-333.94025
1643,0.004793813,267.1823,267.1823,108.17302
1644,0.004795246,539.05975,539.05975,539.05975
1645,0.004796724,443.71945,443.71945,520.5754
1646,0.004798308,92.93955,92.93955,100.8449
1647,0.004799944,-223.9676,111.385605,-223.9676
1648,0.004801548,-267.11588,-267.11588,-309.04572
1649,0.004803136,-212.38109,-212.38109,-492.3231
1650,0.004804743,-321.7137,-321.7137,-321.7137
1651,0.004806363,-756.5935,-756.5935,-464.95587
1652,0.004807987,-1229.9076,-1229.9076,-881.9754
1653,0.00480962,-1336.4988,-1336.4988,-1336.4988
1654,0.004811235,-832.11554,-832.11554,-1253.8348
1655,0.004812791,-126.15413,-126.15413,-408.31918
1656,0.004814335,308.73163,-122.224976,308.73163
1657,0.004815905,149.22636,149.22636,219.46991
1658,0.004817497,-344.25064,-344.25064,-550.24493
1659,0.004819093,-723.1668,-723.1668,-723.1668
1660,0.004820648,-657.7259,-657.7259,-91.83479
1661,0.004822248,-277.65164,-277.65164,324.59488
1662,0.004823859,164.05193,164.05193,164.05193
1663,0.004825477,453.66135,453.66135,84.52459
1664,0.004827099,589.5687,589.5687,352.36444
1665,0.004828688,625.2629,258.52393,625.2629
1666,0.004830268,614.7997,614.7997,685.5168
1667,0.004831808,601.94305,601.94305,651.54803
1668,0.004833389,627.091,627.091,627.091
1669,0.004835008,717.7438,717.7438,469.23944
1670,0.004836685,828.0658,828.0658,500.06754
1671,0.004838371,880.38007,880.38007,880.38007
1672,0.004840042,807.292,807.292,1232.3059
1673,0.00484165,588.9691,588.9691,1017.4581
1674,0.004843213,217.05193,203.79578,217.05193
1675,0.004844768,-293.36743,-293.36743,-543.8504
1676,0.004846283,-774.8529,-774.8529,-926.19025
1677,0.004847794,-1059.8153,-1059.8153,-1059.8153
1678,0.004849342,-1026.3055,-1026.3055,-1044.0614
1679,0.004850906,-783.31415,-783.31415,-812.38947
1680,0.004852488,-517.49884,-517.49884,-517.49884
1681,0.004854112,-365.56522,-365.56522,-293.92856
1682,0.00485573,-228.26268,-228.26268,-199.64339
1683,0.004857322,58.223804,38.617744,58.223804
1684,0.004858939,580.3626,580.3626,282.591
1685,0.004860616,1066.8756,1066.8756,693.24725
1686,0.004862305,1086.8136,1086.8136,1086.8136
1687,0.004863956,420.81436,420.81436,791.6613
1688,0.004865593,-440.57007,-440.57007,-245.57307
1689,0.0048672,-865.4911,-865.4911,-865.4911
1690,0.004868688,-527.3903,-527.3903,-738.1668
1691,0.004870095,130.58936,130.58936,-70.17854
1692,0.004871499,671.1965,167.85068,671.1965
1693,0.004872953,767.6816,767.6816,1104.1301
1694,0.004874469,510.93573,510.93573,883.2746
1695,0.004875963,174.43083,174.43083,174.43083
1696,0.00487745,-31.415333,-31.415333,-178.43245
1697,0.004878942,-140.46548,-140.46548,-194.88948
1698,0.004880436,-244.95978,-244.95978,-244.95978
1699,0.004881923,-415.5394,-415.5394,-484.7059
1700,0.004883434,-642.0072,-642.0072,-708.0926
1701,0.00488499,-891.80743,-893.66705,-891.80743
1702,0.004886583,-1105.6864,-1105.6864,-949.9989
1703,0.004888199,-1147.8062,-1147.8062,-902.53796
1704,0.004889783,-872.409,-872.409,-872.409
1705,0.004891363,-237.35376,-237.35376,-497.952
1706,0.004892894,406.1941,406.1941,87.02849
1707,0.00489446,680.86444,680.86444,680.86444
1708,0.004896031,303.01547,303.01547,531.81757
1709,0.0048976,-378.40787,-378.40787,-204.50667
1710,0.004899209,-866.3309,-709.68835,-866.3309
1711,0.004900829,-760.5936,-760.5936,-966.5419
1712,0.004902424,-324.96713,-324.96713,-414.39728
1713,0.004904021,33.028492,33.028492,33.028492
1714,0.004905644,10.843262,10.843262,-170.87776
1715,0.004907216,-253.4484,-253.4484,-450.6551
1716,0.004908735,-521.74884,-521.74884,-521.74884
1717,0.004910253,-633.3753,-633.3753,-396.22543
1718,0.004911824,-561.7903,-561.7903,-268.83087
1719,0.004913422,-310.60434,-330.23053,-310.60434
1720,0.004914953,52.9779,52.9779,169.01677
1721,0.004916484,371.72052,371.72052,596.61444
1722,0.004918061,448.22772,448.22772,448.22772
1723,0.004919617,140.61366,140.61366,-14.920729
1724,0.004921141,-378.64346,-378.64346,-871.61993
1725,0.004922687,-902.4168,-902.4168,-902.4168
1726,0.004924261,-1250.167,-1250.167,-921.4989
1727,0.004925842,-1422.1271,-1422.1271,-1268.8934
1728,0.004927429,-1476.6864,-1432.8534,-1476.6864
1729,0.004929056,-1457.8179,-1457.8179,-1704.1044
1730,0.004930662,-1351.5236,-1351.5236,-1426.4325
1731,0.00493222,-1138.405,-1138.405,-1138.405
1732,0.004933763,-815.2702,-815.2702,-203.06526
1733,0.004935315,-454.7903,-454.7903,-44.842606
1734,0.004936899,-151.85823,-151.85823,-151.85823
1735,0.004938503,10.185606,10.185606,-396.0145
1736,0.004940121,59.627525,59.627525,-464.8426
1737,0.004941728,56.856617,105.02155,56.856617
1738,0.004943349,56.880455,56.880455,552.49335
1739,0.004944994,87.70245,87.70245,304.27847
1740,0.004946621,169.3527,169.3527,169.3527
1741,0.00494824,299.89066,299.89066,128.14568
1742,0.00494985,391.5784,391.5784,420.16913
1743,0.004951458,337.67303,337.67303,337.67303
1744,0.004953105,70.73978,70.73978,168.78241
1745,0.004954746,-268.91583,-268.91583,-147.86995
1746,0.004956333,-489.284,-424.1202,-489.284
1747,0.004957929,-479.30334,-479.30334,-696.56915
1748,0.004959559,-310.8602,-310.8602,-559.9051
1749,0.00496123,-114.14339,-114.14339,-114.14339
1750,0.004962934,-4.852121,-4.852121,369.9035
1751,0.004964605,31.070263,31.070263,389.9777
1752,0.004966245,46.723804,46.723804,46.723804
1753,0.004967899,80.58837,80.58837,-49.40901
1754,0.004969538,126.29253,126.29253,-31.662916
1755,0.004971161,167.42693,44.8634,167.42693
1756,0.004972766,199.92548,199.92548,246.66522
1757,0.004974341,264.11795,264.11795,282.57144
1758,0.004975937,413.5246,413.5246,413.5246
1759,0.004977593,690.50165,690.50165,1124.6301
1760,0.004979254,1033.594,1033.594,1619.0206
1761,0.004980926,1361.0128,1361.0128,1361.0128
1762,0.004982539,1584.8873,1584.8873,1270.177
1763,0.004984129,1662.8112,1662.8112,1376.6261
1764,0.004985736,1547.8098,1247.2626,1547.8098
1765,0.004987337,1221.8279,1221.8279,1259.8762
1766,0.004988957,789.6316,789.6316,903.2081
1767,0.004990621,392.25113,392.25113,392.25113
1768,0.00499233,153.72345,153.72345,351.18082
1769,0.004994045,31.947752,31.947752,157.27849
1770,0.00499575,-71.34651,-71.34651,-71.34651
1771,0.004997411,-215.68863,-215.68863,-444.81137
1772,0.004999097,-329.05884,-329.05884,-442.80746
1773,0.005000788,-295.53793,-440.9601,-295.53793
1774,0.00500245,-55.573997,-55.573997,49.403492
1775,0.005004102,258.80237,258.80237,161.5949
1776,0.005005745,474.1535,474.1535,474.1535
1777,0.005007407,470.4782,470.4782,578.9777
1778,0.00500909,325.722,325.722,391.30585
1779,0.005010766,179.59099,179.59099,179.59099
1780,0.005012398,130.23956,130.23956,288.70035
1781,0.005013973,114.11119,114.11119,173.6652
1782,0.005015507,43.184742,-56.215412,43.184742
1783,0.005017061,-129.37964,-129.37964,-181.38556
1784,0.005018652,-295.7403,-295.7403,-254.93636
1785,0.005020218,-295.2254,-295.2254,-295.2254
1786,0.005021768,-41.688206,-41.688206,-238.2176
1787,0.005023347,329.0137,329.0137,148.43083
1788,0.005024962,607.37225,607.37225,607.37225
1789,0.005026543,624.7715,624.7715,655.67694
1790,0.005028052,479.92056,479.92056,706.12616
1791,0.005029537,304.42694,-61.30293,304.42694
1792,0.005031021,196.98674,196.98674,53.133957
1793,0.00503252,190.68881,190.68881,105.219894
1794,0.005034031,304.9152,304.9152,304.9152
1795,0.00503558,538.931,538.931,656.6418
1796,0.005037163,782.4085,782.4085,1024.9581
1797,0.00503875,882.24335,882.24335,882.24335
1798,0.005040354,738.1679,738.1679,510.48553
1799,0.005041865,483.0831,483.0831,261.94647
1800,0.005043337,264.50507,326.4812,264.50507
1801,0.005044844,173.94536,173.94536,340.68866
1802,0.005046341,167.67117,167.67117,278.61444
1803,0.005047837,157.82928,157.82928,157.82928
1804,0.005049384,86.28063,86.28063,158.54411
1805,0.005050957,29.59584,29.59584,209.46599
1806,0.005052521,104.67302,104.67302,104.67302
1807,0.005054098,377.06982,377.06982,185.45427
1808,0.005055673,698.49084,698.49084,357.37225
1809,0.005057244,868.5988,713.9823,868.5988
1810,0.005058801,745.80676,745.80676,1420.6261
1811,0.005060341,407.4871,407.4871,927.548
1812,0.005061875,-25.112135,-25.112135,-25.112135
1813,0.005063417,-447.30386,-447.30386,-815.19025
1814,0.005064997,-795.7319,-795.7319,-1191.5927
1815,0.005066629,-1000.659,-1000.659,-1000.659
1816,0.005068308,-997.5078,-997.5078,-623.36993
1817,0.005070002,-810.03107,-810.03107,-426.6473
1818,0.005071674,-499.9168,-927.0965,-499.9168
1819,0.005073319,-136.60205,-136.60205,-331.23715
1820,0.005074963,187.37758,187.37758,94.85661
1821,0.005076631,368.2277,368.2277,368.2277
1822,0.005078305,333.35812,333.35812,82.29802
1823,0.005079986,186.59865,186.59865,-5.9168224
1824,0.00508164,78.895676,78.895676,78.895676
1825,0.005083248,117.11519,117.11519,151.32928
1826,0.005084875,286.64508,286.64508,192.50897
1827,0.005086513,546.4191,453.54205,546.4191
1828,0.005088115,830.91656,830.91656,1103.13
1829,0.00508973,1036.9395,1036.9395,1199.1456
1830,0.005091354,1035.7355,1035.7355,1035.7355
1831,0.005092906,772.5045,772.5045,890.25116
1832,0.005094422,402.6007,402.6007,585.216
1833,0.005095926,103.219894,103.219894,103.219894
1834,0.005097427,-5.0862226,-5.0862226,-293.61996
1835,0.005098956,-5.0805,-5.0805,-378.65118
1836,0.005100538,-37.080883,-97.85146,-37.080883
1837,0.00510218,-208.65489,-208.65489,91.79802
1838,0.005103815,-386.9292,-386.9292,-195.31526
1839,0.005105474,-378.17072,-378.17072,-378.17072
1840,0.005107119,-60.961605,-60.961605,24.387865
1841,0.005108743,371.85858,371.85858,589.4777
1842,0.005110393,671.7511,671.7511,671.7511
1843,0.005112037,637.6209,637.6209,443.5363
1844,0.005113627,367.44965,367.44965,231.62614
1845,0.005115215,5.766771,375.61896,5.766771
1846,0.005116813,-321.25256,-321.25256,-395.29962
1847,0.005118364,-522.11475,-522.11475,-634.82306
1848,0.005119874,-541.76447,-541.76447,-541.76447
1849,0.005121379,-358.23846,-358.23846,-207.3973
1850,0.005122926,-65.007866,-65.007866,123.83318
1851,0.005124535,197.50116,197.50116,197.50116
1852,0.005126192,300.87537,300.87537,216.62614
1853,0.005127852,301.22083,301.22083,404.81363
1854,0.005129497,312.54022,139.19388,312.54022
1855,0.005131135,402.0422,402.0422,102.532394
1856,0.005132772,460.7183,460.7183,277.04803
1857,0.005134393,338.65738,338.65738,338.65738
1858,0.005135953,-17.681213,-17.681213,122.02458
1859,0.00513748,-389.54105,-389.54105,-321.19418
1860,0.005139029,-516.75275,-516.75275,-516.75275
1861,0.005140581,-219.16008,-219.16008,-134.5301
1862,0.005142148,270.4972,270.4972,372.05585
1863,0.005143706,599.74335,457.8688,599.74335
1864,0.005145241,522.90283,522.90283,326.38788
1865,0.005146777,160.20937,160.20937,9.419115
1866,0.005148344,-294.12387,-294.12387,-294.12387
1867,0.005149979,-659.1307,-659.1307,-469.40903
1868,0.005151659,-829.6672,-829.6672,-578.0887
1869,0.00515331,-737.27625,-737.27625,-737.27625
1870,0.005154978,-367.14243,-367.14243,-457.88165
1871,0.005156576,101.520836,101.520836,140.86833
1872,0.005158088,483.7785,366.34924,483.7785
1873,0.005159636,689.64777,689.64777,643.19257
1874,0.005161179,732.0797,732.0797,638.9699
1875,0.005162679,674.5168,674.5168,674.5168
1876,0.005164155,573.4772,573.4772,639.80585
1877,0.005165643,463.9368,463.9368,425.76675
1878,0.005167191,377.88788,377.88788,377.88788
1879,0.005168827,346.9732,346.9732,542.7121
1880,0.00517041,359.53156,359.53156,542.134
1881,0.005171966,386.61835,215.65007,386.61835
1882,0.005173538,391.22702,391.22702,179.62224
1883,0.005175105,288.7262,288.7262,189.39177
1884,0.005176674,-17.233229,-17.233229,-17.233229
1885,0.005178276,-576.0766,-576.0766,-415.12778
1886,0.005179936,-1187.7905,-1187.7905,-1163.616
1887,0.005181617,-1528.1278,-1528.1278,-1528.1278
1888,0.00518327,-1366.5037,-1366.5037,-1020.8856
1889,0.005184939,-839.559,-839.559,-464.7684
1890,0.005186536,-203.07698,-614.0642,-203.07698
1891,0.005188058,349.70142,349.70142,-96.217606
1892,0.005189554,728.64343,728.64343,520.93866
1893,0.005191037,847.16125,847.16125,847.16125
1894,0.005192528,658.18164,658.18164,574.8449
1895,0.005194055,284.0733,284.0733,-23.467604
1896,0.005195599,-85.092606,-85.092606,-85.092606
1897,0.005197123,-277.81076,-277.81076,411.5949
1898,0.005198665,-260.96432,-260.96432,495.25507
1899,0.005200232,-19.119947,-421.87708,-19.119947
1900,0.005201825,420.0838,420.0838,-250.62776
1901,0.005203432,836.2117,836.2117,155.96599
1902,0.005205045,951.84094,951.84094,951.84094
1903,0.005206647,602.9757,602.9757,1137.2589
1904,0.005208245,66.17782,66.17782,480.32147
1905,0.005209807,-276.73712,-276.73712,-276.73712
1906,0.005211395,-194.14552,-194.14552,-597.9325
1907,0.00521298,89.53746,89.53746,-320.65903
1908,0.005214506,224.89177,39.54835,224.89177
1909,0.005216004,15.696636,15.696636,308.5285
1910,0.005217552,-360.58688,-360.58688,-139.68245
1911,0.005219126,-594.3387,-594.3387,-594.3387
1912,0.005220715,-446.93307,-446.93307,-658.2684
1913,0.005222358,-56.986504,-56.986504,-139.74495
1914,0.005223985,294.4074,294.4074,294.4074
1915,0.0052256,410.61258,410.61258,173.02458
1916,0.005227167,386.55957,386.55957,-112.686356
1917,0.005228737,377.41132,-193.39204,377.41132
1918,0.005230356,487.89938,487.89938,1271.7512
1919,0.00523195,615.1999,615.1999,1352.7823
1920,0.005233501,614.3331,614.3331,614.3331
1921,0.005235026,399.8489,399.8489,-155.16292
1922,0.005236533,49.987217,49.987217,-476.95587
1923,0.005238077,-336.36212,-336.36212,-336.36212
1924,0.005239672,-646.7103,-646.7103,16.24724
1925,0.0052413,-763.2803,-763.2803,-91.092606
1926,0.005242912,-576.0887,-730.21045,-576.0887
1927,0.005244528,-56.14401,-56.14401,-716.14343
1928,0.005246152,534.57367,534.57367,-8.061354
1929,0.005247805,852.17303,852.17303,852.17303
1930,0.00524945,641.39276,641.39276,760.5402
1931,0.005251061,128.89128,128.89128,168.45818
1932,0.005252649,-372.27618,-372.27618,-372.27618
1933,0.005254258,-645.3558,-645.3558,-613.49884
1934,0.005255911,-735.4922,-735.4922,-752.44025
1935,0.005257583,-765.0692,-688.0805,-765.0692
1936,0.005259273,-823.8117,-823.8117,-673.9168
1937,0.005260961,-812.90784,-812.90784,-778.47156
1938,0.00526263,-590.55743,-590.55743,-590.55743
1939,0.005264252,-107.17995,-107.17995,-49.241043
1940,0.00526585,418.3508,418.3508,590.48553
1941,0.00526747,721.59485,721.59485,721.59485
1942,0.005269097,615.00195,615.00195,285.7824
1943,0.005270686,341.0073,341.0073,-147.54964
1944,0.005272258,220.9699,485.9547,220.9699
1945,0.005273831,467.58365,467.58365,1243.2083
1946,0.005275418,921.0053,921.0053,1739.2512
1947,0.005276943,1303.72,1303.72,1303.72
1948,0.005278433,1427.1617,1427.1617,771.8488
1949,0.005279947,1220.3024,1220.3024,591.134
1950,0.005281511,603.7043,603.7043,603.7043
1951,0.00528309,-385.75153,-385.75153,29.063646
1952,0.00528465,-1279.9812,-1279.9812,-1299.5144
1953,0.005286206,-1551.3738,-1426.831,-1551.3738
1954,0.005287796,-850.489,-850.489,-725.2332
1955,0.005289433,349.466,349.466,548.6457
1956,0.005291046,1227.6926,1227.6926,1227.6926
1957,0.005292587,1259.3796,1259.3796,1231.7668
1958,0.005294103,778.7924,778.7924,616.61053
1959,0.005295634,229.20427,229.20427,229.20427
1960,0.005297214,-40.183437,-40.183437,446.62616
1961,0.005298836,-79.74217,-79.74217,370.13397
1962,0.005300456,-75.76448,-65.58324,-75.76448
1963,0.005302066,-171.8083,-171.8083,-498.52618
1964,0.005303694,-300.95554,-300.95554,-581.8035
1965,0.005305348,-337.49493,-337.49493,-337.49493
1966,0.00530699,-200.84048,-200.84048,393.4738
1967,0.005308595,-15.4546995,-15.4546995,658.62225
1968,0.005310175,61.930836,61.930836,61.930836
1969,0.005311749,-65.22205,-65.22205,-631.7293
1970,0.005313338,-296.22507,-296.22507,-745.9325
1971,0.005314975,-476.702,-418.85678,-476.702
1972,0.005316638,-463.52472,-463.52472,-76.780106
1973,0.005318275,-268.4677,-268.4677,64.02458
1974,0.005319876,51.454273,51.454273,51.454273
1975,0.005321455,418.87378,418.87378,-57.92854
1976,0.005323003,644.28735,644.28735,264.5207
1977,0.005324572,521.4621,521.4621,521.4621
1978,0.005326112,-40.654858,-40.654858,131.46599
1979,0.005327624,-679.85486,-679.85486,-675.9208
1980,0.005329159,-964.991,-559.8247,-964.991
1981,0.005330743,-569.81415,-569.81415,-274.1512
1982,0.005332326,139.59303,139.59303,579.1418
1983,0.005333893,602.3488,602.3488,602.3488
1984,0.005335473,440.0341,440.0341,-273.17075
1985,0.005337056,-85.13381,-85.13381,-808.4325
1986,0.005338638,-536.94415,-536.94415,-536.94415
1987,0.005340229,-575.884,-575.884,150.46208
1988,0.005341864,-234.67517,-234.67517,474.62222
1989,0.005343425,306.23163,-132.24362,306.23163
1990,0.005344905,878.32806,878.32806,178.66522
1991,0.005346411,1360.5518,1360.5518,682.2082
1992,0.005347989,1576.798,1576.798,1576.798
1993,0.005349607,1366.4675,1366.4675,2144.7551
1994,0.005351234,874.869,874.869,1309.2042
1995,0.005352844,342.45425,342.45425,342.45425
1996,0.005354444,-51.824474,-51.824474,-155.06526
1997,0.005356064,-321.38028,-321.38028,-99.030106
1998,0.005357678,-515.11993,-559.3075,-515.11993
1999,0.00535927,-664.5587,-664.5587,-884.3973
2000,0.005360853,-714.99817,-714.99817,-949.6669
2001,0.00536246,-585.1121,-585.1121,-585.1121
2002,0.005364098,-230.74124,-230.74124,369.32147
2003,0.005365742,183.3382,183.3382,863.36053
2004,0.005367404,438.66913,438.66913,438.66913
2005,0.005369059,380.89526,380.89526,152.27458
2006,0.005370693,163.61522,163.61522,-72.948074
2007,0.005372355,2.219896,15.367975,2.219896
2008,0.00537403,67.312805,67.312805,567.50507
2009,0.005375718,287.04822,287.04822,837.67303
2010,0.00537741,522.091,522.091,522.091
2011,0.005379074,642.2486,642.2486,305.0871
2012,0.005380737,574.72864,574.72864,262.1535
2013,0.005382401,253.88005,253.88005,253.88005
2014,0.005384073,-308.79742,-308.79742,102.27849
2015,0.005385725,-770.2587,-770.2587,-490.9754
2016,0.005387343,-739.69415,-697.10065,-739.69415
2017,0.005388959,-27.57689,-27.57689,-280.40118
2018,0.005390537,840.4496,840.4496,606.9074
2019,0.005392101,1236.5558,1236.5558,1236.5558
2020,0.005393605,792.18536,792.18536,1002.509
2021,0.005395079,-46.90218,-46.90218,187.81364
2022,0.005396542,-721.97546,-721.97546,-721.97546
2023,0.005398012,-837.4832,-837.4832,-1083.6278
2024,0.005399528,-555.8061,-555.8061,-652.1004
2025,0.005401077,-213.12386,-472.74887,-213.12386
2026,0.005402672,-93.49943,-93.49943,-403.4637
2027,0.005404245,-94.11044,-94.11044,-156.75665
2028,0.005405792,-4.268385,-4.268385,-4.268385
2029,0.005407296,283.846,283.846,643.3293
2030,0.00540879,570.27045,570.27045,1120.88
2031,0.005410281,586.5715,586.5715,586.5715
2032,0.00541178,170.10512,170.10512,-446.3934
2033,0.005413316,-416.077,-416.077,-1060.1356
2034,0.005414916,-753.0496,-696.20245,-753.0496
2035,0.005416543,-490.19952,-490.19952,250.95427
2036,0.005418146,70.28933,70.28933,745.716
2037,0.005419688,477.4699,477.4699,477.4699
2038,0.005421237,462.81247,462.81247,18.15349
2039,0.005422799,166.89891,166.89891,-139.40901
2040,0.005424401,-156.66681,-156.66681,-156.66681
2041,0.005426049,-296.1757,-296.1757,-285.0262
2042,0.005427694,-334.93106,-334.93106,-299.10434
2043,0.005429341,-446.534,-304.65222,-446.534
2044,0.005430998,-732.67706,-732.67706,-764.3582
2045,0.00543262,-991.14624,-991.14624,-1045.487
2046,0.005434222,-972.7801,-972.7801,-972.7801
2047,0.005435831,-523.7785,-523.7785,-401.82306
2048,0.005437458,147.39613,147.39613,271.43863
2049,0.005439083,717.0363,717.0363,717.0363
2050,0.005440739,948.4965,948.4965,730.9386
2051,0.005442411,916.42065,916.42065,804.08704
2052,0.005444071,796.3957,709.0773,796.3957
2053,0.005445696,721.7698,721.7698,874.6418
2054,0.005447297,651.789,651.789,799.2472
2055,0.005448912,505.88394,505.88394,505.88394
2056,0.00545054,233.0364,233.0364,-175.87776
2057,0.005452178,-94.07302,-94.07302,-496.06528
2058,0.00545381,-366.55356,-366.55356,-366.55356
2059,0.005455473,-506.544,-506.544,-50.17854
2060,0.005457133,-529.7518,-529.7518,-208.42073
2061,0.005458795,-484.62387,-215.1457,-484.62387
2062,0.005460471,-421.99365,-421.99365,-776.8035
2063,0.005462059,-405.59726,-405.59726,-889.51056
2064,0.005463612,-486.70587,-486.70587,-486.70587
2065,0.005465142,-675.9787,-675.9787,-245.32307
2066,0.0054667,-838.4188,-838.4188,-572.4246
2067,0.005468282,-783.4793,-783.4793,-783.4793
2068,0.005469894,-380.36765,-380.36765,-483.81525
2069,0.005471527,185.59978,185.59978,231.52849
2070,0.005473175,629.36053,88.883995,629.36053
2071,0.005474854,727.0376,727.0376,367.39566
2072,0.005476493,559.9225,559.9225,291.5285
2073,0.005478069,298.57928,298.57928,298.57928
2074,0.005479618,58.437706,58.437706,116.89178
2075,0.00548117,-140.15488,-140.15488,-82.78792
2076,0.005482784,-297.95978,-297.95978,-297.95978
2077,0.005484476,-399.07904,-399.07904,-251.33089
2078,0.005486198,-396.73532,-396.73532,-440.16293
2079,0.005487934,-241.15901,-109.48733,-241.15901
2080,0.005489668,81.28969,81.28969,340.19254
2081,0.0054914,452.91608,452.91608,892.5324
2082,0.005493097,720.89954,720.89954,720.89954
2083,0.005494781,780.3339,780.3339,215.33318
2084,0.005496474,631.30054,631.30054,47.9113
2085,0.005498149,303.73553,303.73553,303.73553
2086,0.005499799,-152.09981,-152.09981,356.82144
2087,0.005501408,-619.2698,-619.2698,-262.94028
2088,0.005503009,-989.18634,-822.39655,-989.18634
2089,0.005504644,-1178.9698,-1178.9698,-1472.8192
2090,0.005506299,-1205.7341,-1205.7341,-1581.2098
2091,0.005507974,-1123.4442,-1123.4442,-1123.4442
2092,0.005509671,-976.5882,-976.5882,-207.79964
2093,0.005511391,-757.7393,-757.7393,-195.75665
2094,0.005513112,-449.5223,-449.5223,-449.5223
2095,0.005514844,-52.255993,-52.255993,-83.147285
2096,0.005516585,343.0736,343.0736,335.81757
2097,0.005518173,602.98944,229.3308,602.98944
2098,0.005519682,698.2906,698.2906,619.60266
2099,0.005521181,667.7746,667.7746,457.08707
2100,0.005522707,550.8918,550.8918,550.8918
2101,0.005524283,388.42685,388.42685,641.92694
2102,0.005525873,247.68893,247.68893,667.1418
2103,0.005527462,201.13396,201.13396,201.13396
2104,0.005529071,286.59247,286.59247,-94.11214
2105,0.005530735,402.19318,402.19318,77.52849
2106,0.005532417,388.99335,342.68137,388.99335
2107,0.005534076,138.96855,138.96855,69.66911
2108,0.005535758,-265.99628,-265.99628,-469.42462
2109,0.00553743,-680.9872,-680.9872,-680.9872
2110,0.005539085,-992.5452,-992.5452,-547.68243
2111,0.005540677,-1188.412,-1188.412,-780.616
2112,0.005542236,-1293.577,-1293.577,-1293.577
2113,0.005543769,-1328.4928,-1328.4928,-1822.163
2114,0.0055453,-1325.5728,-1325.5728,-1792.9012
2115,0.00554685,-1318.5652,-1157.295,-1318.5652
2116,0.005548429,-1317.2421,-1317.2421,-1001.24493
2117,0.005550011,-1228.5786,-1228.5786,-990.88947
2118,0.005551582,-936.07697,-936.07697,-936.07697
2119,0.005553177,-374.53674,-374.53674,-318.17856
2120,0.005554807,265.93924,265.93924,373.26675
2121,0.00555646,696.5754,696.5754,696.5754
2122,0.005558081,707.02094,707.02094,420.92303
2123,0.00555965,465.69733,465.69733,265.13004
2124,0.005561215,190.5949,333.5604,190.5949
2125,0.005562817,44.527996,44.527996,-26.248854
2126,0.005564468,22.77578,22.77578,-0.5574476
2127,0.005566153,68.34099,68.34099,68.34099
2128,0.005567849,116.08463,116.08463,-356.7059
2129,0.005569541,107.43923,107.43923,-401.20587
2130,0.005571162,-5.147291,-5.147291,-5.147291
2131,0.005572771,-236.01883,-236.01883,116.09099
2132,0.005574345,-474.68854,-474.68854,-51.22932
2133,0.005575916,-596.51447,-456.62164,-596.51447
2134,0.005577501,-522.5534,-522.5534,-848.4285
2135,0.005579077,-375.19394,-375.19394,-639.1473
2136,0.005580632,-325.26837,-325.26837,-325.26837
2137,0.005582239,-481.76797,-481.76797,-256.4637
2138,0.005583885,-698.21405,-698.21405,-534.39734
2139,0.005585539,-734.1551,-734.1551,-734.1551
2140,0.005587188,-436.9307,-436.9307,-682.659
2141,0.005588821,-13.242482,-13.242482,-222.0887
2142,0.005590465,256.47772,-348.57358,256.47772
2143,0.005592122,180.80087,180.80087,372.3605
2144,0.005593775,-21.12077,-21.12077,41.868332
2145,0.005595402,-29.205887,-29.205887,-29.205887
2146,0.005597015,343.4599,343.4599,594.0871
2147,0.005598577,827.76654,827.76654,1178.259
2148,0.00560011,1097.7745,1097.7745,1097.7745
2149,0.005601637,939.075,939.075,443.82147
2150,0.005603203,466.2908,466.2908,-172.08089
2151,0.00560481,-105.26448,221.81956,-105.26448
2152,0.00560638,-544.01855,-544.01855,-40.944164
2153,0.005607925,-791.995,-791.995,-396.6668
2154,0.005609507,-820.9559,-820.9559,-820.9559
2155,0.005611126,-610.5785,-610.5785,-613.116
2156,0.00561273,-289.8235,-289.8235,-360.07306
2157,0.005614323,-17.889479,-17.889479,-17.889479
2158,0.00561591,79.865814,79.865814,325.9074
2159,0.005617482,-8.141382,-8.141382,351.57147
2160,0.005618969,-248.9051,-6.0149274,-248.9051
2161,0.005620474,-612.3598,-612.3598,-1108.0574
2162,0.005622073,-979.37933,-979.37933,-1477.2059
2163,0.005623686,-1139.034,-1139.034,-1139.034
2164,0.005625325,-955.0126,-955.0126,-850.33875
2165,0.005626986,-571.3105,-571.3105,-435.34262
2166,0.005628617,-228.09651,-228.09651,-228.09651
2167,0.005630214,-83.18224,-83.18224,-139.60823
2168,0.005631855,-52.524525,-52.524525,-62.041824
2169,0.005633466,-1.5886977,114.47352,-1.5886977
2170,0.005635071,158.24162,158.24162,69.926926
2171,0.005636708,328.2855,328.2855,315.63397
2172,0.00563834,349.50507,349.50507,349.50507
2173,0.00564001,114.168915,114.168915,-54.897293
2174,0.005641683,-253.35884,-253.35884,-388.1668
2175,0.005643319,-560.06134,-560.06134,-560.06134
2176,0.005644958,-677.7428,-677.7428,-253.69026
2177,0.005646556,-633.1151,-633.1151,-229.0887
2178,0.005648078,-499.89337,-443.14468,-499.89337
2179,0.005649596,-325.38385,-325.38385,-649.7762
2180,0.005651138,-127.17169,-127.17169,-513.6122
2181,0.005652651,72.833176,72.833176,72.833176
2182,0.005654141,264.77142,264.77142,631.9777
2183,0.005655632,458.01855,458.01855,781.5949
2184,0.005657181,671.06366,671.06366,671.06366
2185,0.005658798,901.61414,901.61414,571.24335
2186,0.005660438,1067.5905,1067.5905,919.3488
2187,0.005662077,1069.7278,891.47797,1069.7278
2188,0.005663692,856.28784,856.28784,734.841
2189,0.005665298,528.32294,528.32294,360.95425
2190,0.005666906,218.21599,218.21599,218.21599
2191,0.005668503,35.58966,35.58966,261.00113
2192,0.005670103,-14.896125,-14.896125,180.90349
2193,0.005671748,52.57927,52.57927,52.57927
2194,0.005673379,199.76385,199.76385,7.063646
2195,0.005674967,305.67587,305.67587,61.247242
2196,0.005676531,246.99724,486.0463,246.99724
2197,0.005678107,-41.84737,-41.84737,164.44255
2198,0.005679735,-398.1019,-398.1019,-277.6551
2199,0.005681328,-559.7957,-559.7957,-559.7957
2200,0.005682929,-376.33997,-376.33997,-348.6512
2201,0.005684533,-24.569698,-24.569698,223.64177
2202,0.005686155,231.76677,231.76677,231.76677
2203,0.005687764,192.29037,192.29037,-88.38167
2204,0.005689365,-36.263744,-36.263744,-487.00278
2205,0.005690989,-282.07697,-99.34464,-282.07697
2206,0.005692639,-399.4866,-399.4866,-80.67854
2207,0.005694299,-390.13647,-390.13647,-57.2801
2208,0.005695948,-300.0809,-300.0809,-300.0809
2209,0.005697572,-191.10164,-191.10164,-315.38556
2210,0.00569918,-175.05374,-175.05374,-284.31918
2211,0.005700779,-372.5848,-372.5848,-372.5848
2212,0.005702409,-847.9937,-847.9937,-799.45197
2213,0.005704039,-1372.1964,-1372.1964,-1456.3464
2214,0.005705681,-1646.4637,-1134.0352,-1646.4637
2215,0.005707314,-1457.8174,-1457.8174,-1330.8192
2216,0.00570891,-986.1195,-986.1195,-1023.3348
2217,0.005710478,-481.26056,-481.26056,-481.26056
2218,0.005712059,-113.47105,-113.47105,-38.244946
2219,0.005713657,133.81866,133.81866,322.58707
2220,0.005715278,330.01675,330.01675,330.01675
2221,0.005716905,521.5976,521.5976,542.759
2222,0.005718496,657.235,657.235,708.6417
2223,0.005720048,674.1691,312.84872,674.1691
2224,0.005721555,548.6232,548.6232,627.509
2225,0.005723039,367.17233,367.17233,614.2707
2226,0.005724548,232.12616,232.12616,232.12616
2227,0.005726094,229.45091,229.45091,-362.39337
2228,0.005727646,330.8075,330.8075,-423.52618
2229,0.005729233,475.3996,475.3996,475.3996
2230,0.005730812,600.6602,600.6602,996.1456
2231,0.005732389,678.845,678.845,1005.884
2232,0.005733966,689.7042,338.97742,689.7042
2233,0.005735573,618.63,618.63,236.45818
2234,0.005737171,485.29596,485.29596,189.97772
2235,0.005738792,314.51288,314.51288,314.51288
2236,0.005740436,132.0312,132.0312,322.49335
2237,0.005742104,-42.64441,-42.64441,-25.334791
2238,0.005743717,-184.36604,-184.36604,-184.36604
2239,0.005745245,-281.0235,-281.0235,-375.034
2240,0.005746769,-338.03616,-338.03616,-403.55746
2241,0.005748344,-355.08868,-51.652573,-355.08868
2242,0.005749884,-340.0343,-340.0343,-481.5106
2243,0.005751382,-342.08963,-342.08963,-673.7059
2244,0.005752889,-416.3309,-416.3309,-416.3309
2245,0.005754446,-595.3556,-595.3556,-130.54573
2246,0.005756089,-784.53687,-784.53687,-229.1512
2247,0.005757764,-817.8387,-817.8387,-817.8387
2248,0.005759418,-599.0435,-599.0435,-1156.9481
2249,0.005761068,-309.93994,-309.93994,-997.5887
2250,0.005762711,-195.63167,-86.692894,-195.63167
2251,0.005764307,-394.4045,-394.4045,151.76286
2252,0.00576589,-688.1341,-688.1341,-159.24104
2253,0.005767448,-790.2254,-790.2254,-790.2254
2254,0.005769023,-518.13165,-518.13165,-805.7137
2255,0.005770615,-56.547367,-56.547367,-430.94028
2256,0.005772239,300.69644,300.69644,300.69644
2257,0.005773827,326.21985,326.21985,966.2902
2258,0.005775393,176.26472,176.26472,776.5675
2259,0.005776954,75.29802,-91.212524,75.29802
2260,0.005778478,171.18216,171.18216,-232.75276
2261,0.005780012,351.67227,351.67227,228.4152
2262,0.005781552,441.03632,441.03632,441.03632
2263,0.005783157,302.8518,302.8518,196.44257
2264,0.005784753,21.538614,21.538614,-78.00666
2265,0.005786346,-257.1043,-257.1043,-257.1043
2266,0.005787943,-414.72162,-414.72162,-283.70587
2267,0.005789551,-433.6141,-433.6141,-386.5301
2268,0.005791143,-323.33087,-393.43668,-323.33087
2269,0.00579264,-127.16408,-127.16408,-224.65901
2270,0.005794121,66.51431,66.51431,82.71209
2271,0.00579566,156.64177,156.64177,156.64177
2272,0.005797254,52.61782,52.61782,-36.1512
2273,0.005798856,-162.98549,-162.98549,-335.94806
2274,0.005800497,-358.12384,-358.12384,-358.12384
2275,0.005802124,-410.6285,-410.6285,168.57927
2276,0.005803735,-315.92413,-315.92413,506.8605
2277,0.005805337,-94.87776,-433.70087,-94.87776
2278,0.005806945,207.27592,207.27592,-705.5028
2279,0.00580852,424.18372,424.18372,-237.07307
2280,0.005810072,384.12613,384.12613,384.12613
2281,0.005811624,5.929049,5.929049,447.13788
2282,0.005813209,-452.8209,-452.8209,-264.73325
2283,0.005814803,-610.7098,-610.7098,-610.7098
2284,0.005816425,-215.94751,-215.94751,-695.0535
2285,0.005818044,384.22232,384.22232,-61.319168
2286,0.005819659,688.80975,353.71347,688.80975
2287,0.005821303,365.71515,365.71515,1018.61444
2288,0.00582294,-202.17708,-202.17708,446.6769
2289,0.005824564,-449.56134,-449.56134,-449.56134
2290,0.005826176,-18.782713,-18.782713,-584.4676
2291,0.005827799,723.50397,723.50397,301.80582
2292,0.005829438,1217.5988,1217.5988,1217.5988
2293,0.005831094,1051.7675,1051.7675,1325.466
2294,0.005832728,541.94257,541.94257,627.73944
2295,0.005834305,174.9738,35.121784,174.9738
2296,0.005835863,227.24092,227.24092,319.16132
2297,0.005837434,448.33197,448.33197,537.42303
2298,0.005839027,448.6144,448.6144,448.6144
2299,0.005840615,-27.414526,-27.414526,-256.95978
2300,0.005842174,-629.75775,-629.75775,-961.8035
2301,0.005843701,-902.07697,-902.07697,-902.07697
2302,0.005845207,-588.4923,-588.4923,-316.9598
2303,0.005846703,-41.762558,-41.762558,259.81757
2304,0.005848199,253.8449,-6.4514413,253.8449
2305,0.005849729,-38.315994,-38.315994,-215.0809
2306,0.005851312,-615.0833,-615.0833,-664.827
2307,0.005852881,-920.409,-920.409,-920.409
2308,0.005854453,-594.09424,-594.09424,-732.66296
2309,0.005856038,17.495337,17.495337,-130.99104
2310,0.005857612,369.13788,369.13788,369.13788
2311,0.00585919,97.0527,97.0527,-38.991043
2312,0.005860757,-491.19183,-491.19183,-817.4169
2313,0.005862329,-932.4246,-778.3863,-932.4246
2314,0.005863944,-876.5653,-876.5653,-555.3934
2315,0.005865613,-471.985,-471.985,91.34881
2316,0.005867287,-60.248856,-60.248856,-60.248856
2317,0.005868943,97.756615,97.756615,-380.58868
2318,0.005870582,118.86216,118.86216,-142.42073
2319,0.00587222,202.57927,202.57927,202.57927
2320,0.005873831,475.84665,475.84665,352.57928
2321,0.005875452,824.93396,824.93396,687.1574
2322,0.005877071,1068.634,517.39966,1068.634
2323,0.005878671,1072.9469,1072.9469,894.5831
2324,0.005880276,878.0554,878.0554,582.9465
2325,0.005881927,553.56366,553.56366,553.56366
2326,0.005883545,203.74461,203.74461,594.31757
2327,0.005885136,-56.577045,-56.577045,357.59097
2328,0.005886755,-113.47542,-113.47542,-113.47542
2329,0.005888396,106.75348,106.75348,39.87615
2330,0.005890059,423.75232,423.75232,632.1691
2331,0.005891715,576.4035,710.3568,576.4035
2332,0.005893344,401.22617,401.22617,140.39568
2333,0.00589488,91.08233,91.08233,-294.5301
2334,0.005896362,-139.00276,-139.00276,-139.00276
2335,0.005897849,-158.43123,-158.43123,3.048021
2336,0.00589942,-17.503698,-17.503698,71.67302
2337,0.005901,160.96208,160.96208,160.96208
2338,0.005902607,256.73737,256.73737,208.20819
2339,0.005904241,194.67908,194.67908,55.926926
2340,0.005905907,-93.82698,117.37547,-93.82698
2341,0.005907554,-600.0921,-600.0921,-438.45197
2342,0.005909181,-1069.8518,-1069.8518,-1026.616
2343,0.005910821,-1204.3466,-1204.3466,-1204.3466
2344,0.005912476,-802.43146,-802.43146,-826.51843
2345,0.005914141,-147.78867,-147.78867,-105.409004
2346,0.00591575,329.38007,329.38007,329.38007
2347,0.005917314,385.5639,385.5639,407.0949
2348,0.005918849,209.12257,209.12257,238.0871
2349,0.005920398,60.02068,208.54243,60.02068
2350,0.005921972,135.05424,135.05424,240.23161
2351,0.005923543,348.1026,348.1026,408.91913
2352,0.005925136,539.7785,539.7785,539.7785
2353,0.005926749,579.9206,579.9206,631.30585
2354,0.005928359,501.72345,501.72345,651.96204
2355,0.005929958,383.69257,383.69257,383.69257
2356,0.005931539,295.53748,295.53748,152.30975
2357,0.005933116,277.15234,277.15234,209.57146
2358,0.005934706,364.00507,141.06268,364.00507
2359,0.005936298,563.2888,563.2888,576.884
2360,0.005937872,763.3894,763.3894,805.9816
2361,0.005939409,832.74725,832.74725,832.74725
2362,0.005940921,696.0145,696.0145,565.2121
2363,0.005942449,427.6071,427.6071,258.54022
2364,0.005943981,144.70427,144.70427,144.70427
2365,0.005945537,-52.35313,-52.35313,-14.584791
2366,0.005947156,-121.27495,-121.27495,-43.17073
2367,0.005948792,-27.06526,-111.92286,-27.06526
2368,0.005950431,226.26418,226.26418,235.01678
2369,0.005952104,519.274,519.274,481.94257
2370,0.005953774,683.9855,683.9855,683.9855
2371,0.00595541,617.7773,617.7773,366.19644
2372,0.005957019,442.8851,442.8851,176.24724
2373,0.005958642,319.10663,319.10663,319.10663
2374,0.005960262,357.6267,357.6267,850.34485
2375,0.005961877,454.21298,454.21298,709.216
2376,0.00596344,456.36053,575.3146,456.36053
2377,0.00596498,264.704,264.704,-31.174635
2378,0.005966528,-92.63576,-92.63576,-407.24106
2379,0.005968101,-560.07697,-560.07697,-560.07697
2380,0.005969689,-1062.7645,-1062.7645,-459.66293
2381,0.005971316,-1492.1676,-1492.1676,-918.6981
2382,0.00597299,-1706.6746,-1706.6746,-1706.6746
2383,0.00597466,-1593.0342,-1593.0342,-1966.7411
2384,0.005976328,-1224.5284,-1224.5284,-1621.6395
2385,0.005977966,-725.11993,-834.57306,-725.11993
2386,0.005979529,-222.74313,-222.74313,16.743334
2387,0.005981111,206.92429,206.92429,192.96599
2388,0.005982721,453.95816,453.95816,453.95816
2389,0.005984318,448.35455,448.35455,333.59097
2390,0.005985893,326.7678,326.7678,165.31755
2391,0.005987525,264.63007,264.63007,264.63007
2392,0.005989176,401.98,401.98,448.67303
2393,0.005990819,637.7377,637.7377,646.12616
2394,0.005992465,813.0441,767.52673,813.0441
2395,0.005994102,807.3424,807.3424,550.3332
2396,0.005995696,663.3596,663.3596,484.43085
2397,0.005997302,451.0832,451.0832,451.0832
2398,0.005998898,240.83803,240.83803,497.0246
2399,0.00600043,93.36128,93.36128,409.4269
2400,0.006001962,48.676926,48.676926,48.676926
2401,0.006003516,140.20876,140.20876,-237.2762
2402,0.006005078,329.8941,329.8941,-166.56134
2403,0.00600661,553.30585,708.5314,553.30585
2404,0.006008158,765.06775,765.06775,1249.1223
2405,0.006009731,939.18994,939.18994,1515.0833
2406,0.006011294,1050.9542,1050.9542,1050.9542
2407,0.006012821,1081.9974,1081.9974,452.37616
2408,0.006014358,1017.1769,1017.1769,471.81366
2409,0.00601594,831.0441,831.0441,831.0441
2410,0.006017522,522.7914,522.7914,721.2629
2411,0.00601915,154.08476,154.08476,218.25114
2412,0.006020776,-169.1473,237.44559,-169.1473
2413,0.006022374,-378.54434,-378.54434,-152.81136
2414,0.006023977,-540.30975,-540.30975,-306.54965
2415,0.006025575,-743.6043,-743.6043,-743.6043
2416,0.006027158,-1036.4587,-1036.4587,-1373.3035
2417,0.006028716,-1312.303,-1312.303,-1585.6434
2418,0.006030288,-1438.8778,-1438.8778,-1438.8778
2419,0.006031878,-1320.6171,-1320.6171,-1150.4911
2420,0.006033458,-1068.2987,-1068.2987,-1087.3661
2421,0.006035031,-842.6004,-521.08527,-842.6004
2422,0.006036629,-756.95056,-756.95056,-682.6785
2423,0.00603826,-755.4959,-755.4959,-823.7332
2424,0.006039872,-730.5457,-730.5457,-730.5457
2425,0.006041473,-624.8316,-624.8316,-304.909
2426,0.006043091,-579.8591,-579.8591,-80.45979
2427,0.006044663,-781.43243,-781.43243,-781.43243
2428,0.006046165,-1262.993,-1262.993,-1552.9286
2429,0.006047637,-1658.4485,-1658.4485,-1837.3934
2430,0.006049124,-1528.5419,-1059.0062,-1528.5419
2431,0.006050636,-574.8388,-574.8388,-699.9832
2432,0.006052184,757.45044,757.45044,598.1027
2433,0.006053797,1759.1144,1759.1144,1759.1144
2434,0.006055453,1774.7418,1774.7418,1503.4348
2435,0.00605712,1083.0471,1083.0471,856.466
2436,0.006058811,241.31364,241.31364,241.31364
2437,0.006060472,-254.39859,-254.39859,-113.78791
2438,0.006062104,-384.07526,-384.07526,-273.7215
2439,0.006063724,-228.23323,-405.77472,-228.23323
2440,0.006065345,126.18641,126.18641,-44.1512
2441,0.006066972,514.28046,514.28046,388.63397
2442,0.006068571,744.93475,744.93475,744.93475
2443,0.006070161,692.6098,692.6098,492.2082
2444,0.006071785,398.3452,398.3452,101.33708
2445,0.006073434,-49.60432,-49.60432,-49.60432
2446,0.006075096,-534.5971,-534.5971,-24.987135
2447,0.00607675,-871.6048,-871.6048,-435.57306
2448,0.006078397,-870.577,-973.2064,-870.577
2449,0.006080036,-434.38614,-434.38614,-504.81528
2450,0.006081718,200.6986,200.6986,255.27069
2451,0.006083399,662.48553,662.48553,662.48553
2452,0.006085092,684.73663,684.73663,403.82535
2453,0.00608676,406.27808,406.27808,130.51286
2454,0.006088342,76.34099,76.34099,76.34099
2455,0.006089901,-142.48999,-142.48999,145.1027
2456,0.006091477,-193.24892,-193.24892,148.56755
2457,0.006093048,-36.377758,-271.32623,-36.377758
2458,0.006094629,320.22754,320.22754,-97.80745
2459,0.006096194,672.3483,672.3483,251.74333
2460,0.006097763,781.09485,781.09485,781.09485
2461,0.00609932,492.78366,492.78366,462.5949
2462,0.006100881,-3.2944024,-3.2944024,44.243336
2463,0.006102476,-437.49103,-437.49103,-437.49103
2464,0.006104073,-583.76337,-583.76337,-520.116
2465,0.006105664,-536.55536,-536.55536,-559.3543
2466,0.006107213,-468.50665,-393.74124,-468.50665
2467,0.006108713,-487.82028,-487.82028,-315.75665
2468,0.006110219,-514.5699,-514.5699,-400.81918
2469,0.006111795,-417.1473,-417.1473,-417.1473
2470,0.006113385,-108.21398,-108.21398,-157.5848
2471,0.006114945,249.51968,249.51968,293.33316
2472,0.006116523,455.99722,455.99722,455.99722
2473,0.006118163,353.48355,353.48355,-135.03401
2474,0.006119796,68.488495,68.488495,-588.38947
2475,0.006121452,-190.8387,65.0964,-190.8387
2476,0.006123113,-253.39833,-253.39833,679.31366
2477,0.006124756,-158.45644,-158.45644,671.36444
2478,0.006126399,4.43474,4.43474,4.43474
2479,0.006128016,152.92522,152.92522,-299.06915
2480,0.006129643,241.00784,241.00784,74.813644
2481,0.006131314,223.07927,223.07927,223.07927
2482,0.006132992,71.103,71.103,63.649586
2483,0.006134636,-145.17926,-145.17926,-321.18246
2484,0.006136249,-341.99884,-311.67667,-341.99884
2485,0.006137866,-458.01547,-458.01547,-225.10823
2486,0.006139457,-478.43924,-478.43924,-362.12384
2487,0.006141039,-404.7254,-404.7254,-404.7254
2488,0.006142653,-248.79323,-248.79323,-39.721508
2489,0.006144281,-97.16667,-97.16667,245.04022
2490,0.006145914,-58.59651,-58.59651,-58.59651
2491,0.006147552,-206.48335,-206.48335,-547.866
2492,0.00614923,-474.2757,-474.2757,-744.7254
2493,0.006150901,-741.06134,-432.63602,-741.06134
2494,0.006152579,-910.64355,-910.64355,-759.4442
2495,0.006154284,-962.2481,-962.2481,-797.36993
2496,0.006155981,-893.21375,-893.21375,-893.21375
2497,0.006157681,-712.80945,-712.80945,-824.9793
2498,0.006159394,-463.28183,-463.28183,-503.18634
2499,0.006161066,-205.9012,-205.9012,-205.9012
2500,0.006162713,24.621023,24.621023,-6.4676037
2501,0.006164313,242.85402,242.85402,185.02068
2502,0.006165887,479.37222,127.73781,479.37222
2503,0.00616747,744.97565,744.97565,819.509
2504,0.00616905,959.72644,959.72644,960.11835
2505,0.00617064,1024.9543,1024.9543,1024.9543
2506,0.006172254,865.9522,865.9522,708.9699
2507,0.006173871,539.0123,539.0123,417.80972
2508,0.006175437,149.9777,149.9777,149.9777
2509,0.006176976,-223.86642,-223.86642,9.731614
2510,0.006178568,-541.18896,-541.18896,-126.61995
2511,0.00618019,-733.2176,-491.58344,-733.2176
2512,0.006181798,-749.1572,-749.1572,-1125.3192
2513,0.006183437,-606.68744,-606.68744,-1049.7253
2514,0.006185079,-340.24884,-340.24884,-340.24884
2515,0.006186699,-2.7671664,-2.7671664,484.86053
2516,0.006188344,325.24295,325.24295,770.6027
2517,0.006190028,539.009,539.009,539.009
2518,0.006191677,569.7277,569.7277,188.17303
2519,0.006193314,551.11584,551.11584,238.3488
2520,0.006194948,653.80975,490.85577,653.80975
2521,0.006196554,968.71375,968.71375,1004.63007
2522,0.006198145,1313.1198,1313.1198,1331.0714
2523,0.006199765,1446.3956,1446.3956,1446.3956
2524,0.006201438,1183.0221,1183.0221,1292.7589
2525,0.006203097,728.04193,728.04193,900.6027
2526,0.006204715,387.06363,387.06363,387.06363
2527,0.006206351,345.2546,345.2546,254.73161
2528,0.006207993,457.54193,457.54193,335.48944
2529,0.006209618,484.7785,466.01358,484.7785
2530,0.00621124,270.99252,270.99252,474.2277
2531,0.006212855,-35.916992,-35.916992,161.87224
2532,0.006214511,-218.03401,-218.03401,-218.03401
2533,0.006216173,-108.43563,-108.43563,-230.7801
2534,0.006217821,137.481,137.481,86.42302
2535,0.006219467,292.09882,292.09882,292.09882
2536,0.006221092,190.32285,190.32285,55.75505
2537,0.00622272,-103.003914,-103.003914,-276.4481
2538,0.006224339,-466.75278,-60.801773,-466.75278
2539,0.006225928,-787.77167,-787.77167,-544.5262
2540,0.006227495,-997.99396,-997.99396,-779.38556
2541,0.006229089,-1038.8817,-1038.8817,-1038.8817
2542,0.006230739,-868.35956,-868.35956,-1117.0262
2543,0.006232379,-612.1533,-612.1533,-895.65515
2544,0.006233995,-437.5848,-437.5848,-437.5848
2545,0.006235613,-446.73508,-446.73508,-368.7762
2546,0.006237196,-528.28754,-528.28754,-417.8895
2547,0.006238784,-526.43243,-647.2208,-526.43243
2548,0.0062404,-328.63278,-328.63278,-401.87387
2549,0.006242078,-9.299099,-9.299099,22.12224
2550,0.006243807,279.98163,279.98163,279.98163
2551,0.006245546,391.55637,391.55637,677.9035
2552,0.006247264,305.77148,305.77148,503.2277
2553,0.006248937,44.66521,44.66521,44.66521
2554,0.006250568,-338.7554,-338.7554,-921.83093
2555,0.00625223,-691.2302,-691.2302,-1332.8427
2556,0.006253926,-799.9129,-618.4482,-799.9129
2557,0.006255616,-514.9255,-514.9255,-486.92853
2558,0.006257307,10.153466,10.153466,111.95818
2559,0.006259005,550.2004,550.2004,550.2004
2560,0.006260713,904.9834,904.9834,890.8527
2561,0.006262411,990.7566,990.7566,917.1418
2562,0.006264076,768.8136,768.8136,768.8136
2563,0.006265695,271.4507,271.4507,188.80193
2564,0.006267346,-288.06262,-288.06262,-196.61214
2565,0.006269016,-608.53015,-533.4707,-608.53015
2566,0.006270635,-495.06686,-495.06686,-651.30743
2567,0.006272247,-180.15747,-180.15747,-245.5262
2568,0.006273862,24.950365,24.950365,24.950365
2569,0.006275442,-85.95275,-85.95275,17.844896
2570,0.006277009,-319.37692,-319.37692,-111.791824
2571,0.006278599,-399.9051,-399.9051,-399.9051
2572,0.006280275,-115.03747,-115.03747,-33.553543
2573,0.006281948,308.76526,308.76526,488.46988
2574,0.006283617,521.99725,356.33615,521.99725
2575,0.006285294,289.3032,289.3032,-226.71762
2576,0.006286991,-176.83878,-176.83878,-741.2098
2577,0.006288663,-527.3582,-527.3582,-527.3582
2578,0.006290287,-525.8338,-525.8338,203.88005
2579,0.006291911,-266.9517,-266.9517,381.16522
2580,0.006293556,95.34881,95.34881,95.34881
2581,0.006295192,412.61404,412.61404,234.75114
2582,0.006296806,620.0464,620.0464,671.1925
2583,0.006298414,679.04803,360.40137,679.04803
2584,0.006300034,568.6095,568.6095,32.352707
2585,0.006301665,356.19623,356.19623,-384.01837
2586,0.006303299,136.44255,136.44255,136.44255
2587,0.006304926,-14.050718,-14.050718,953.0988
2588,0.006306499,-96.6104,-96.6104,811.6378
2589,0.006308103,-137.5301,-137.5301,-137.5301
2590,0.006309672,-156.82129,-156.82129,-726.83875
2591,0.006311262,-184.6652,-184.6652,-475.11215
2592,0.006312919,-256.2606,-8.343259,-256.2606
2593,0.006314596,-383.01614,-383.01614,-354.79965
2594,0.006316248,-471.9628,-471.9628,-832.409
2595,0.006317875,-414.74493,-414.74493,-414.74493
2596,0.006319483,-153.98851,-153.98851,151.38007
2597,0.006321106,203.26352,203.26352,624.4894
2598,0.00632273,498.6496,498.6496,498.6496
2599,0.006324324,610.8652,610.8652,225.12225
2600,0.006325899,572.0758,572.0758,195.85661
2601,0.006327465,442.71988,356.24164,442.71988
2602,0.006329072,269.8626,269.8626,788.2628
2603,0.006330694,90.21804,90.21804,669.4074
2604,0.006332329,-63.944168,-63.944168,-63.944168
2605,0.006333959,-174.0683,-174.0683,-665.51447
2606,0.00633558,-285.92825,-285.92825,-732.8895
2607,0.00633719,-459.327,-459.327,-459.327
2608,0.006338815,-722.36273,-722.36273,-239.94417
2609,0.00634045,-958.4729,-958.4729,-436.8543
2610,0.006342068,-1012.49493,-895.82275,-1012.49493
2611,0.0063437,-788.6058,-788.6058,-1497.5847
2612,0.006345388,-395.2427,-395.2427,-1163.1864
2613,0.006347061,-35.756664,-35.756664,-35.756664
2614,0.00634873,151.49104,151.49104,775.384
2615,0.006350445,234.5681,234.5681,729.9191
2616,0.006352146,330.99335,330.99335,330.99335
2617,0.006353803,504.47076,504.47076,164.14568
2618,0.006355392,611.0141,611.0141,468.77066
2619,0.006356941,490.23944,514.32874,490.23944
2620,0.0063585,59.074215,59.074215,46.458176
2621,0.006360102,-465.98593,-465.98593,-535.25275
2622,0.006361773,-744.68634,-744.68634,-744.68634
2623,0.006363491,-492.53275,-492.53275,-310.63165
2624,0.006365204,10.202006,10.202006,272.82538
2625,0.006366875,331.65347,331.65347,331.65347
2626,0.006368487,218.3624,218.3624,44.825363
2627,0.006370106,-116.54134,-116.54134,-388.3426
2628,0.00637174,-361.11603,-376.1457,-361.11603
2629,0.006373418,-261.54626,-261.54626,203.92302
2630,0.006375157,136.98904,136.98904,651.05585
2631,0.006376897,665.11053,665.11053,665.11053
2632,0.006378639,1139.1342,1139.1342,611.0832
2633,0.006380378,1332.655,1332.655,973.37225
2634,0.006382082,1024.673,1024.673,1024.673
2635,0.006383787,125.1588,125.1588,244.19255
2636,0.006385471,-952.53876,-952.53876,-942.8348
2637,0.006387051,-1682.03,-1126.7225,-1682.03
2638,0.006388639,-1820.9252,-1820.9252,-1734.0067
2639,0.006390261,-1488.1177,-1488.1177,-1322.1042
2640,0.00639191,-925.76056,-925.76056,-925.76056
2641,0.006393554,-377.5777,-377.5777,-741.0692
2642,0.00639522,62.94944,62.94944,-413.7606
2643,0.006396875,319.18082,319.18082,319.18082
2644,0.006398498,366.37704,366.37704,616.86444
2645,0.006400065,329.03723,329.03723,500.3488
2646,0.006401576,345.7785,113.42709,345.7785
2647,0.006403058,489.33685,489.33685,500.3488
2648,0.006404544,658.8914,658.8914,673.8136
2649,0.006406097,706.2394,706.2394,706.2394
2650,0.006407734,488.99213,488.99213,485.51285
2651,0.006409361,90.52751,90.52751,117.93084
2652,0.006411006,-351.89337,-351.89337,-351.89337
2653,0.006412657,-702.28156,-702.28156,-712.8348
2654,0.006414306,-879.5635,-879.5635,-891.95197
2655,0.006415932,-821.75665,-607.4395,-821.75665
2656,0.006417557,-513.33057,-513.33057,-680.64734
2657,0.006419169,-109.54971,-109.54971,-386.25668
2658,0.006420778,200.41911,200.41911,200.41911
2659,0.006422411,279.5006,279.5006,638.2785
2660,0.006424047,194.7171,194.7171,654.17303
2661,0.00642566,75.001144,75.001144,75.001144
2662,0.006427272,6.956373,6.956373,-407.5965
2663,0.006428905,-66.62427,-66.62427,-448.48715
2664,0.006430522,-237.00276,-141.05519,-237.00276
2665,0.006432145,-552.252,-552.252,-279.1629
2666,0.006433793,-876.6653,-876.6653,-688.6629
2667,0.006435438,-1011.89734,-1011.89734,-1011.89734
2668,0.006437104,-827.7167,-827.7167,-641.70197
2669,0.006438795,-459.42603,-459.42603,-86.8387
2670,0.006440467,-133.18636,-133.18636,-133.18636
2671,0.006442085,-13.379627,-13.379627,-502.09653
2672,0.006443697,-62.927612,-62.927612,-506.13556
2673,0.006445331,-215.84259,-45.100994,-215.84259
2674,0.006446982,-403.6668,-403.6668,1.99724
2675,0.006448636,-551.46344,-551.46344,-117.51448
2676,0.006450249,-585.44025,-585.44025,-585.44025
2677,0.006451847,-470.38766,-470.38766,-811.57697
2678,0.00645345,-275.13864,-275.13864,-625.6981
2679,0.006455059,-95.92073,-95.92073,-95.92073
2680,0.006456609,-8.521605,-8.521605,386.39957
2681,0.006458146,16.015047,16.015047,534.2824
2682,0.00645967,20.981613,-333.2357,20.981613
2683,0.00646119,35.962353,35.962353,-558.3621
2684,0.006462728,42.34639,42.34639,-443.87775
2685,0.006464261,8.727709,8.727709,8.727709
2686,0.006465779,-79.495094,-79.495094,237.18864
2687,0.006467288,-176.81595,-176.81595,81.60661
2688,0.006468812,-224.5223,-224.5223,-224.5223
2689,0.00647034,-185.83447,-185.83447,-449.36215
2690,0.006471893,-126.04004,-126.04004,-416.85434
2691,0.006473505,-144.64339,-238.31345,-144.64339
2692,0.006475171,-320.64026,-320.64026,-191.3387
2693,0.006476856,-564.1719,-564.1719,-467.63556
2694,0.006478499,-730.8895,-730.8895,-730.8895
2695,0.006480103,-722.2781,-722.2781,-558.5887
2696,0.006481682,-537.4695,-537.4695,-310.9715
2697,0.006483257,-190.12386,-190.12386,-190.12386
2698,0.006484846,279.1006,279.1006,-13.869947
2699,0.006486476,689.8703,689.8703,444.91132
2700,0.006488139,790.61444,766.11664,790.61444
2701,0.006489768,432.65314,432.65314,595.4035
2702,0.006491381,-126.45101,-126.45101,-3.108229
2703,0.00649301,-557.9168,-557.9168,-557.9168
2704,0.006494657,-599.37195,-599.37195,-417.55353
2705,0.006496311,-338.06216,-338.06216,-169.7176
2706,0.006497963,39.60271,39.60271,39.60271
2707,0.006499642,377.1046,377.1046,-85.32698
2708,0.006501331,605.3449,605.3449,119.57537
2709,0.006503013,683.3449,644.6957,683.3449
2710,0.006504687,589.79364,589.79364,926.17303
2711,0.00650639,356.5578,356.5578,811.3683
2712,0.006508107,34.30974,34.30974,34.30974
2713,0.006509801,-303.2875,-303.2875,-617.88947
2714,0.006511447,-539.20044,-539.20044,-966.7723
2715,0.006513099,-564.00665,-564.00665,-564.00665
2716,0.006514742,-311.0231,-311.0231,-167.49886
2717,0.006516404,83.31494,83.31494,84.12224
2718,0.006518049,416.6105,-153.57054,416.6105
2719,0.006519663,548.9288,548.9288,704.9816
2720,0.006521253,541.55255,541.55255,642.5871
2721,0.006522857,493.45816,493.45816,493.45816
2722,0.006524484,470.31723,470.31723,305.27457
2723,0.006526098,409.70917,409.70917,334.35663
2724,0.006527728,213.49333,213.49333,213.49333
2725,0.00652941,-173.85356,-173.85356,-217.25667
2726,0.00653107,-549.21326,-549.21326,-540.49493
2727,0.006532673,-672.8387,-484.99814,-672.8387
2728,0.006534301,-413.45807,-413.45807,-623.82306
2729,0.006535958,42.106342,42.106342,-283.90118
2730,0.006537618,392.02457,392.02457,392.02457
2731,0.006539315,428.51935,428.51935,678.6379
2732,0.006541006,337.87167,337.87167,639.8527
2733,0.006542673,414.04803,414.04803,414.04803
2734,0.006544324,820.1778,820.1778,662.4621
2735,0.006545981,1272.5001,1272.5001,1191.5245
2736,0.006547613,1372.2589,1046.8025,1372.2589
2737,0.006549233,887.66986,887.66986,938.98944
2738,0.00655085,126.0436,126.0436,49.05193
2739,0.006552436,-468.99884,-468.99884,-468.99884
2740,0.006554019,-610.4934,-610.4934,-449.22543
2741,0.006555638,-439.45877,-439.45877,-287.00278
2742,0.006557266,-219.99886,-219.99886,-219.99886
2743,0.00655889,-173.10555,-173.10555,-525.3426
2744,0.006560504,-287.85645,-287.85645,-457.452
2745,0.006562108,-496.72543,-431.1804,-496.72543
2746,0.00656372,-721.5032,-721.5032,-828.6121
2747,0.006565331,-817.8526,-817.8526,-1033.077
2748,0.006566921,-632.01843,-632.01843,-632.01843
2749,0.006568475,-118.87531,-118.87531,235.76677
2750,0.006570019,435.1689,435.1689,725.2667
2751,0.006571561,670.30194,670.30194,670.30194
2752,0.006573088,366.64224,366.64224,272.73944
2753,0.006574643,-173.67339,-173.67339,-140.50276
2754,0.006576212,-487.48712,-457.60297,-487.48712
2755,0.00657779,-241.24542,-241.24542,-125.592606
2756,0.006579396,303.14816,303.14816,348.70038
2757,0.006581023,699.6652,699.6652,699.6652
2758,0.006582642,612.19086,612.19086,446.173
2759,0.00658425,253.46085,253.46085,9.571459
2760,0.006585863,-41.9051,-41.9051,-41.9051
2761,0.006587496,-42.175636,-42.175636,224.2902
2762,0.006589131,49.721664,49.721664,314.87613
2763,0.006590683,-69.01448,-26.531944,-69.01448
2764,0.006592236,-551.4199,-551.4199,-597.37384
2765,0.006593851,-1106.4117,-1106.4117,-1146.7644
2766,0.006595454,-1246.4558,-1246.4558,-1246.4558
2767,0.006596969,-731.89075,-731.89075,-875.28796
2768,0.006598453,36.522564,36.522564,-165.99886
2769,0.006599933,579.23553,579.23553,579.23553
2770,0.006601451,539.39935,539.39935,512.841
2771,0.006603029,48.948456,48.948456,73.739426
2772,0.006604622,-558.36993,-216.87419,-558.36993
2773,0.006606142,-963.9099,-963.9099,-1123.7411
2774,0.006607655,-1136.7617,-1136.7617,-1311.3348
2775,0.00660921,-1066.288,-1066.288,-1066.288
2776,0.006610729,-768.12695,-768.12695,-585.6668
2777,0.006612265,-338.26276,-338.26276,-386.10825
2778,0.006613818,100.11443,100.11443,100.11443
2779,0.006615424,451.43817,451.43817,344.07925
2780,0.006617104,724.30237,724.30237,922.0324
2781,0.006618741,945.3996,551.72485,945.3996
2782,0.006620348,1137.7611,1137.7611,1075.8918
2783,0.006621965,1210.0996,1210.0996,1253.0637
2784,0.006623604,1030.63,1030.63,1030.63
2785,0.006625268,516.7731,516.7731,103.758965
2786,0.006626926,-151.67192,-151.67192,-721.31525
2787,0.006628578,-737.1239,-737.1239,-737.1239
2788,0.00663026,-1037.7568,-1037.7568,-690.7215
2789,0.00663195,-942.2012,-942.2012,-711.577
2790,0.006633558,-418.5301,-652.1598,-418.5301
2791,0.006635112,454.74554,454.74554,386.1769
2792,0.006636641,1278.8809,1278.8809,1359.509
2793,0.006638075,1603.388,1603.388,1603.388
2794,0.006639481,1256.299,1256.299,1093.0206
2795,0.006640898,556.72736,556.72736,429.30582
2796,0.006642352,-46.569164,-46.569164,-46.569164
2797,0.00664391,-160.91983,-160.91983,-314.03793
2798,0.00664555,120.14898,120.14898,-83.85823
2799,0.0066472,447.341,42.413372,447.341
2800,0.006648844,531.6703,531.6703,548.4777
2801,0.006650472,453.50925,453.50925,440.7355
2802,0.006652096,378.9738,378.9738,378.9738
2803,0.006653721,418.6933,418.6933,517.61444
2804,0.006655335,474.81653,474.81653,561.9035
2805,0.006656888,407.20816,407.20816,407.20816
2806,0.006658357,158.87303,158.87303,134.64568
2807,0.006659824,-153.61646,-153.61646,-201.19026
2808,0.006661313,-372.00665,-553.27026,-372.00665
2809,0.006662797,-367.20193,-367.20193,-263.62775
2810,0.006664349,-174.24034,-174.24034,-63.50276
2811,0.006665973,126.278496,126.278496,126.278496
2812,0.006667593,418.1331,418.1331,293.19647
2813,0.006669232,609.237,609.237,540.05585
2814,0.006670891,600.9504,600.9504,600.9504
2815,0.006672569,334.97043,334.97043,410.89566
2816,0.006674266,-58.29741,-58.29741,30.950365
2817,0.006675915,-380.92075,-329.24323,-380.92075
2818,0.006677538,-500.01703,-500.01703,-525.75275
2819,0.006679136,-406.18106,-406.18106,-374.28403
2820,0.006680682,-125.97151,-125.97151,-125.97151
2821,0.006682216,303.42316,303.42316,286.80975
2822,0.006683768,762.5421,762.5421,783.00116
2823,0.006685381,1100.8488,1100.8488,1100.8488
2824,0.006686927,1173.4279,1173.4279,1177.677
2825,0.006688417,1050.8004,1050.8004,1044.3137
2826,0.006689923,813.16125,680.05945,813.16125
2827,0.006691495,520.6782,520.6782,427.54413
2828,0.006693048,238.85619,238.85619,77.15349
2829,0.006694606,8.895678,8.895678,8.895678
2830,0.006696193,-140.00955,-140.00955,280.0207
2831,0.006697811,-237.18172,-237.18172,294.966
2832,0.006699424,-330.17853,-330.17853,-330.17853
2833,0.006701011,-438.7417,-438.7417,-902.9833
2834,0.006702603,-468.37912,-468.37912,-1107.7528
2835,0.006704226,-286.66684,-66.06922,-286.66684
2836,0.006705906,192.71263,192.71263,389.53632
2837,0.00670758,737.9867,737.9867,956.5324
2838,0.006709215,1047.7004,1047.7004,1047.7004
2839,0.006710819,937.94507,937.94507,536.2863
2840,0.006712434,513.5918,513.5918,121.19255
2841,0.006714062,-54.764477,-54.764477,-54.764477
2842,0.006715695,-605.19836,-605.19836,-353.47934
2843,0.006717269,-1037.1279,-1037.1279,-891.53406
2844,0.0067188,-1307.3505,-957.19653,-1307.3505
2845,0.006720341,-1383.21,-1383.21,-1228.0575
2846,0.006721916,-1245.7603,-1245.7603,-947.49884
2847,0.006723511,-882.3621,-882.3621,-882.3621
2848,0.006725133,-329.31125,-329.31125,-703.4364
2849,0.006726758,159.11823,159.11823,-104.647285
2850,0.006728401,277.0207,277.0207,277.0207
2851,0.006730066,-172.40762,-172.40762,-90.98714
2852,0.006731746,-842.4186,-842.4186,-1020.9871
2853,0.006733428,-1224.3933,-719.0336,-1224.3933
2854,0.006735125,-956.37427,-956.37427,-754.1434
2855,0.006736807,-299.5221,-299.5221,77.04803
2856,0.006738503,343.82538,343.82538,343.82538
2857,0.006740226,637.26874,637.26874,93.176926
2858,0.006741934,567.64325,567.64325,99.07927
2859,0.006743609,228.9074,228.9074,228.9074
2860,0.006745289,-274.87744,-274.87744,-153.49104
2861,0.006746923,-717.1652,-717.1652,-712.3934
2862,0.006748503,-886.7293,-753.13513,-886.7293
2863,0.006750047,-680.1878,-680.1878,-574.8973
2864,0.006751586,-266.65283,-266.65283,-127.78792
2865,0.006753156,132.15349,132.15349,132.15349
2866,0.00675475,320.91293,320.91293,216.08318
2867,0.006756366,312.7339,312.7339,332.06366
2868,0.006757913,189.44646,189.44646,189.44646
2869,0.0067594,31.09479,31.09479,-134.01057
2870,0.006760899,-99.42307,-99.42307,-293.48322
2871,0.006762489,-128.66682,-80.665695,-128.66682
2872,0.00676411,0.7026279,0.7026279,213.3527
2873,0.006765719,173.36743,173.36743,332.0285
2874,0.006767306,236.76677,236.76677,236.76677
2875,0.006768837,109.92704,109.92704,-25.93245
2876,0.006770295,-70.53804,-70.53804,-291.4012
2877,0.006771723,-155.64728,-155.64728,-155.64728
2878,0.006773149,-55.578835,-55.578835,180.58318
2879,0.006774604,133.64769,133.64769,363.38007
2880,0.006776115,256.29022,81.2552,256.29022
2881,0.006777712,160.58626,160.58626,-298.49496
2882,0.006779348,-137.15605,-137.15605,-642.9871
2883,0.006781024,-557.4715,-557.4715,-557.4715
2884,0.006782662,-970.0941,-970.0941,-476.36212
2885,0.006784253,-1200.3687,-1200.3687,-934.1434
2886,0.006785822,-1083.5183,-1083.5183,-1083.5183
2887,0.006787406,-541.3389,-541.3389,-837.6004
2888,0.006789004,107.11555,107.11555,-99.03792
2889,0.006790619,421.71988,-256.1853,421.71988
2890,0.006792286,97.469666,97.469666,419.1105
2891,0.006793963,-448.3319,-448.3319,-59.924633
2892,0.006795611,-584.1434,-584.1434,-584.1434
2893,0.006797233,49.49555,49.49555,-468.0106
2894,0.006798815,948.57855,948.57855,602.49725
2895,0.006800366,1479.5833,1479.5833,1479.5833
2896,0.006801907,1240.7998,1240.7998,1255.6495
2897,0.006803471,510.2499,510.2499,340.37225
2898,0.006805097,-257.00275,127.236565,-257.00275
2899,0.006806761,-623.7037,-623.7037,-282.74496
2900,0.006808405,-640.56964,-640.56964,-269.9598
2901,0.006809962,-514.6043,-514.6043,-514.6043
2902,0.006811507,-384.5864,-384.5864,-538.38556
2903,0.006813049,-247.76598,-247.76598,-350.19806
2904,0.006814637,-63.0262,-63.0262,-63.0262
2905,0.006816308,191.24069,191.24069,128.70818
2906,0.006818,406.74957,406.74957,247.19255
2907,0.006819664,445.923,97.423515,445.923
2908,0.006821306,247.73427,247.73427,535.7199
2909,0.006822959,-20.498323,-20.498323,278.89566
2910,0.006824571,-129.53401,-129.53401,-129.53401
2911,0.006826164,38.92908,38.92908,-162.03792
2912,0.006827786,280.9859,280.9859,173.49333
2913,0.006829381,296.82147,296.82147,296.82147
2914,0.006830957,-78.27556,-78.27556,-244.51057
2915,0.006832536,-577.2826,-577.2826,-805.37775
2916,0.006834158,-822.8621,-656.7832,-822.8621
2917,0.006835803,-527.683,-527.683,-509.17465
2918,0.006837462,7.91479,7.91479,-80.7762
2919,0.006839112,313.48163,313.48163,313.48163
2920,0.006840707,94.19965,94.19965,-103.221504
2921,0.006842241,-352.99094,-352.99094,-702.0887
2922,0.006843734,-668.2137,-668.2137,-668.2137
2923,0.006845217,-621.6416,-621.6416,-468.61606
2924,0.006846714,-311.16183,-311.16183,-60.037914
2925,0.006848248,85.91521,-230.24208,85.91521
2926,0.006849819,397.6433,397.6433,94.278496
2927,0.006851382,555.2014,555.2014,467.23163
2928,0.006852967,531.716,531.716,531.716
2929,0.006854589,319.43457,319.43457,344.13788
2930,0.006856241,42.46383,42.46383,85.29803
2931,0.006857886,-124.85041,-124.85041,-124.85041
2932,0.006859484,-78.1838,-78.1838,-148.32307
2933,0.00686105,50.81615,50.81615,-31.803541
2934,0.006862549,95.938644,89.413,95.938644
2935,0.006864002,-16.643564,-16.643564,19.930834
2936,0.006865462,-129.71097,-129.71097,-68.81526
2937,0.006866968,-19.280104,-19.280104,-19.280104
2938,0.006868538,485.97678,485.97678,400.1613
2939,0.006870187,1147.1333,1147.1333,1046.0637
2940,0.006871862,1513.5792,1513.5792,1513.5792
2941,0.0068735,1278.6495,1278.6495,1209.4114
2942,0.006875159,725.0293,725.0293,666.56366
2943,0.006876846,281.96597,352.4003,281.96597
2944,0.006878483,270.13626,270.13626,169.53241
2945,0.006880098,452.0645,452.0645,219.2863
2946,0.006881706,493.9582,493.9582,493.9582
2947,0.006883334,161.38544,161.38544,667.54803
2948,0.006884987,-387.30853,-387.30853,63.559742
2949,0.006886642,-867.21765,-867.21765,-867.21765
2950,0.006888259,-1046.1156,-1046.1156,-1322.198
2951,0.006889811,-929.7568,-929.7568,-1112.2957
2952,0.006891326,-571.26447,-769.8142,-571.26447
2953,0.006892844,-38.460133,-38.460133,-85.78401
2954,0.006894379,432.44968,432.44968,325.07535
2955,0.006895945,540.98553,540.98553,540.98553
2956,0.006897553,78.85104,78.85104,304.11832
2957,0.006899168,-599.53326,-599.53326,-320.06915
2958,0.006900785,-979.8778,-979.8778,-979.8778
2959,0.00690239,-725.5493,-725.5493,-1183.1317
2960,0.006903985,-200.91615,-200.91615,-364.45197
2961,0.00690558,74.56756,-114.35485,74.56756
2962,0.006907182,-248.71115,-248.71115,-3.4168227
2963,0.0069088,-833.62866,-833.62866,-630.06134
2964,0.006910432,-1145.5496,-1145.5496,-1145.5496
2965,0.006912084,-789.1539,-789.1539,-725.95197
2966,0.006913791,-20.301552,-20.301552,-149.62386
2967,0.006915519,659.2316,659.2316,659.2316
2968,0.006917205,848.57135,848.57135,726.0793
2969,0.006918885,696.2146,696.2146,348.25894
2970,0.006920579,450.55585,795.4141,450.55585
2971,0.006922247,305.69534,305.69534,452.39175
2972,0.006923939,201.02681,201.02681,491.00504
2973,0.006925668,13.919115,13.919115,13.919115
2974,0.006927402,-316.04764,-316.04764,-636.90125
2975,0.006929148,-584.98206,-584.98206,-778.06134
2976,0.006930917,-509.6629,-509.6629,-509.6629
2977,0.006932667,64.81715,64.81715,-29.416822
2978,0.006934342,759.9678,759.9678,431.25504
2979,0.006935915,1165.0753,812.8491,1165.0753
2980,0.006937488,1073.4834,1073.4834,1300.7433
2981,0.006939009,636.5864,636.5864,886.6379
2982,0.00694053,66.126144,66.126144,66.126144
2983,0.006942108,-471.94672,-471.94672,-546.76447
2984,0.006943755,-869.69446,-869.69446,-1079.4832
2985,0.00694538,-1017.1903,-1017.1903,-1017.1903
2986,0.006946973,-891.28705,-891.28705,-1194.6825
2987,0.006948533,-646.1679,-646.1679,-1209.0809
2988,0.006950089,-457.97934,-554.6147,-457.97934
2989,0.006951653,-437.63712,-437.63712,-547.32697
2990,0.006953242,-441.4832,-441.4832,-23.116041
2991,0.006954851,-248.1512,-248.1512,-248.1512
2992,0.006956417,260.8672,260.8672,-67.45589
2993,0.006957951,861.1745,861.1745,306.37222
2994,0.006959498,1280.9465,1280.9465,1280.9465
2995,0.006961071,1305.2637,1305.2637,1614.9543
2996,0.006962636,1048.9202,1048.9202,1285.5284
2997,0.006964198,718.23944,425.23376,718.23944
2998,0.006965805,470.28525,470.28525,493.32144
2999,0.006967437,313.2085,313.2085,338.19644
3000,0.006969037,208.17693,208.17693,208.17693
3001,0.006970669,111.0719,111.0719,74.00896
3002,0.006972313,2.405363,2.405363,54.887863
3003,0.006973919,-130.05745,-130.05745,-130.05745
3004,0.006975538,-293.20425,-293.20425,-462.06918
3005,0.006977149,-438.96854,-438.96854,-751.38947
3006,0.006978738,-509.76447,-277.33624,-509.76447
3007,0.006980359,-463.97736,-463.97736,347.5402
3008,0.006982075,-302.63556,-302.63556,600.9504
3009,0.006983808,-56.95198,-56.95198,-56.95198
3010,0.006985516,220.62927,220.62927,-406.88168
3011,0.006987223,444.24588,444.24588,-111.5301
3012,0.0069889,515.23944,515.23944,515.23944
3013,0.006990489,390.5808,390.5808,423.62225
3014,0.006992049,153.49463,153.49463,3.0363023
3015,0.006993583,-97.948074,-184.97601,-97.948074
3016,0.006995114,-294.50528,-294.50528,-8.451979
3017,0.006996698,-440.39294,-440.39294,-163.10823
3018,0.006998241,-544.4793,-544.4793,-544.4793
3019,0.006999767,-609.13446,-609.13446,-731.09656
3020,0.007001333,-554.1405,-554.1405,-549.241
3021,0.007002953,-257.5418,-257.5418,-257.5418
3022,0.007004625,344.64102,344.64102,328.466
3023,0.007006233,950.1596,950.1596,868.0363
3024,0.007007811,1257.5792,1113.1261,1257.5792
3025,0.007009436,1068.7927,1068.7927,1333.1067
3026,0.007011093,587.0385,587.0385,864.4816
3027,0.007012693,180.16911,180.16911,180.16911
3028,0.007014271,70.74584,70.74584,90.84099
3029,0.007015856,143.3318,143.3318,154.11833
3030,0.007017447,203.3527,203.3527,203.3527
3031,0.007019029,109.548615,109.548615,92.665215
3032,0.007020648,-61.24097,-61.24097,-109.55354
3033,0.007022256,-164.06526,-7.7604237,-164.06526
3034,0.007023831,-104.94724,-104.94724,64.126144
3035,0.00702539,37.439434,37.439434,343.1144
3036,0.007026931,150.33318,150.33318,150.33318
3037,0.007028467,166.12906,166.12906,3.9698963
3038,0.007030023,171.87697,171.87697,-61.95198
3039,0.007031597,298.95038,298.95038,298.95038
3040,0.007033184,625.9075,625.9075,512.11053
3041,0.007034813,996.5391,996.5391,903.716
3042,0.007036463,1162.0598,1229.4095,1162.0598
3043,0.007038096,951.925,951.925,971.3175
3044,0.00703968,539.57336,539.57336,453.6496
3045,0.007041196,154.13396,154.13396,154.13396
3046,0.007042679,-63.438694,-63.438694,159.82928
3047,0.007044181,-114.281784,-114.281784,323.01678
3048,0.007045757,-13.787916,-13.787916,-13.787916
3049,0.007047414,202.00728,202.00728,-282.31918
3050,0.007049061,365.7155,365.7155,-250.85823
3051,0.007050694,292.4074,-71.39684,292.4074
3052,0.007052349,-130.21382,-130.21382,460.38397
3053,0.007054029,-704.40173,-704.40173,-311.12775
3054,0.007055702,-1125.6082,-1125.6082,-1125.6082
3055,0.007057327,-1169.0142,-1169.0142,-1214.4364
3056,0.007058926,-881.9174,-881.9174,-724.4403
3057,0.007060513,-352.8426,-352.8426,-352.8426
3058,0.007062123,326.28726,326.28726,52.567554
3059,0.007063753,945.83887,945.83887,595.9621
3060,0.00706536,1252.6262,692.1526,1252.6262
3061,0.007066906,1115.0044,1115.0044,1080.0988
3062,0.007068462,696.6419,696.6419,392.6457
3063,0.007070074,205.39958,205.39958,205.39958
3064,0.007071696,-144.74042,-144.74042,291.1535
3065,0.007073313,-322.6603,-322.6603,-5.5340104
3066,0.007074933,-346.91293,-346.91293,-346.91293
3067,0.007076539,-255.00772,-255.00772,-330.51447
3068,0.007078124,-160.95863,-160.95863,-18.549635
3069,0.007079742,-193.47151,-140.89984,-193.47151
3070,0.007081373,-421.39716,-421.39716,-500.92075
3071,0.007082987,-622.62164,-622.62164,-716.8192
3072,0.007084623,-509.3309,-509.3309,-509.3309
3073,0.007086284,113.23935,113.23935,201.12616
3074,0.007087918,931.61273,931.61273,1034.0051
3075,0.007089563,1550.4816,1550.4816,1550.4816
3076,0.007091189,1656.2456,1656.2456,1576.4816
3077,0.00709279,1361.0812,1361.0812,1232.9073
3078,0.007094405,852.24335,733.86053,852.24335
3079,0.007096032,316.31238,316.31238,304.30972
3080,0.007097636,-55.888992,-55.888992,-149.91682
3081,0.007099207,-101.4637,-101.4637,-101.4637
3082,0.007100759,234.23592,234.23592,197.34099
3083,0.007102321,655.64514,655.64514,674.8488
3084,0.007103899,766.9035,766.9035,766.9035
3085,0.007105401,342.7223,342.7223,149.20036
3086,0.007106902,-287.0831,-287.0831,-421.81137
3087,0.007108421,-678.7137,-245.25308,-678.7137
3088,0.007109995,-496.03482,-496.03482,-497.81915
3089,0.007111631,-1.4458207,-1.4458207,-110.998856
3090,0.007113253,287.60663,287.60663,287.60663
3091,0.007114856,29.981556,29.981556,-38.0262
3092,0.007116463,-494.08667,-494.08667,-673.3973
3093,0.007118085,-853.13556,-853.13556,-853.13556
3094,0.007119719,-715.5548,-715.5548,-24.221512
3095,0.007121342,-240.94896,-240.94896,592.9191
3096,0.007122896,272.66132,-52.666073,272.66132
3097,0.007124458,638.63995,638.63995,-411.48322
3098,0.007126032,810.0387,810.0387,-312.2762
3099,0.007127624,777.2941,777.2941,777.2941
3100,0.007129224,568.8334,568.8334,1659.2004
3101,0.007130855,366.9632,366.9632,1362.9309
3102,0.007132478,409.2394,409.2394,409.2394
3103,0.007134081,807.0443,807.0443,320.7941
3104,0.007135682,1233.4916,1233.4916,1018.0285
3105,0.007137233,1265.3059,1196.4558,1265.3059
3106,0.007138786,674.3133,674.3133,593.7785
3107,0.007140354,-181.70695,-181.70695,-281.24496
3108,0.007141959,-772.8348,-772.8348,-772.8348
3109,0.00714358,-688.2951,-688.2951,-688.7684
3110,0.007145176,-282.7766,-282.7766,-382.159
3111,0.007146759,-80.842606,-80.842606,-80.842606
3112,0.007148261,-391.40482,-391.40482,-132.20589
3113,0.00714972,-887.36115,-887.36115,-685.3426
3114,0.007151199,-1168.0145,-841.5772,-1168.0145
3115,0.007152719,-925.36145,-925.36145,-1228.9989
3116,0.007154285,-382.7915,-382.7915,-722.9364
3117,0.007155911,37.305836,37.305836,37.305836
3118,0.007157555,-21.142784,-21.142784,333.93475
3119,0.007159185,-303.40912,-303.40912,-32.819168
3120,0.007160802,-408.86993,-408.86993,-408.86993
3121,0.007162418,-88.37744,-88.37744,-468.38165
3122,0.007164024,351.16623,351.16623,273.75507
3123,0.007165674,470.07144,349.80945,470.07144
3124,0.007167363,-73.72927,-73.72927,54.77849
3125,0.007169026,-921.87445,-921.87445,-883.4246
3126,0.007170664,-1569.6005,-1569.6005,-1569.6005
3127,0.007172249,-1672.4257,-1672.4257,-1785.7488
3128,0.0071738,-1369.5739,-1369.5739,-1637.0028
3129,0.00717536,-863.3817,-863.3817,-863.3817
3130,0.007176931,-337.08148,-337.08148,-292.44418
3131,0.007178478,72.80991,72.80991,68.57536
3132,0.007180017,266.29413,57.23253,266.29413
3133,0.007181603,174.87587,174.87587,195.9113
3134,0.007183249,-112.4106,-112.4106,-210.60042
3135,0.007184941,-430.4754,-430.4754,-430.4754
3136,0.007186631,-617.3219,-617.3219,-493.88168
3137,0.007188319,-652.9296,-652.9296,-582.6708
3138,0.00719,-551.51056,-551.51056,-551.51056
3139,0.007191697,-344.1439,-344.1439,-388.04575
3140,0.007193358,-149.15599,-149.15599,-191.41682
3141,0.007195011,-89.41292,-189.47806,-89.41292
3142,0.007196622,-236.31659,-236.31659,-193.54573
3143,0.007198211,-482.75882,-482.75882,-393.54572
3144,0.007199808,-692.88947,-692.88947,-692.88947
3145,0.007201435,-757.45764,-757.45764,-775.866
3146,0.007203079,-688.91534,-688.91534,-636.5535
3147,0.007204683,-543.1044,-543.1044,-543.1044
3148,0.007206306,-354.11685,-354.11685,-560.5301
3149,0.007207967,-102.90051,-102.90051,-415.73715
3150,0.007209623,234.11833,68.246704,234.11833
3151,0.007211291,650.03424,650.03424,712.9465
3152,0.007212946,971.27264,971.27264,906.04803
3153,0.00721461,995.05585,995.05585,995.05585
3154,0.007216306,597.0364,597.0364,940.0207
3155,0.007218022,55.392162,55.392162,422.31757
3156,0.007219728,-224.06134,-224.06134,-224.06134
3157,0.007221401,5.4542356,5.4542356,-173.0379
3158,0.007223064,453.54688,453.54688,355.76675
3159,0.007224698,717.43085,659.26886,717.43085
3160,0.007226279,535.5856,535.5856,580.0793
3161,0.007227854,30.323267,30.323267,189.84882
3162,0.007229458,-615.0457,-615.0457,-615.0457
3163,0.007231067,-1189.6741,-1189.6741,-1310.948
3164,0.007232649,-1483.9645,-1483.9645,-1577.4755
3165,0.007234195,-1323.5808,-1323.5808,-1323.5808
3166,0.007235725,-653.45984,-653.45984,-425.31528
3167,0.007237286,192.17726,192.17726,697.4581
3168,0.007238858,724.16907,225.55548,724.16907
3169,0.007240456,602.93536,602.93536,-99.354324
3170,0.007242077,156.1319,156.1319,-458.61606
3171,0.007243685,-77.690254,-77.690254,-77.690254
3172,0.007245247,239.07608,239.07608,760.24725
3173,0.007246784,776.2959,776.2959,1309.298
3174,0.007248304,1087.4464,1087.4464,1087.4464
3175,0.007249851,866.27155,866.27155,893.5402
3176,0.007251461,298.95364,298.95364,487.91522
3177,0.00725313,-231.59651,-54.8571,-231.59651
3178,0.007254789,-380.60748,-380.60748,-689.8153
3179,0.007256398,-288.89185,-288.89185,-587.6785
3180,0.007258009,-191.97932,-191.97932,-191.97932
3181,0.007259553,-251.41,-251.41,194.89569
3182,0.007261065,-397.6198,-397.6198,-201.64339
3183,0.007262572,-524.00275,-524.00275,-524.00275
3184,0.007264095,-545.2975,-545.2975,-634.6512
3185,0.007265601,-454.3192,-454.3192,-775.37384
3186,0.007267091,-267.08478,-642.948,-267.08478
3187,0.007268598,-3.0961533,-3.0961533,175.85272
3188,0.007270156,275.56607,275.56607,521.1027
3189,0.007271717,472.84882,472.84882,472.84882
3190,0.007273276,527.02936,527.02936,384.99335
3191,0.007274832,488.24005,488.24005,394.34488
3192,0.007276376,433.91522,433.91522,433.91522
3193,0.007277941,427.16833,427.16833,636.93085
3194,0.007279531,484.39493,484.39493,695.6574
3195,0.007281126,608.1379,575.00134,608.1379
3196,0.007282687,786.66595,786.66595,689.79407
3197,0.007284235,980.1937,980.1937,897.99335
3198,0.007285803,1144.427,1144.427,1144.427
3199,0.007287379,1231.7205,1231.7205,1270.8917
3200,0.00728895,1210.7129,1210.7129,1198.0011
3201,0.007290559,1049.6067,1049.6067,1049.6067
3202,0.007292181,737.64294,737.64294,457.31757
3203,0.007293798,358.25107,358.25107,-27.467606
3204,0.007295415,13.45427,83.687,13.45427
3205,0.007297043,-216.27193,-216.27193,215.29022
3206,0.007298638,-330.06784,-330.06784,-51.479324
3207,0.007300166,-357.3973,-357.3973,-357.3973
3208,0.007301659,-329.1348,-329.1348,-578.6708
3209,0.007303188,-276.50995,-276.50995,-764.9794
3210,0.007304752,-235.03792,-235.03792,-235.03792
3211,0.007306311,-226.11627,-226.11627,139.01286
3212,0.007307796,-200.70471,-200.70471,175.96599
3213,0.007309261,-99.79573,-74.50175,-99.79573
3214,0.007310762,116.59035,116.59035,142.6652
3215,0.007312329,391.50293,391.50293,629.6417
3216,0.00731395,617.8761,617.8761,617.8761
3217,0.007315521,696.87836,696.87836,318.798
3218,0.007317099,654.92017,654.92017,441.5832
3219,0.007318738,529.5871,529.5871,529.5871
3220,0.007320341,373.43536,373.43536,759.05585
3221,0.007321916,234.48618,234.48618,525.6613
3222,0.007323523,155.4152,88.67882,155.4152
3223,0.00732517,171.18037,171.18037,-187.59651
3224,0.007326838,240.21751,240.21751,-140.92464
3225,0.007328499,295.26288,295.26288,295.26288
3226,0.007330148,288.75317,288.75317,583.2199
3227,0.007331789,247.67409,247.67409,496.25116
3228,0.007333399,216.29803,216.29803,216.29803
3229,0.007335014,229.82239,229.82239,-35.5926
3230,0.007336687,304.67017,304.67017,-20.022293
3231,0.007338399,453.06363,573.99854,453.06363
3232,0.00734013,657.03503,657.03503,1014.5168
3233,0.007341819,782.62225,782.62225,1113.1456
3234,0.007343512,685.3371,685.3371,685.3371
3235,0.007345237,282.93335,282.93335,102.44646
3236,0.007346979,-181.30498,-181.30498,-284.659
3237,0.007348675,-367.56137,-367.56137,-367.56137
3238,0.007350314,-102.49564,-102.49564,-156.7723
3239,0.007351912,369.1421,369.1421,323.82925
3240,0.0073535,749.9816,417.07706,749.9816
3241,0.007355128,823.8856,823.8856,583.61835
3242,0.007356811,659.1349,659.1349,467.93475
3243,0.007358511,430.8332,430.8332,430.8332
3244,0.007360238,286.2209,286.2209,500.56757
3245,0.007361968,203.13762,203.13762,347.32925
3246,0.007363687,111.434746,111.434746,111.434746
3247,0.007365426,-34.99618,-34.99618,-136.67854
3248,0.007367144,-170.51819,-170.51819,-144.8348
3249,0.007368829,-209.85432,-4.076748,-209.85432
3250,0.007370521,-102.21157,-102.21157,-79.56917
3251,0.007372171,82.44063,82.44063,124.497246
3252,0.007373761,251.55585,251.55585,251.55585
3253,0.007375334,336.31403,336.31403,386.0949
3254,0.007376896,285.37143,285.37143,409.79413
3255,0.007378459,50.649582,50.649582,50.649582
3256,0.007380091,-384.00058,-384.00058,-480.94415
3257,0.007381691,-765.585,-765.585,-886.22156
3258,0.007383261,-820.81134,-616.5183,-820.81134
3259,0.007384864,-390.19827,-390.19827,-611.3582
3260,0.007386502,229.9011,229.9011,76.07927
3261,0.007388158,573.00116,573.00116,573.00116
3262,0.007389798,318.43118,318.43118,305.68475
3263,0.007391386,-201.23048,-201.23048,-404.4676
3264,0.00739294,-559.2801,-559.2801,-559.2801
3265,0.00739451,-482.7003,-482.7003,-216.86604
3266,0.007396108,-148.37956,-148.37956,123.04802
3267,0.007397684,120.251144,-223.24739,120.251144
3268,0.007399254,101.51046,101.51046,253.30193
3269,0.007400868,-94.66556,-94.66556,25.915209
3270,0.007402527,-257.98715,-257.98715,-257.98715
3271,0.007404193,-210.3594,-210.3594,-53.405106
3272,0.007405862,-21.855015,-21.855015,163.1652
3273,0.007407532,173.82146,173.82146,173.82146
3274,0.00740918,269.51865,269.51865,193.1535
3275,0.007410848,271.68207,271.68207,209.38005
3276,0.007412514,210.30583,79.49608,210.30583
3277,0.007414176,126.76839,126.76839,233.13005
3278,0.007415827,99.44035,99.44035,140.1027
3279,0.007417471,213.23161,213.23161,213.23161
3280,0.007419081,492.02197,492.02197,384.3996
3281,0.007420643,754.8018,754.8018,681.52454
3282,0.007422191,801.6066,801.6066,801.6066
3283,0.007423773,503.44574,503.44574,649.5324
3284,0.007425372,58.639805,58.639805,98.46208
3285,0.007426932,-227.69026,-76.989784,-227.69026
3286,0.007428503,-167.4637,-167.4637,-252.39339
3287,0.00743009,109.826324,109.826324,69.571465
3288,0.007431697,381.33707,381.33707,381.33707
3289,0.007433346,449.15796,449.15796,460.30975
3290,0.007435014,269.89136,269.89136,166.75114
3291,0.007436709,-154.17854,-154.17854,-154.17854
3292,0.007438409,-750.0593,-750.0593,-377.88947
3293,0.007440074,-1194.7517,-1194.7517,-739.09656
3294,0.007441713,-1151.2958,-1088.54,-1151.2958
3295,0.007443329,-463.95877,-463.95877,-1106.9597
3296,0.00744497,428.61877,428.61877,-149.00276
3297,0.007446613,890.8254,890.8254,890.8254
3298,0.007448237,511.24274,511.24274,672.384
3299,0.007449886,-292.20303,-292.20303,-384.1473
3300,0.007451584,-870.116,-870.116,-870.116
3301,0.007453249,-685.9966,-685.9966,-408.1668
3302,0.007454859,-6.9204717,-6.9204717,229.00896
3303,0.007456461,791.96204,417.75583,791.96204
3304,0.007458073,1409.0703,1409.0703,1351.0558
3305,0.007459692,1741.348,1741.348,1861.0715
3306,0.007461324,1738.1456,1738.1456,1738.1456
3307,0.007462954,1398.2258,1398.2258,1228.7433
3308,0.007464556,927.7612,927.7612,696.54803
3309,0.007466129,562.2902,562.2902,562.2902
3310,0.007467672,449.9607,449.9607,613.98553
3311,0.007469185,479.43384,479.43384,661.2941
3312,0.007470687,491.7707,289.73935,491.7707
3313,0.007472202,370.87158,370.87158,229.4738
3314,0.00747374,146.6881,146.6881,-11.948072
3315,0.007475351,-116.116035,-116.116035,-116.116035
3316,0.00747705,-337.39514,-337.39514,-83.51448
3317,0.007478768,-437.3504,-437.3504,-263.52618
3318,0.007480464,-354.99493,-354.99493,-354.99493
3319,0.007482179,-72.13599,-72.13599,-30.073072
3320,0.007483864,251.47478,251.47478,402.26288
3321,0.007485502,430.09882,257.0073,430.09882
3322,0.007487085,365.5676,365.5676,192.86443
3323,0.007488726,173.62553,173.62553,39.247242
3324,0.007490375,38.380054,38.380054,38.380054
3325,0.007491993,90.42256,90.42256,133.17302
3326,0.007493618,236.3819,236.3819,231.67302
3327,0.007495281,330.8371,330.8371,330.8371
3328,0.007496869,266.8496,266.8496,277.44647
3329,0.007498406,121.95364,121.95364,199.42303
3330,0.007499934,-6.592604,-134.58867,-6.592604
3331,0.007501482,-53.08105,-53.08105,-232.72542
3332,0.007503066,-63.40176,-63.40176,-328.2293
3333,0.007504683,-119.73714,-119.73714,-119.73714
3334,0.007506312,-272.30234,-272.30234,129.11833
3335,0.00750793,-414.9692,-414.9692,-117.58479
3336,0.007509526,-408.81137,-408.81137,-408.81137
3337,0.007511113,-176.69904,-176.69904,-668.8035
3338,0.007512728,151.68423,151.68423,-403.95197
3339,0.007514338,375.57147,127.85259,375.57147
3340,0.007515938,361.49136,361.49136,993.1496
3341,0.007517531,220.25052,220.25052,805.06757
3342,0.007519134,118.39568,118.39568,118.39568
3343,0.007520753,162.59647,162.59647,-330.40903
3344,0.007522387,198.01642,198.01642,-185.85432
3345,0.007524035,-6.7605724,-6.7605724,-6.7605724
3346,0.00752565,-555.1053,-555.1053,-461.96762
3347,0.007527191,-1090.8094,-1090.8094,-1079.1552
3348,0.007528708,-1244.3778,-792.5719,-1244.3778
3349,0.007530226,-794.9148,-794.9148,-775.2723
3350,0.007531777,-70.00905,-70.00905,-53.174633
3351,0.007533373,413.97382,413.97382,413.97382
3352,0.007535028,234.04471,234.04471,171.05974
3353,0.007536667,-276.874,-276.874,-382.35434
3354,0.00753828,-581.31134,-581.31134,-581.31134
3355,0.007539899,-329.46075,-329.46075,-362.43246
3356,0.007541527,214.42203,214.42203,137.58318
3357,0.007543146,616.2277,443.59787,616.2277
3358,0.007544776,571.32654,571.32654,683.8761
3359,0.007546409,255.06804,255.06804,360.82538
3360,0.007548063,-30.741041,-30.741041,-30.741041
3361,0.007549698,-57.713047,-57.713047,-42.14729
3362,0.007551288,38.88165,38.88165,46.301926
3363,0.007552869,57.032394,57.032394,57.032394
3364,0.007554499,-148.93698,-148.93698,-226.36993
3365,0.007556161,-486.3915,-486.3915,-732.69415
3366,0.007557826,-778.909,-572.80676,-778.909
3367,0.007559484,-886.15594,-886.15594,-463.44025
3368,0.007561168,-812.76776,-812.76776,-534.8934
3369,0.007562882,-593.94806,-593.94806,-593.94806
3370,0.007564587,-289.89288,-289.89288,-234.90901
3371,0.007566255,-14.09689,-14.09689,138.19646
3372,0.007567899,124.54021,124.54021,124.54021
3373,0.007569548,47.264603,47.264603,-156.23323
3374,0.00757119,-219.81883,-219.81883,-475.29572
3375,0.007572843,-627.8036,-438.63443,-627.8036
3376,0.007574479,-1090.4542,-1090.4542,-904.4051
3377,0.007576134,-1428.3606,-1428.3606,-1293.1317
3378,0.007577801,-1414.7527,-1414.7527,-1414.7527
3379,0.007579472,-920.5431,-920.5431,-1259.9716
3380,0.007581145,-222.42563,-222.42563,-703.8856
3381,0.007582789,293.73944,293.73944,293.73944
3382,0.007584449,380.29144,380.29144,669.30194
3383,0.007586137,182.95847,182.95847,372.28632
3384,0.007587749,-22.342606,49.57865,-22.342606
3385,0.007589354,-59.851933,-59.851933,-43.66682
3386,0.007591005,16.841314,16.841314,102.915215
3387,0.007592695,88.58708,88.58708,88.58708
3388,0.007594372,58.65411,58.65411,-242.93245
3389,0.007596021,-23.67263,-23.67263,-413.0887
3390,0.007597667,-79.54964,-79.54964,-79.54964
3391,0.007599282,-47.828476,-47.828476,296.85663
3392,0.007600903,72.36688,72.36688,380.9621
3393,0.007602527,268.8371,136.20367,268.8371
3394,0.007604159,516.31024,516.31024,315.8527
3395,0.007605792,732.2205,732.2205,568.68085
3396,0.007607427,820.5754,820.5754,820.5754
3397,0.007609079,714.71704,714.71704,749.2785
3398,0.007610729,477.82068,477.82068,521.63007
3399,0.007612342,212.64177,212.64177,212.64177
3400,0.007613933,-14.419028,-14.419028,-55.174637
3401,0.007615537,-231.96307,-231.96307,-277.452
3402,0.00761716,-487.64728,-161.18805,-487.64728
3403,0.007618785,-798.4802,-798.4802,-690.90906
3404,0.0076204,-1066.587,-1066.587,-939.9364
3405,0.007622013,-1170.8661,-1170.8661,-1170.8661
3406,0.007623621,-1033.4081,-1033.4081,-1329.4442
3407,0.007625235,-747.5204,-747.5204,-1164.077
3408,0.007626832,-454.36215,-454.36215,-454.36215
3409,0.007628422,-249.79099,-249.79099,322.61444
3410,0.007630047,-80.88237,-80.88237,527.18866
3411,0.007631685,138.35661,44.567406,138.35661
3412,0.007633326,455.6721,455.6721,-17.635572
3413,0.007634928,741.1544,741.1544,388.57535
3414,0.007636477,846.591,846.591,846.591
3415,0.007638005,694.0521,694.0521,708.6027
3416,0.007639579,374.901,374.901,289.25504
3417,0.007641187,42.844894,42.844894,42.844894
3418,0.007642801,-164.62341,-164.62341,14.848803
3419,0.007644407,-262.2227,-262.2227,-178.91682
3420,0.00764601,-304.39337,-99.1089,-304.39337
3421,0.007647634,-333.30118,-333.30118,-426.1434
3422,0.00764928,-344.73236,-344.73236,-281.70197
3423,0.007650949,-321.96762,-321.96762,-321.96762
3424,0.007652643,-261.02417,-261.02417,-257.25278
3425,0.007654315,-216.23488,-216.23488,-320.73715
3426,0.00765597,-251.70589,-251.70589,-251.70589
3427,0.007657643,-400.2363,-400.2363,-5.991041
3428,0.007659317,-561.6521,-561.6521,-245.91682
3429,0.007661,-601.63947,-193.33762,-601.63947
3430,0.00766268,-434.24768,-434.24768,-521.2137
3431,0.007664284,-187.51373,-187.51373,-170.06526
3432,0.007665828,-7.487135,-7.487135,-7.487135
3433,0.007667322,35.05044,35.05044,118.86833
3434,0.007668799,57.534286,57.534286,238.39958
3435,0.007670333,222.89958,222.89958,222.89958
3436,0.007671882,616.13007,616.13007,413.11835
3437,0.007673415,955.0382,955.0382,670.75116
3438,0.00767496,880.61444,638.003,880.61444
3439,0.007676536,165.27719,165.27719,643.0246
3440,0.007678163,-754.8809,-754.8809,-203.45589
3441,0.007679846,-1164.0183,-1164.0183,-1164.0183
3442,0.007681507,-540.52344,-540.52344,-1039.1317
3443,0.007683171,544.68024,544.68024,415.6691
3444,0.007684825,1261.7394,1261.7394,1261.7394
3445,0.007686478,1024.9591,1024.9591,452.43085
3446,0.007688173,100.08397,100.08397,-718.25665
3447,0.007689881,-974.4129,-552.23566,-974.4129
3448,0.007691544,-1720.687,-1720.687,-1100.4286
3449,0.00769309,-2124.546,-2124.546,-1724.3466
3450,0.007694621,-2312.2334,-2312.2334,-2312.2334
3451,0.007696155,-2332.4958,-2332.4958,-2495.069
3452,0.007697673,-2163.085,-2163.085,-2144.9832
3453,0.007699226,-1752.3622,-1752.3622,-1752.3622
3454,0.007700818,-1086.4097,-1086.4097,-1164.2489
3455,0.007702398,-377.29382,-377.29382,-372.11215
3456,0.007703957,130.90349,-291.4239,130.90349
3457,0.007705517,281.7889,281.7889,537.00116
3458,0.007707089,180.60811,180.60811,330.0207
3459,0.007708667,3.532396,3.532396,3.532396
3460,0.007710185,-98.81754,-98.81754,157.77068
3461,0.007711712,-118.448135,-118.448135,376.55975
3462,0.007713289,-67.20589,-67.20589,-67.20589
3463,0.007714862,29.867125,29.867125,-302.05356
3464,0.007716445,107.19878,107.19878,-162.6473
3465,0.00771803,86.98552,32.68063,86.98552
3466,0.007719594,-70.46967,-70.46967,546.2941
3467,0.007721135,-267.32687,-267.32687,169.9113
3468,0.007722659,-381.69806,-381.69806,-381.69806
3469,0.007724192,-330.95096,-330.95096,-587.13165
3470,0.007725771,-164.5159,-164.5159,-431.31137
3471,0.007727336,17.411303,17.411303,17.411303
3472,0.007728855,140.767,140.767,402.62613
3473,0.00773041,239.68336,239.68336,479.32147
3474,0.007732036,370.39178,145.6996,370.39178
3475,0.007733616,552.42126,552.42126,547.4074
3476,0.007735158,701.1676,701.1676,857.31757
3477,0.007736714,714.2902,714.2902,714.2902
3478,0.007738303,520.5516,520.5516,204.32927
3479,0.007739927,231.8848,231.8848,-198.85823
3480,0.007741515,30.993334,30.993334,30.993334
3481,0.007743051,28.495827,28.495827,483.2785
3482,0.007744583,151.65141,151.65141,680.9504
3483,0.007746137,296.23944,20.72297,296.23944
3484,0.007747727,364.48724,364.48724,-205.93636
3485,0.007749324,305.5335,305.5335,-34.98323
3486,0.007750901,89.82146,89.82146,89.82146
3487,0.007752465,-281.15427,-281.15427,-167.82698
3488,0.007754037,-697.0271,-697.0271,-655.6161
3489,0.007755633,-1015.0145,-1015.0145,-1015.0145
3490,0.007757254,-1120.3667,-1120.3667,-901.9598
3491,0.007758875,-1072.0403,-1072.0403,-835.5536
3492,0.007760471,-981.11993,-779.9946,-981.11993
3493,0.007762082,-920.0266,-920.0266,-1023.7567
3494,0.007763705,-831.6793,-831.6793,-828.8036
3495,0.007765311,-627.8543,-627.8543,-627.8543
3496,0.007766844,-275.97113,-275.97113,-410.7059
3497,0.007768355,137.58308,137.58308,52.387863
3498,0.00776988,505.36832,505.36832,505.36832
3499,0.007771432,725.5588,725.5588,771.5402
3500,0.007773021,755.31024,755.31024,875.7863
3501,0.00777465,562.591,600.60767,562.591
3502,0.007776274,151.67084,151.67084,-115.95198
3503,0.007777843,-356.23935,-356.23935,-598.70197
3504,0.007779409,-856.07306,-856.07306,-856.07306
3505,0.007780975,-1245.1312,-1245.1312,-876.6434
3506,0.007782482,-1457.7172,-1457.7172,-1141.663
3507,0.007783964,-1467.6472,-1467.6472,-1467.6472
3508,0.00778546,-1262.2568,-1262.2568,-1590.5417
3509,0.007787002,-929.78424,-929.78424,-1282.9012
3510,0.007788616,-602.0418,-476.68204,-602.0418
3511,0.007790219,-408.35803,-408.35803,391.69254
3512,0.007791772,-280.4084,-280.4084,309.42303
3513,0.007793288,-110.280106,-110.280106,-110.280106
3514,0.007794823,166.93413,166.93413,-329.25665
3515,0.007796434,454.12485,454.12485,190.82146
3516,0.007798023,569.2863,569.2863,569.2863
3517,0.007799583,417.32346,417.32346,749.7707
3518,0.007801158,129.06912,129.06912,582.134
3519,0.00780274,-103.94416,56.74551,-103.94416
3520,0.007804352,-132.07782,-132.07782,-377.39337
3521,0.007805937,2.7420027,2.7420027,-193.81917
3522,0.007807472,201.7863,201.7863,201.7863
3523,0.007809047,392.74402,392.74402,517.7316
3524,0.007810653,498.8724,498.8724,745.0949
3525,0.007812275,440.38785,440.38785,440.38785
3526,0.007813848,189.34015,189.34015,102.69646
3527,0.007815367,-129.08818,-129.08818,-187.16292
3528,0.007816925,-390.37778,-167.3238,-390.37778
3529,0.007818535,-474.40942,-474.40942,-350.99493
3530,0.007820152,-393.12952,-393.12952,-345.72543
3531,0.007821719,-213.22542,-213.22542,-213.22542
3532,0.007823266,3.6793072,3.6793072,69.27849
3533,0.007824828,188.65656,188.65656,331.95038
3534,0.007826446,261.14566,261.14566,261.14566
3535,0.007828112,163.96013,163.96013,-132.44807
3536,0.007829756,26.217825,26.217825,-207.47151
3537,0.007831313,12.700364,-162.16486,12.700364
3538,0.0078328,188.88403,188.88403,287.28238
3539,0.007834249,407.49194,407.49194,359.77847
3540,0.007835736,492.75897,492.75897,492.75897
3541,0.007837259,301.86523,301.86523,502.97772
3542,0.007838828,-56.15997,-56.15997,205.36052
3543,0.007840413,-373.97543,-373.97543,-373.97543
3544,0.007842034,-485.4665,-485.4665,-1063.8505
3545,0.007843655,-427.8432,-427.8432,-1082.5302
3546,0.007845232,-305.38165,-385.7506,-305.38165
3547,0.007846802,-197.70064,-197.70064,-59.75276
3548,0.007848374,-127.60027,-127.60027,-243.04573
3549,0.007849969,-105.01839,-105.01839,-105.01839
3550,0.007851587,-132.84116,-132.84116,-201.7723
3551,0.00785319,-174.09164,-174.09164,-712.49884
3552,0.007854757,-183.62386,-183.62386,-183.62386
3553,0.007856354,-132.15639,-132.15639,212.466
3554,0.00785794,-47.79963,-47.79963,305.69647
3555,0.007859503,26.848803,-220.29617,26.848803
3556,0.00786105,62.74768,62.74768,-232.68245
3557,0.007862587,71.19405,71.19405,-48.561356
3558,0.00786416,72.55974,72.55974,72.55974
3559,0.007865796,75.46469,75.46469,-255.88167
3560,0.007867445,35.871193,35.871193,-438.45197
3561,0.007869099,-105.06917,-105.06917,-105.06917
3562,0.007870751,-379.18152,-379.18152,92.13006
3563,0.007872351,-702.7842,-702.7842,-550.4129
3564,0.007873894,-983.3075,-850.8536,-983.3075
3565,0.007875439,-1170.591,-1170.591,-1110.284
3566,0.007876937,-1279.4424,-1279.4424,-1177.4169
3567,0.007878466,-1352.7802,-1352.7802,-1352.7802
3568,0.007880011,-1409.5629,-1409.5629,-1685.8075
3569,0.007881571,-1408.1659,-1408.1659,-1638.8427
3570,0.007883123,-1291.4558,-1291.4558,-1291.4558
3571,0.007884714,-1015.5855,-1015.5855,-904.9794
3572,0.007886313,-631.2926,-631.2926,-400.10822
3573,0.007887902,-217.34651,-327.6872,-217.34651
3574,0.007889483,161.09381,161.09381,392.30582
3575,0.007891039,469.8684,469.8684,580.12616
3576,0.007892634,696.99725,696.99725,696.99725
3577,0.007894281,796.82904,796.82904,805.298
3578,0.00789594,660.9486,660.9486,653.8566
3579,0.00789756,190.58708,190.58708,190.58708
3580,0.007899175,-617.7559,-617.7559,-774.1669
3581,0.007900783,-1373.064,-1373.064,-1706.4012
3582,0.00790237,-1598.8386,-1535.8132,-1598.8386
3583,0.007903952,-1028.6195,-1028.6195,-1020.18634
3584,0.007905594,-78.179504,-78.179504,-10.557448
3585,0.007907225,541.86053,541.86053,541.86053
3586,0.00790881,375.35104,375.35104,128.84099
3587,0.007910409,-212.71976,-212.71976,-436.67462
3588,0.007912047,-674.0496,-674.0496,-674.0496
3589,0.007913692,-569.206,-569.206,-417.40512
3590,0.007915349,-148.96121,-148.96121,-39.56526
3591,0.007917005,149.80974,-235.31543,149.80974
3592,0.007918672,34.392174,34.392174,5.5323963
3593,0.007920343,-199.07133,-199.07133,-262.66684
3594,0.007922006,-101.08089,-101.08089,-101.08089
3595,0.00792365,589.0259,589.0259,360.32147
3596,0.007925277,1454.9371,1454.9371,1136.9894
3597,0.007926906,1944.6067,1944.6067,1944.6067
3598,0.007928531,1668.2933,1668.2933,2149.2395
3599,0.007930122,926.9038,926.9038,1282.3488
3600,0.00793168,157.26677,593.3243,157.26677
3601,0.007933217,-329.21075,-329.21075,-580.70197
3602,0.007934761,-529.94183,-529.94183,-649.1785
3603,0.007936318,-500.90118,-500.90118,-500.90118
3604,0.007937883,-308.56284,-308.56284,-310.06918
3605,0.007939475,-56.765293,-56.765293,-125.24104
3606,0.00794103,126.059746,126.059746,126.059746
3607,0.007942526,167.94688,167.94688,253.75505
3608,0.007944001,141.12727,141.12727,155.02068
3609,0.0079455,139.9152,-251.33467,139.9152
3610,0.007947013,223.60501,223.60501,295.80585
3611,0.007948554,294.5065,294.5065,236.88005
3612,0.007950123,202.2199,202.2199,202.2199
3613,0.007951708,-141.02245,-141.02245,-292.56915
3614,0.007953271,-518.8118,-518.8118,-580.4832
3615,0.007954839,-659.4285,-659.4285,-659.4285
3616,0.007956426,-376.40952,-376.40952,-170.1551
3617,0.007957983,107.094315,107.094315,448.48163
3618,0.007959539,491.5246,341.2798,491.5246
3619,0.00796112,559.7683,559.7683,209.32536
3620,0.007962693,430.00787,430.00787,-26.87776
3621,0.007964272,313.2707,313.2707,313.2707
3622,0.007965873,367.48132,367.48132,597.2902
3623,0.007967507,525.385,525.385,804.1769
3624,0.007969119,647.134,647.134,647.134
3625,0.007970707,634.14606,634.14606,247.5324
3626,0.007972323,514.8967,514.8967,120.2238
3627,0.007973962,349.35272,581.954,349.35272
3628,0.007975595,203.68733,203.68733,482.95816
3629,0.007977225,135.64644,135.64644,400.18472
3630,0.007978862,202.13786,202.13786,202.13786
3631,0.007980452,411.78537,411.78537,154.64958
3632,0.00798197,617.0309,617.0309,409.8527
3633,0.007983495,668.9503,668.9503,668.9503
3634,0.007985085,445.6557,445.6557,651.1457
3635,0.007986735,31.596483,31.596483,123.32928
3636,0.007988401,-389.8465,-10.910412,-389.8465
3637,0.007990064,-664.75146,-664.75146,-353.7879
3638,0.007991718,-800.32996,-800.32996,-749.8739
3639,0.007993365,-843.62775,-843.62775,-843.62775
3640,0.007995014,-833.4347,-833.4347,-1013.7996
3641,0.007996642,-782.251,-782.251,-934.81915
3642,0.007998273,-694.93243,-694.93243,-694.93243
3643,0.007999945,-570.7968,-570.7968,-232.98323
3644,0.008001615,-405.50967,-405.50967,51.282394
3645,0.008003298,-188.44807,-269.69037,-188.44807
3646,0.008004975,64.12256,64.12256,-622.71765
3647,0.008006647,247.00153,247.00153,-394.34653
3648,0.008008332,232.43864,232.43864,232.43864
3649,0.008010034,-43.160297,-43.160297,-17.045729
3650,0.008011744,-345.50027,-345.50027,-759.2723
3651,0.008013454,-358.94418,-358.94418,-358.94418
3652,0.008015108,81.186844,81.186844,929.4465
3653,0.008016724,651.05896,651.05896,1635.259
3654,0.008018344,961.36835,466.88974,961.36835
3655,0.008019948,746.0345,746.0345,-261.1981
3656,0.008021559,247.35399,247.35399,-706.00275
3657,0.008023207,-170.95589,-170.95589,-170.95589
3658,0.008024923,-192.94585,-192.94585,614.1027
3659,0.008026577,95.13218,95.13218,812.30585
3660,0.008028188,493.03238,493.03238,493.03238
3661,0.008029807,854.12115,854.12115,297.43866
3662,0.008031449,1082.4296,1082.4296,648.75507
3663,0.008033089,1087.634,1253.0442,1087.634
3664,0.008034727,833.6184,833.6184,1018.1691
3665,0.008036375,471.1976,471.1976,561.93866
3666,0.00803801,206.2238,206.2238,206.2238
3667,0.008039606,165.38335,165.38335,137.21599
3668,0.008041168,205.12173,205.12173,255.57536
3669,0.008042719,137.06755,137.06755,137.06755
3670,0.008044252,-152.3036,-152.3036,-384.0965
3671,0.008045782,-526.4712,-526.4712,-901.2254
3672,0.008047336,-791.06134,-427.58075,-791.06134
3673,0.008048905,-782.1856,-782.1856,-569.25275
3674,0.008050452,-543.2621,-543.2621,-373.23325
3675,0.008051958,-176.56917,-176.56917,-176.56917
3676,0.008053439,227.7875,227.7875,78.17302
3677,0.008054962,581.42596,581.42596,546.2082
3678,0.008056522,758.7238,758.7238,758.7238
3679,0.008058081,679.07983,679.07983,518.6691
3680,0.00805964,484.28964,484.28964,387.4113
3681,0.008061235,368.88007,343.05536,368.88007
3682,0.008062895,478.84326,478.84326,503.55585
3683,0.00806453,641.63116,641.63116,725.884
3684,0.00806616,607.90344,607.90344,607.90344
3685,0.008067776,238.78958,238.78958,409.93472
3686,0.008069403,-200.64249,-200.64249,-103.061356
3687,0.008071037,-332.64337,-332.64337,-332.64337
3688,0.008072656,77.93202,77.93202,-20.643385
3689,0.008074246,697.46027,697.46027,644.02844
3690,0.008075817,1093.2551,452.8742,1093.2551
3691,0.008077427,956.9711,956.9711,936.3097
3692,0.008079056,419.4578,419.4578,302.11444
3693,0.008080631,-217.32307,-217.32307,-217.32307
3694,0.008082165,-723.29517,-723.29517,-393.6668
3695,0.00808369,-986.28186,-986.28186,-737.2333
3696,0.008085262,-896.4442,-896.4442,-896.4442
3697,0.008086914,-367.24753,-367.24753,-373.99103
3698,0.008088574,323.26486,323.26486,382.1105
3699,0.008090262,800.7746,440.6382,800.7746
3700,0.008091982,776.5332,776.5332,1065.7864
3701,0.008093676,473.75842,473.75842,740.4035
3702,0.008095364,240.80975,240.80975,240.80975
3703,0.008097022,313.93253,313.93253,-291.10434
3704,0.008098651,530.8572,530.8572,-70.33479
3705,0.008100223,654.8292,654.8292,654.8292
3706,0.008101772,540.3858,540.3858,973.36053
3707,0.008103309,258.97516,258.97516,937.73553
3708,0.008104823,-67.748856,80.642006,-67.748856
3709,0.008106303,-339.25067,-339.25067,-833.89343
3710,0.008107764,-518.18774,-518.18774,-997.1473
3711,0.008109222,-578.995,-578.995,-578.995
3712,0.008110707,-504.58847,-504.58847,-133.55354
3713,0.008112238,-330.32358,-330.32358,-16.666822
3714,0.008113772,-120.29964,-120.29964,-120.29964
3715,0.008115336,59.9037,59.9037,-210.76056
3716,0.008116953,119.56727,119.56727,-196.7098
3717,0.008118601,-52.944168,-252.63704,-52.944168
3718,0.00812021,-476.66867,-476.66867,-425.93246
3719,0.008121797,-890.0236,-890.0236,-789.9872
3720,0.008123397,-979.83484,-979.83484,-979.83484
3721,0.008125022,-529.9069,-529.9069,-762.1043
3722,0.0081267,189.88376,189.88376,-23.487135
3723,0.008128409,711.66516,711.66516,711.66516
3724,0.00813007,682.6885,682.6885,622.1457
3725,0.008131688,348.06708,348.06708,179.4738
3726,0.008133264,41.54021,-83.512955,41.54021
3727,0.008134835,-26.540014,-26.540014,357.31363
3728,0.00813643,36.22291,36.22291,327.35663
3729,0.008138005,37.37224,37.37224,37.37224
3730,0.008139575,-147.00632,-147.00632,-300.31915
3731,0.008141168,-388.7102,-388.7102,-424.51447
3732,0.008142799,-481.87778,-481.87778,-481.87778
3733,0.008144465,-274.85638,-274.85638,-208.23323
3734,0.008146135,49.371494,49.371494,103.22381
3735,0.008147808,216.3996,173.0364,216.3996
3736,0.008149493,33.249737,33.249737,-39.76057
3737,0.008151183,-347.73508,-347.73508,-358.83087
3738,0.008152865,-680.2059,-680.2059,-680.2059
3739,0.008154539,-778.4873,-778.4873,-507.51056
3740,0.008156204,-675.6929,-675.6929,-352.1356
3741,0.008157867,-456.00275,-456.00275,-456.00275
3742,0.008159534,-191.23003,-191.23003,-508.18634
3743,0.008161188,82.82189,82.82189,-345.08087
3744,0.008162875,350.31757,207.2804,350.31757
3745,0.008164504,562.5425,562.5425,991.06757
3746,0.008166065,647.32404,647.32404,1022.759
3747,0.00816761,534.6066,534.6066,534.6066
3748,0.008169221,172.96957,172.96957,-134.31526
3749,0.008170908,-292.36942,-292.36942,-728.8035
3750,0.008172626,-604.76056,-604.76056,-604.76056
3751,0.00817435,-572.72876,-572.72876,-125.159004
3752,0.008176062,-333.5573,-333.5573,58.298023
3753,0.008177755,-102.73323,-305.03433,-102.73323
3754,0.008179433,-32.55085,-32.55085,-232.62386
3755,0.008181058,-68.41051,-68.41051,-168.43636
3756,0.008182638,-113.54573,-113.54573,-113.54573
3757,0.008184187,-106.849556,-106.849556,-208.82698
3758,0.008185727,-75.16049,-75.16049,-221.75667
3759,0.008187269,-64.35042,-64.35042,-64.35042
3760,0.008188859,-84.93568,-84.93568,61.364426
3761,0.008190489,10.843293,10.843293,175.15349
3762,0.008192123,421.11053,194.19177,421.11053
3763,0.00819375,1225.7338,1225.7338,917.0167
3764,0.008195409,2071.9368,2071.9368,1912.591
3765,0.008197051,2439.3333,2439.3333,2439.3333
3766,0.008198649,2036.3091,2036.3091,2014.5597
3767,0.008200221,1236.7972,1236.7972,1080.6964
3768,0.00820179,518.2668,518.2668,518.2668
3769,0.008203401,223.3273,223.3273,500.75897
3770,0.008204943,197.33131,197.33131,494.07928
3771,0.00820646,144.30583,-157.17168,144.30583
3772,0.008207995,-126.37626,-126.37626,-370.85825
3773,0.008209544,-485.71335,-485.71335,-689.6668
3774,0.008211163,-717.1122,-717.1122,-717.1122
3775,0.008212755,-636.32355,-636.32355,-507.6004
3776,0.008214318,-387.2164,-387.2164,-258.67462
3777,0.008215894,-166.1473,-166.1473,-166.1473
3778,0.008217485,-124.48962,-124.48962,-496.23325
3779,0.008219102,-207.13702,-207.13702,-594.7215
3780,0.008220717,-298.0848,-375.00812,-298.0848
3781,0.008222261,-304.46454,-304.46454,231.32146
3782,0.008223775,-231.0302,-231.0302,303.35272
3783,0.008225321,-92.479324,-92.479324,-92.479324
3784,0.008226895,88.51129,88.51129,-411.19415
3785,0.008228507,257.09933,257.09933,67.00896
3786,0.008230177,341.5871,341.5871,341.5871
3787,0.008231843,284.38748,284.38748,49.69255
3788,0.008233428,141.98636,141.98636,-179.43245
3789,0.008234979,-19.50276,-37.624683,-19.50276
3790,0.008236533,-152.68156,-152.68156,257.41913
3791,0.008238071,-239.99306,-239.99306,167.45428
3792,0.00823959,-275.00278,-275.00278,-275.00278
3793,0.008241094,-259.4019,-259.4019,-651.284
3794,0.008242603,-223.36249,-223.36249,-630.2489
3795,0.008244115,-204.33089,-204.33089,-204.33089
3796,0.008245643,-215.11154,-215.11154,-131.79182
3797,0.00824723,-161.52701,-161.52701,-176.65901
3798,0.008248826,88.21208,-106.40293,88.21208
3799,0.00825041,578.316,578.316,700.62225
3800,0.008252002,1031.8386,1031.8386,1308.1106
3801,0.00825358,1082.5597,1082.5597,1082.5597
3802,0.008255143,531.9226,531.9226,154.61443
3803,0.008256709,-253.25711,-253.25711,-667.68243
3804,0.008258291,-763.7919,-763.7919,-763.7919
3805,0.008259902,-615.17847,-615.17847,-236.35434
3806,0.008261496,-74.16782,-74.16782,350.54803
3807,0.008263049,421.93866,175.19221,421.93866
3808,0.008264601,591.42676,591.42676,199.12616
3809,0.008266173,547.4536,547.4536,207.0363
3810,0.008267776,509.9738,509.9738,509.9738
3811,0.008269356,634.08185,634.08185,855.8879
3812,0.008270906,766.0795,766.0795,904.1418
3813,0.008272471,690.0949,690.0949,690.0949
3814,0.008273981,298.70612,298.70612,389.36444
3815,0.008275456,-158.63698,-158.63698,-41.580887
3816,0.008276966,-384.61606,-347.2872,-384.61606
3817,0.008278548,-135.01027,-135.01027,-558.409
3818,0.008280191,359.9219,359.9219,-6.4676037
3819,0.008281823,657.0832,657.0832,657.0832
3820,0.008283461,456.52176,456.52176,352.20425
3821,0.00828505,2.8433938,2.8433938,-235.57698
3822,0.008286599,-362.7137,-362.7137,-362.7137
3823,0.008288165,-423.5351,-423.5351,-138.95589
3824,0.008289761,-285.64453,-285.64453,-98.030106
3825,0.008291395,-156.2723,-176.55084,-156.2723
3826,0.008293,-198.73787,-198.73787,-255.38167
3827,0.008294578,-317.68695,-317.68695,-262.62778
3828,0.008296158,-368.0301,-368.0301,-368.0301
3829,0.008297794,-243.16705,-243.16705,-491.1668
3830,0.008299443,-26.08351,-26.08351,-428.49493
3831,0.0083011,141.63005,141.63005,141.63005
3832,0.008302671,166.6428,166.6428,383.12616
3833,0.008304225,152.54956,152.54956,419.21988
3834,0.008305771,230.64958,51.712746,230.64958
3835,0.008307356,478.30716,478.30716,169.08708
3836,0.008308998,723.5314,723.5314,614.19257
3837,0.008310649,691.5285,691.5285,691.5285
3838,0.008312281,223.80844,223.80844,112.708176
3839,0.008313907,-417.93866,-417.93866,-647.4794
3840,0.008315521,-875.0535,-875.0535,-875.0535
3841,0.008317118,-903.78705,-903.78705,-455.46368
3842,0.008318761,-647.1431,-647.1431,-114.56135
3843,0.008320421,-359.4637,-261.02222,-359.4637
3844,0.008322055,-251.8727,-251.8727,-593.9598
3845,0.008323693,-278.8208,-278.8208,-616.15125
3846,0.008325369,-340.30353,-340.30353,-340.30353
3847,0.008327063,-345.014,-345.014,-181.30354
3848,0.008328761,-268.56787,-268.56787,-375.50275
3849,0.008330456,-105.51838,-105.51838,-105.51838
3850,0.00833213,133.40103,133.40103,481.13004
3851,0.008333802,391.222,391.222,716.11444
3852,0.00833548,598.12616,464.6733,598.12616
3853,0.008337143,688.2271,688.2271,327.43475
3854,0.008338812,625.82587,625.82587,185.5949
3855,0.008340471,381.19254,381.19254,381.19254
3856,0.008342082,-23.396912,-23.396912,486.06363
3857,0.008343661,-431.53214,-431.53214,-68.373856
3858,0.008345208,-669.0145,-669.0145,-669.0145
3859,0.00834675,-630.6624,-630.6624,-933.366
3860,0.008348277,-419.798,-419.798,-811.3309
3861,0.008349829,-182.82307,-178.07484,-182.82307
3862,0.008351401,-38.088776,-38.088776,215.96599
3863,0.008352976,50.821415,50.821415,293.69254
3864,0.008354577,166.31757,166.31757,166.31757
3865,0.008356163,356.50024,356.50024,583.7785
3866,0.00835766,537.28796,537.28796,775.18866
3867,0.008359136,626.6847,626.6847,626.6847
3868,0.008360658,567.9242,567.9242,131.11443
3869,0.008362277,421.11258,421.11258,-360.1473
3870,0.008363912,313.79803,384.93015,313.79803
3871,0.008365526,328.90485,328.90485,575.7629
3872,0.008367097,348.29025,348.29025,149.69255
3873,0.008368665,218.14958,218.14958,218.14958
3874,0.008370282,-159.97545,-159.97545,-93.061356
3875,0.008371858,-574.0642,-574.0642,-446.99493
3876,0.008373402,-775.116,-775.116,-775.116
3877,0.00837497,-617.6756,-617.6756,-632.2957
3878,0.00837652,-320.36548,-320.36548,-159.69806
3879,0.008378035,-187.00276,-510.2591,-187.00276
3880,0.00837958,-408.89456,-408.89456,-607.9207
3881,0.008381158,-803.9215,-803.9215,-1057.7294
3882,0.008382767,-1058.8934,-1058.8934,-1058.8934
3883,0.008384409,-927.0377,-927.0377,-718.06525
3884,0.008386067,-568.1575,-568.1575,-386.1981
3885,0.0083877,-268.77618,-268.77618,-268.77618
3886,0.008389289,-232.49744,-232.49744,-431.56134
3887,0.008390849,-412.78894,-412.78894,-530.62384
3888,0.008392416,-724.6707,-171.57063,-724.6707
3889,0.00839398,-1076.5387,-1076.5387,-1050.5614
3890,0.008395517,-1351.1927,-1351.1927,-1339.6044
3891,0.008397085,-1439.6512,-1439.6512,-1439.6512
3892,0.008398699,-1246.749,-1246.749,-1350.8816
3893,0.008400356,-848.8158,-848.8158,-975.7879
3894,0.008402006,-399.61996,-399.61996,-399.61996
3895,0.008403568,-53.932835,-53.932835,57.165207
3896,0.008405082,117.39474,117.39474,173.50896
3897,0.008406597,48.06755,205.29471,48.06755
3898,0.008408119,-292.93723,-292.93723,-228.6512
3899,0.008409655,-737.1434,-737.1434,-529.68634
3900,0.008411219,-1056.4364,-1056.4364,-1056.4364
3901,0.008412827,-1065.6329,-1065.6329,-1243.5927
3902,0.008414453,-857.13525,-857.13525,-794.15515
3903,0.008416093,-614.7606,-614.7606,-614.7606
3904,0.008417699,-483.03986,-483.03986,-591.7254
3905,0.008419312,-398.0389,-398.0389,-587.37384
3906,0.008420971,-247.2098,-388.00143,-247.2098
3907,0.008422649,43.980057,43.980057,541.759
3908,0.008424276,361.70636,361.70636,999.8683
3909,0.008425897,576.98944,576.98944,576.98944
3910,0.008427548,586.1893,586.1893,-121.88947
3911,0.008429134,415.18027,415.18027,-91.971504
3912,0.008430696,121.43083,121.43083,121.43083
3913,0.008432252,-240.61337,-240.61337,-115.98713
3914,0.008433749,-571.2393,-571.2393,-554.1121
3915,0.00843522,-793.5497,-394.91177,-793.5497
3916,0.008436689,-857.5301,-857.5301,-579.12384
3917,0.008438215,-811.0603,-811.0603,-470.3934
3918,0.008439787,-732.7294,-732.7294,-732.7294
3919,0.008441301,-695.50793,-695.50793,-961.43634
3920,0.00844278,-682.7473,-682.7473,-1014.76056
3921,0.008444291,-660.90515,-660.90515,-660.90515
3922,0.008445867,-587.57623,-587.57623,-342.42462
3923,0.008447483,-392.64563,-392.64563,-229.94807
3924,0.008449079,-9.116041,271.8463,-9.116041
3925,0.008450734,592.37836,592.37836,712.1965
3926,0.008452407,1117.8506,1117.8506,1351.4152
3927,0.008454091,1186.552,1186.552,1186.552
3928,0.008455755,593.1219,593.1219,187.19257
3929,0.008457365,-183.47307,-183.47307,-599.0887
3930,0.008458962,-594.87775,-594.87775,-594.87775
3931,0.008460552,-296.97964,-296.97964,156.29802
3932,0.008462117,290.83142,290.83142,643.37225
3933,0.008463661,599.0441,477.2938,599.0441
3934,0.008465203,253.78468,253.78468,94.94646
3935,0.008466758,-475.5385,-475.5385,-663.84265
3936,0.008468312,-1138.2997,-1138.2997,-1138.2997
3937,0.00846987,-1389.2867,-1389.2867,-1153.6395
3938,0.008471416,-1297.5396,-1297.5396,-1064.995
3939,0.008472967,-1035.7175,-1035.7175,-1035.7175
3940,0.008474557,-757.50226,-757.50226,-1003.5965
3941,0.008476154,-589.1242,-589.1242,-831.034
3942,0.008477712,-637.32306,-466.49432,-637.32306
3943,0.008479273,-946.34985,-946.34985,-712.9715
3944,0.008480864,-1360.2479,-1360.2479,-1210.5145
3945,0.008482433,-1643.9675,-1643.9675,-1643.9675
3946,0.008484025,-1637.4042,-1637.4042,-1746.6628
3947,0.008485594,-1404.3177,-1404.3177,-1530.8661
3948,0.008487129,-1073.034,-1073.034,-1073.034
3949,0.008488707,-733.7791,-733.7791,-717.9833
3950,0.008490274,-467.48206,-467.48206,-403.12778
3951,0.008491853,-331.2293,-150.18822,-331.2293
3952,0.008493438,-366.6323,-366.6323,-394.46368
3953,0.008494969,-516.179,-516.179,-453.06525
3954,0.008496528,-714.6239,-714.6239,-714.6239
3955,0.008498061,-887.1992,-887.1992,-922.63165
3956,0.00849961,-971.9045,-971.9045,-1107.7489
3957,0.008501177,-897.75275,-897.75275,-897.75275
3958,0.008502756,-634.88995,-634.88995,-574.1043
3959,0.008504343,-333.3436,-333.3436,-302.51056
3960,0.008505908,-192.87386,-361.2695,-192.87386
3961,0.008507454,-324.59344,-324.59344,-469.8895
3962,0.008508999,-559.70026,-559.70026,-778.30743
3963,0.008510554,-662.8387,-662.8387,-662.8387
3964,0.008512137,-463.89017,-463.89017,-108.06526
3965,0.008513741,-105.28817,-105.28817,66.32927
3966,0.008515335,170.4152,170.4152,170.4152
3967,0.008516924,193.207,193.207,126.62224
3968,0.008518525,46.842785,46.842785,-61.36604
3969,0.008520157,-121.22541,-165.41962,-121.22541
3970,0.008521809,-186.3934,-186.3934,-38.569168
3971,0.008523453,-171.64243,-171.64243,33.0324
3972,0.008525049,-140.53401,-140.53401,-140.53401
3973,0.008526599,-137.69089,-137.69089,-347.30743
3974,0.00852814,-157.08061,-157.08061,-397.71368
3975,0.008529691,-182.64339,-182.64339,-182.64339
3976,0.008531278,-194.46773,-194.46773,-243.4129
3977,0.008532872,-156.41132,-156.41132,-141.3426
3978,0.00853448,-27.47151,-97.02403,-27.47151
3979,0.008536104,218.95659,218.95659,295.98163
3980,0.008537723,537.43585,537.43585,688.2003
3981,0.008539347,869.4113,869.4113,869.4113
3982,0.008541004,1151.5563,1151.5563,801.3097
3983,0.008542686,1279.8468,1279.8468,1060.677
3984,0.008544344,1144.9622,1144.9622,1144.9622
3985,0.008545984,721.76263,721.76263,820.009
3986,0.008547602,255.38861,255.38861,154.54802
3987,0.008549204,37.423023,308.65918,37.423023
3988,0.008550764,232.73978,232.73978,506.24725
3989,0.008552283,588.21954,588.21954,876.4503
3990,0.00855385,796.4816,796.4816,796.4816
3991,0.008555444,606.7785,606.7785,374.56366
3992,0.008557035,203.86298,203.86298,22.712084
3993,0.00855863,-115.2137,-115.2137,-115.2137
3994,0.008560201,-134.40564,-134.40564,-177.89339
3995,0.008561757,28.46651,28.46651,-210.63165
3996,0.008563342,189.86444,-254.85686,189.86444
3997,0.00856497,206.0641,206.0641,430.33707
3998,0.008566632,149.73222,149.73222,449.4113
3999,0.008568294,164.29413,164.29413,164.29413
4000,0.008569942,327.56223,327.56223,-116.82698
4001,0.008571602,459.0405,459.0405,-215.84651
4002,0.008573263,307.61053,307.61053,307.61053
4003,0.008574871,-250.51471,-250.51471,351.43863
4004,0.008576439,-953.0898,-953.0898,-310.56915
4005,0.008578002,-1494.2958,-1065.9396,-1494.2958
4006,0.008579567,-1643.1086,-1643.1086,-2052.8975
4007,0.008581142,-1475.127,-1475.127,-1759.3973
4008,0.008582706,-1149.7997,-1149.7997,-1149.7997
4009,0.008584298,-794.0748,-794.0748,-463.80746
4010,0.008585893,-457.46262,-457.46262,45.6613
4011,0.00858748,-163.51448,-163.51448,-163.51448
4012,0.008589081,58.40692,58.40692,-722.409
4013,0.008590658,126.234276,126.234276,-651.616
4014,0.008592223,-41.006668,158.55588,-41.006668
4015,0.008593815,-472.98193,-472.98193,17.251146
4016,0.008595479,-943.8558,-943.8558,-514.2996
4017,0.008597149,-1087.7761,-1087.7761,-1087.7761
4018,0.008598763,-714.8897,-714.8897,-1143.7958
4019,0.008600262,-219.9983,-219.9983,-756.88165
4020,0.008601766,19.876146,19.876146,19.876146
4021,0.008603306,-252.81119,-252.81119,350.73944
4022,0.008604866,-688.2518,-688.2518,-101.022285
4023,0.008606434,-742.34656,-678.3042,-742.34656
4024,0.008608008,-56.436462,-56.436462,-492.69806
4025,0.008609558,913.00806,913.00806,635.0285
4026,0.008611112,1556.8448,1556.8448,1556.8448
4027,0.008612669,1436.4825,1436.4825,1269.1378
4028,0.008614228,852.84174,852.84174,449.86444
4029,0.008615769,300.73944,300.73944,300.73944
4030,0.008617321,149.40182,149.40182,827.2121
4031,0.008618869,375.35037,375.35037,1061.8292
4032,0.008620375,834.2043,567.0198,834.2043
4033,0.008621835,1360.9808,1360.9808,761.29803
4034,0.008623271,1704.5864,1704.5864,1037.4269
4035,0.008624705,1598.3215,1598.3215,1598.3215
4036,0.008626175,868.27155,868.27155,1212.6691
4037,0.008627695,-154.70709,-154.70709,31.899584
4038,0.008629246,-911.9793,-911.9793,-911.9793
4039,0.00863084,-955.27783,-955.27783,-936.81134
4040,0.008632441,-518.32837,-518.32837,-456.17465
4041,0.008634056,-46.29182,-63.286175,-46.29182
4042,0.00863572,105.472435,105.472435,-223.20978
4043,0.008637387,11.172935,11.172935,-346.76056
4044,0.008639022,-117.36995,-117.36995,-117.36995
4045,0.008640619,-127.53399,-127.53399,345.57147
4046,0.008642239,-45.877888,-45.877888,448.0988
4047,0.008643856,58.930836,58.930836,58.930836
4048,0.008645414,127.07742,127.07742,-216.4051
4049,0.008647026,149.80988,149.80988,-28.25276
4050,0.008648584,122.876144,-299.94125,122.876144
4051,0.008650133,56.619514,56.619514,-73.26839
4052,0.008651707,2.1485806,2.1485806,56.399586
4053,0.008653289,26.173021,26.173021,26.173021
4054,0.008654879,164.32129,164.32129,12.942553
4055,0.008656495,323.56104,323.56104,197.13788
4056,0.008658094,369.00894,369.00894,369.00894
4057,0.008659656,228.02042,228.02042,514.2004
4058,0.008661218,18.309563,18.309563,492.71597
4059,0.008662816,-98.323074,-216.48204,-98.323074
4060,0.008664412,-4.1587944,-4.1587944,-488.94028
4061,0.008666002,172.62201,172.62201,-305.24887
4062,0.008667571,247.18085,247.18085,247.18085
4063,0.008669144,102.48169,102.48169,474.82144
4064,0.00867078,-151.44518,-151.44518,18.243334
4065,0.008672439,-311.99496,-311.99496,-311.99496
4066,0.00867408,-236.38618,-236.38618,-357.27228
4067,0.008675701,-61.267426,-61.267426,-53.20979
4068,0.008677259,21.743334,-95.07052,21.743334
4069,0.008678765,-92.33564,-92.33564,-206.69807
4070,0.008680267,-313.832,-313.832,-502.83087
4071,0.008681809,-516.06134,-516.06134,-516.06134
4072,0.00868339,-588.3737,-588.3737,-390.80356
4073,0.008684983,-562.2312,-562.2312,-316.87775
4074,0.008686574,-514.1707,-514.1707,-514.1707
4075,0.008688184,-497.89053,-497.89053,-768.5458
4076,0.008689783,-472.6034,-472.6034,-755.6004
4077,0.008691346,-376.83478,-442.1521,-376.83478
4078,0.008692914,-162.50987,-162.50987,144.68864
4079,0.008694501,167.62315,167.62315,269.43475
4080,0.008696113,597.4816,597.4816,597.4816
4081,0.008697756,1079.6608,1079.6608,993.0207
4082,0.008699443,1434.8512,1434.8512,1319.0597
4083,0.008701114,1427.3488,1427.3488,1427.3488
4084,0.008702731,961.4192,961.4192,1391.9777
4085,0.008704359,284.4355,284.4355,676.11053
4086,0.008706022,-268.67462,-16.381207,-268.67462
4087,0.008707665,-424.89752,-424.89752,-698.1004
4088,0.008709344,-340.0548,-340.0548,-485.47543
4089,0.008711016,-273.20587,-273.20587,-273.20587
4090,0.008712634,-400.75504,-400.75504,-138.62386
4091,0.008714258,-591.68823,-591.68823,-198.07698
4092,0.008715875,-642.9325,-642.9325,-642.9325
4093,0.008717473,-430.052,-430.052,-621.4559
4094,0.00871909,-104.12417,-104.12417,-127.60432
4095,0.008720765,106.020676,-215.50034,106.020676
4096,0.008722491,11.454601,11.454601,-33.36995
4097,0.008724166,-211.78293,-211.78293,-158.5379
4098,0.008725797,-314.83478,-314.83478,-314.83478
4099,0.008727363,-172.5939,-172.5939,-418.58478
4100,0.008728889,8.908799,8.908799,-224.28401
4101,0.008730464,-31.2137,-31.2137,-31.2137
4102,0.008732046,-478.66678,-478.66678,-146.86214
4103,0.008733624,-1093.9069,-1093.9069,-836.7254
4104,0.008735239,-1542.7528,-1221.0396,-1542.7528
4105,0.008736866,-1542.3932,-1542.3932,-1536.6395
4106,0.00873846,-1221.2046,-1221.2046,-1124.8934
4107,0.008740077,-788.5106,-788.5106,-788.5106
4108,0.008741695,-429.82654,-429.82654,-614.1356
4109,0.008743309,-181.40894,-181.40894,-352.5965
4110,0.008744922,-40.893387,-40.893387,-40.893387
4111,0.00874656,2.6141813,2.6141813,98.38396
4112,0.008748216,-4.520288,-4.520288,-85.49495
4113,0.008749924,-1.2683852,-146.01578,-1.2683852
4114,0.008751614,60.44451,60.44451,378.0988
4115,0.008753271,157.38243,157.38243,475.36835
4116,0.00875494,254.70818,254.70818,254.70818
4117,0.008756645,313.95963,313.95963,322.34882
4118,0.008758339,286.08746,286.08746,478.11832
4119,0.008760025,124.74724,124.74724,124.74724
4120,0.008761682,-176.3805,-176.3805,-299.43243
4121,0.008763346,-498.57263,-498.57263,-657.0028
4122,0.00876502,-684.5418,-649.98083,-684.5418
4123,0.008766671,-625.9452,-625.9452,-412.15903
4124,0.008768294,-422.2343,-422.2343,-321.02228
4125,0.008769905,-209.22932,-209.22932,-209.22932
4126,0.008771469,-96.03844,-96.03844,166.7902
4127,0.008773027,-94.69923,-94.69923,59.977707
4128,0.008774635,-208.7176,-208.7176,-208.7176
4129,0.008776293,-429.9886,-429.9886,-683.7723
4130,0.008777956,-667.47174,-667.47174,-1004.1082
4131,0.008779591,-810.866,-773.7581,-810.866
4132,0.00878121,-788.25336,-788.25336,-450.6551
4133,0.008782842,-626.91077,-626.91077,-475.49496
4134,0.008784503,-375.17853,-375.17853,-375.17853
4135,0.008786191,-87.56306,-87.56306,133.0363
4136,0.008787853,166.10724,166.10724,513.55194
4137,0.008789467,326.57147,326.57147,326.57147
4138,0.008791064,355.8814,355.8814,-68.09651
4139,0.008792664,246.57994,246.57994,-215.50276
4140,0.008794267,-2.5691664,228.8266,-2.5691664
4141,0.008795825,-363.179,-363.179,-96.75276
4142,0.008797399,-765.0979,-765.0979,-717.65125
4143,0.008799021,-1115.5222,-1115.5222,-1115.5222
4144,0.00880065,-1303.8406,-1303.8406,-1305.9559
4145,0.008802281,-1262.4612,-1262.4612,-1369.6317
4146,0.008803912,-933.7879,-933.7879,-933.7879
4147,0.008805502,-344.35623,-344.35623,-279.70587
4148,0.008807018,229.17496,229.17496,329.43866
4149,0.008808513,530.9738,118.7774,530.9738
4150,0.008810032,400.3375,400.3375,128.44646
4151,0.008811592,73.661194,73.661194,-98.88948
4152,0.0088132,-60.59651,-60.59651,-60.59651
4153,0.008814799,280.1069,280.1069,787.2629
4154,0.008816387,779.1834,779.1834,1159.7902
4155,0.008817964,989.48553,989.48553,989.48553
4156,0.008819534,619.82166,619.82166,286.16522
4157,0.008821066,-43.9976,-43.9976,-407.78012
4158,0.008822596,-625.3817,-300.70566,-625.3817
4159,0.008824186,-839.6365,-839.6365,-472.11215
4160,0.008825802,-738.7176,-738.7176,-345.76447
4161,0.008827447,-503.48325,-503.48325,-503.48325
4162,0.008829076,-296.60788,-296.60788,-468.83087
4163,0.008830662,-117.44682,-117.44682,-189.75276
4164,0.008832254,81.28631,81.28631,81.28631
4165,0.008833895,319.1261,319.1261,398.5324
4166,0.008835558,486.78247,486.78247,286.91132
4167,0.008837176,446.25507,205.66963,446.25507
4168,0.008838798,129.3105,129.3105,328.38004
4169,0.008840442,-319.26642,-319.26642,-137.56526
4170,0.008842104,-684.0418,-684.0418,-684.0418
4171,0.008843736,-789.22314,-789.22314,-1007.7957
4172,0.008845302,-682.31036,-682.31036,-966.8504
4173,0.008846791,-457.327,-457.327,-457.327
4174,0.00884826,-183.29018,-183.29018,209.38005
4175,0.008849783,63.884766,63.884766,497.90738
4176,0.00885133,173.69255,-70.31124,173.69255
4177,0.00885288,80.43021,80.43021,-254.47151
4178,0.008854428,-96.47474,-96.47474,-438.05746
4179,0.008856006,-192.81136,-192.81136,-192.81136
4180,0.00885761,-93.073906,-93.073906,96.0988
4181,0.008859199,50.58856,50.58856,278.6613
4182,0.008860809,20.520678,20.520678,20.520678
4183,0.008862448,-327.90225,-327.90225,-445.47543
4184,0.008864107,-766.5362,-766.5362,-905.01056
4185,0.00886575,-952.88165,-650.2022,-952.88165
4186,0.008867356,-672.8951,-672.8951,-535.1044
4187,0.008868965,-98.84631,-98.84631,140.92693
4188,0.008870598,515.5324,515.5324,515.5324
4189,0.008872292,942.3398,942.3398,264.39566
4190,0.008873998,1086.4641,1086.4641,400.29022
4191,0.008875675,924.7785,924.7785,924.7785
4192,0.008877331,490.53036,490.53036,1061.5089
4193,0.008878908,1.7839087,1.7839087,503.73553
4194,0.008880424,-341.74103,-86.56847,-341.74103
4195,0.008881924,-428.44803,-428.44803,-809.0965
4196,0.00888345,-338.34955,-338.34955,-867.4169
4197,0.008885007,-200.98714,-200.98714,-200.98714
4198,0.008886579,-131.78639,-131.78639,349.67303
4199,0.00888813,-132.025,-132.025,218.77068
4200,0.008889715,-173.15901,-173.15901,-173.15901
4201,0.008891351,-227.22824,-227.22824,-534.88947
4202,0.008892997,-259.8412,-259.8412,-456.784
4203,0.008894634,-236.60432,28.403778,-236.60432
4204,0.008896234,-160.88545,-160.88545,-112.93635
4205,0.008897845,-167.84492,-167.84492,-356.8387
4206,0.008899463,-430.70978,-430.70978,-430.70978
4207,0.00890106,-1010.47424,-1010.47424,-773.8544
4208,0.008902673,-1579.4911,-1579.4911,-1375.9677
4209,0.008904318,-1681.5419,-1681.5419,-1681.5419
4210,0.008905957,-1012.842,-1012.842,-1337.3933
4211,0.008907552,-18.882193,-18.882193,-182.38167
4212,0.008909134,757.0363,195.79654,757.0363
4213,0.008910715,930.6182,930.6182,527.2082
4214,0.008912321,674.2288,674.2288,195.45818
4215,0.008913931,314.173,314.173,314.173
4216,0.008915559,115.23257,115.23257,461.64178
4217,0.00891712,60.64478,60.64478,185.36833
4218,0.008918643,54.15349,54.15349,54.15349
4219,0.008920207,35.21538,35.21538,142.26286
4220,0.008921804,32.52683,32.52683,146.08708
4221,0.008923429,101.946465,-112.53047,101.946465
4222,0.008925039,275.6464,275.6464,230.49333
4223,0.008926574,488.4097,488.4097,457.63788
4224,0.008928053,673.5324,673.5324,673.5324
4225,0.008929568,782.1973,782.1973,919.68866
4226,0.008931119,754.9524,754.9524,979.73553
4227,0.008932693,530.04803,530.04803,530.04803
4228,0.008934204,119.80606,119.80606,-138.11604
4229,0.008935689,-304.51758,-304.51758,-613.8504
4230,0.008937168,-545.69025,-613.83356,-545.69025
4231,0.008938693,-460.88028,-460.88028,-113.123856
4232,0.008940293,-142.9784,-142.9784,139.1613
4233,0.008941966,206.13786,206.13786,206.13786
4234,0.008943648,378.55634,378.55634,298.91132
4235,0.008945303,385.0206,385.0206,426.0441
4236,0.008946928,294.216,294.216,294.216
4237,0.008948529,153.7875,153.7875,24.161303
4238,0.008950155,-56.47898,-56.47898,-207.19807
4239,0.008951856,-383.2254,-370.1123,-383.2254
4240,0.008953592,-813.0568,-813.0568,-631.26447
4241,0.008955332,-1114.6299,-1114.6299,-976.7098
4242,0.008957046,-1012.0262,-1012.0262,-1012.0262
4243,0.008958731,-379.74893,-379.74893,-525.0496
4244,0.008960399,442.6421,442.6421,489.52457
4245,0.008962072,1027.1378,1027.1378,1027.1378
4246,0.008963767,1048.6387,1048.6387,852.62225
4247,0.008965451,654.7527,654.7527,419.7941
4248,0.008967085,133.89568,287.78027,133.89568
4249,0.008968635,-284.4992,-284.4992,-153.63948
4250,0.008970132,-535.56854,-535.56854,-390.92072
4251,0.008971602,-583.07697,-583.07697,-583.07697
4252,0.008973078,-408.99716,-408.99716,-381.34653
4253,0.00897458,-96.93407,-96.93407,18.735521
4254,0.008976127,235.71599,235.71599,235.71599
4255,0.00897765,465.6325,465.6325,347.01675
4256,0.008979143,579.5474,579.5474,405.41132
4257,0.008980636,587.87225,386.4212,587.87225
4258,0.008982142,502.64874,502.64874,493.43472
4259,0.008983693,366.8157,366.8157,307.6457
4260,0.008985301,239.33318,239.33318,239.33318
4261,0.008986951,177.16496,177.16496,184.85663
4262,0.008988592,176.69525,176.69525,-17.170729
4263,0.008990206,213.45819,213.45819,213.45819
4264,0.008991802,250.96133,250.96133,340.05194
4265,0.008993402,200.44286,200.44286,281.88785
4266,0.008995027,-46.998856,-348.6128,-46.998856
4267,0.008996674,-541.5242,-541.5242,-530.745
4268,0.008998326,-1055.2997,-1055.2997,-947.49884
4269,0.008999951,-1289.1747,-1289.1747,-1289.1747
4270,0.009001544,-1069.5118,-1069.5118,-1166.0302
4271,0.00900312,-580.3248,-580.3248,-632.31915
4272,0.009004694,-71.49495,-71.49495,-71.49495
4273,0.009006274,246.32336,246.32336,256.07535
4274,0.009007873,303.32416,303.32416,255.57928
4275,0.009009437,71.94255,-26.554062,71.94255
4276,0.009010951,-405.07834,-405.07834,-383.92075
4277,0.009012428,-920.59454,-920.59454,-940.3387
4278,0.009013905,-1257.8075,-1257.8075,-1257.8075
4279,0.009015396,-1249.4056,-1249.4056,-1209.2214
4280,0.009016963,-949.1105,-949.1105,-1008.33875
4281,0.009018567,-498.2645,-498.2645,-498.2645
4282,0.009020153,-62.871956,-62.871956,-215.7801
4283,0.009021753,272.92783,272.92783,162.54802
4284,0.009023343,427.12616,268.44168,427.12616
4285,0.009024941,362.93988,362.93988,285.54413
4286,0.009026543,192.47377,192.47377,112.37224
4287,0.009028146,68.81755,68.81755,68.81755
4288,0.00902975,99.6413,99.6413,-67.43245
4289,0.00903136,208.90494,208.90494,-61.737133
4290,0.009032961,272.7941,272.7941,272.7941
4291,0.009034556,212.94,212.94,524.5207
4292,0.009036146,120.404274,120.404274,405.29803
4293,0.00903776,128.13396,164.7194,128.13396
4294,0.009039373,316.99408,316.99408,183.82538
4295,0.009040989,535.36743,535.36743,424.34882
4296,0.009042609,571.884,571.884,571.884
4297,0.009044222,296.9192,296.9192,259.29413
4298,0.009045805,-88.30591,-88.30591,-322.19806
4299,0.009047407,-327.61212,-327.61212,-327.61212
4300,0.009049066,-222.76039,-222.76039,275.17694
4301,0.009050708,71.3947,71.3947,645.6613
4302,0.009052296,300.58316,17.302502,300.58316
4303,0.009053836,312.84637,312.84637,-179.36604
4304,0.009055357,201.27907,201.27907,-303.54575
4305,0.00905688,102.44646,102.44646,102.44646
4306,0.009058392,118.45447,118.45447,446.40738
4307,0.009059914,219.6732,219.6732,373.63785
4308,0.009061505,348.31757,348.31757,348.31757
4309,0.009063158,447.09982,447.09982,179.68475
4310,0.00906485,515.2126,515.2126,381.3019
4311,0.009066545,570.8918,261.97375,570.8918
4312,0.009068225,620.4073,620.4073,757.13007
4313,0.009069908,614.53174,614.53174,662.2668
4314,0.009071601,487.9035,487.9035,487.9035
4315,0.009073271,221.91443,221.91443,238.91911
4316,0.009074928,-40.27998,-40.27998,36.9074
4317,0.00907658,-121.42073,-121.42073,-121.42073
4318,0.009078251,84.633995,84.633995,-139.45198
4319,0.009079915,380.8766,380.8766,58.934742
4320,0.009081579,496.37616,79.16103,496.37616
4321,0.00908323,247.20511,247.20511,368.0949
4322,0.009084865,-213.68784,-213.68784,-235.69417
4323,0.009086516,-668.7801,-668.7801,-668.7801
4324,0.009088193,-928.45044,-928.45044,-738.91296
4325,0.009089868,-957.0974,-957.0974,-795.8856
4326,0.009091563,-766.077,-766.077,-766.077
4327,0.009093273,-385.46826,-385.46826,-702.2684
4328,0.009094981,61.84253,61.84253,-269.69028
4329,0.009096657,428.37225,120.814064,428.37225
4330,0.009098303,618.6356,618.6356,764.9543
4331,0.009099921,668.3817,668.3817,443.64178
4332,0.009101576,637.4816,637.4816,637.4816
4333,0.009103253,571.0301,571.0301,892.9152
4334,0.009104945,470.39743,470.39743,795.93866
4335,0.009106579,331.9777,331.9777,331.9777
4336,0.009108165,162.49396,162.49396,-133.04964
4337,0.009109775,9.176121,9.176121,-217.84259
4338,0.009111416,-58.01448,-90.380646,-58.01448
4339,0.009113078,10.75915,10.75915,180.82536
4340,0.009114747,153.85327,153.85327,453.716
4341,0.009116421,278.84882,278.84882,278.84882
4342,0.009118104,316.49625,316.49625,178.93475
4343,0.009119756,296.63474,296.63474,289.2941
4344,0.009121407,272.91913,272.91913,272.91913
4345,0.009123012,279.67694,279.67694,109.9113
4346,0.009124607,284.49454,284.49454,256.798
4347,0.009126187,241.466,-156.91835,241.466
4348,0.009127745,127.228134,127.228134,110.809746
4349,0.00912925,-2.2329662,-2.2329662,-46.225418
4350,0.009130739,-85.155106,-85.155106,-85.155106
4351,0.009132261,-81.59981,-81.59981,32.645676
4352,0.009133831,-36.475704,-36.475704,68.19646
4353,0.009135401,-27.205885,-27.205885,-27.205885
4354,0.009136956,-111.6804,-111.6804,-237.49103
4355,0.009138461,-264.79584,-264.79584,-432.77228
4356,0.009139933,-449.0848,-584.2282,-449.0848
4357,0.009141405,-632.83887,-632.83887,-515.8465
4358,0.00914291,-774.73096,-774.73096,-664.7293
4359,0.009144468,-820.75275,-820.75275,-820.75275
4360,0.009146082,-731.14545,-731.14545,-656.1785
4361,0.009147702,-582.7219,-582.7219,-593.5965
4362,0.009149353,-485.74103,-485.74103,-485.74103
4363,0.009151028,-515.01544,-515.01544,-486.2059
4364,0.009152653,-555.33325,-555.33325,-640.4715
4365,0.009154306,-450.84262,-481.79886,-450.84262
4366,0.009155973,-109.66903,-109.66903,6.274584
4367,0.009157628,261.80008,261.80008,410.89178
4368,0.009159273,393.9894,393.9894,393.9894
4369,0.009160915,129.37497,129.37497,106.07537
4370,0.009162503,-257.57263,-257.57263,-258.9559
4371,0.009164054,-437.29184,-437.29184,-437.29184
4372,0.0091656,-209.9221,-209.9221,-253.35432
4373,0.009167178,243.67683,243.67683,312.1105
4374,0.009168826,626.1418,317.50098,626.1418
4375,0.009170513,664.1725,664.1725,643.4504
4376,0.009172213,483.80276,483.80276,632.6886
4377,0.009173899,331.30582,331.30582,331.30582
4378,0.009175569,379.26233,379.26233,-2.8347914
4379,0.009177198,532.10474,532.10474,148.27458
4380,0.009178802,644.3293,644.3293,644.3293
4381,0.009180393,608.5585,608.5585,733.2785
4382,0.009181976,423.91956,423.91956,559.6965
4383,0.009183547,115.73552,60.760536,115.73552
4384,0.009185128,-278.34778,-278.34778,-375.3309
4385,0.009186717,-637.9892,-637.9892,-843.4169
4386,0.009188322,-819.8035,-819.8035,-819.8035
4387,0.009189951,-724.41754,-724.41754,-319.52228
4388,0.009191604,-472.54166,-472.54166,23.450363
4389,0.009193216,-260.61996,-260.61996,-260.61996
4390,0.009194814,-225.44289,-225.44289,-384.4754
4391,0.009196395,-356.17996,-356.17996,-321.89337
4392,0.009197952,-605.4754,-455.26605,-605.4754
4393,0.009199518,-926.82166,-926.82166,-1158.573
4394,0.009201084,-1229.3602,-1229.3602,-1518.741
4395,0.009202619,-1411.6044,-1411.6044,-1411.6044
4396,0.009204149,-1404.7787,-1404.7787,-1361.0574
4397,0.009205702,-1202.6085,-1202.6085,-1122.9597
4398,0.009207282,-811.4794,-811.4794,-811.4794
4399,0.009208854,-278.34256,-278.34256,-492.4754
4400,0.009210397,247.57599,247.57599,481.21207
4401,0.009211946,618.16907,277.5066,618.16907
4402,0.009213476,720.6621,720.6621,752.9035
4403,0.009215005,642.89734,642.89734,857.73553
4404,0.00921656,511.9894,511.9894,511.9894
4405,0.009218195,422.40564,422.40564,509.74725
4406,0.009219879,316.6209,316.6209,304.7355
4407,0.009221537,90.61833,90.61833,90.61833
4408,0.009223169,-290.8707,-290.8707,-238.01839
4409,0.009224731,-603.5995,-603.5995,-466.2606
4410,0.009226275,-616.7957,-658.6591,-616.7957
4411,0.00922785,-185.09488,-185.09488,-203.95198
4412,0.009229424,416.14673,416.14673,385.0363
4413,0.009231001,802.5129,802.5129,802.5129
4414,0.009232604,699.17346,699.17346,1191.1886
4415,0.00923423,305.01965,305.01965,870.53625
4416,0.009235881,-31.991043,-31.991043,-31.991043
4417,0.009237511,-37.75923,-37.75923,-190.11995
4418,0.009239117,160.99348,160.99348,-74.19417
4419,0.00924068,354.89175,249.5416,354.89175
4420,0.009242225,390.98495,390.98495,443.14566
4421,0.009243763,237.44972,237.44972,154.90349
4422,0.009245316,-115.916824,-115.916824,-115.916824
4423,0.00924687,-634.9627,-634.9627,-394.48322
4424,0.009248422,-1122.5573,-1122.5573,-856.00275
4425,0.009249988,-1343.1824,-1343.1824,-1343.1824
4426,0.00925155,-1129.1106,-1129.1106,-1222.0145
4427,0.009253149,-618.0538,-618.0538,-545.31525
4428,0.009254724,-62.252758,-223.84123,-62.252758
4429,0.009256274,350.65482,350.65482,-103.08479
4430,0.009257833,625.5742,625.5742,144.13786
4431,0.009259424,801.173,801.173,801.173
4432,0.009261093,907.07275,907.07275,1321.6067
4433,0.009262794,934.10406,934.10406,1249.3528
4434,0.009264484,872.84094,872.84094,872.84094
4435,0.009266169,724.3845,724.3845,666.5871
4436,0.009267874,515.2649,515.2649,558.73944
4437,0.009269587,283.50113,216.09044,283.50113
4438,0.009271255,59.87677,59.87677,-78.35823
4439,0.009272879,-186.52472,-186.52472,-290.1668
4440,0.009274481,-499.07306,-499.07306,-499.07306
4441,0.009276083,-873.0714,-873.0714,-1004.9871
4442,0.009277647,-1104.8341,-1104.8341,-1031.9794
4443,0.009279153,-984.43243,-984.43243,-984.43243
4444,0.009280665,-415.9954,-415.9954,-353.86212
4445,0.009282222,312.2971,312.2971,426.84882
4446,0.009283844,745.7902,392.8607,745.7902
4447,0.009285502,488.29413,488.29413,511.45425
4448,0.009287178,-206.78262,-206.78262,-213.34651
4449,0.009288848,-883.70197,-883.70197,-883.70197
4450,0.009290539,-1196.6135,-1196.6135,-1474.9128
4451,0.009292228,-1191.7285,-1191.7285,-1563.495
4452,0.009293866,-1035.0184,-1035.0184,-1035.0184
4453,0.009295478,-859.27625,-859.27625,-362.42075
4454,0.009297034,-714.34106,-714.34106,-349.62775
4455,0.009298583,-620.1434,-746.1636,-620.1434
4456,0.009300141,-586.4204,-586.4204,-586.75665
4457,0.009301668,-564.44916,-564.44916,-352.4012
4458,0.009303145,-495.25275,-495.25275,-495.25275
4459,0.009304631,-337.19275,-337.19275,-528.241
4460,0.009306163,-106.994484,-106.994484,-430.22543
4461,0.009307708,150.05583,150.05583,150.05583
4462,0.009309276,381.55872,381.55872,558.841
4463,0.009310797,492.45886,492.45886,594.1418
4464,0.00931234,396.5285,411.72208,396.5285
4465,0.009313907,37.947342,37.947342,-59.881668
4466,0.00931549,-434.32288,-434.32288,-613.1903
4467,0.009317075,-807.245,-807.245,-807.245
4468,0.009318653,-918.18835,-918.18835,-555.80743
4469,0.009320244,-803.48096,-803.48096,-385.56137
4470,0.009321876,-540.4051,-540.4051,-540.4051
4471,0.009323508,-219.39383,-219.39383,-528.8934
4472,0.009325114,80.365005,80.365005,-131.06526
4473,0.009326733,297.2824,83.82799,297.2824
4474,0.009328384,373.34738,373.34738,457.54022
4475,0.009330039,302.90234,302.90234,271.01678
4476,0.009331652,107.10271,107.10271,107.10271
4477,0.00933321,-161.14154,-161.14154,-206.79573
4478,0.009334765,-358.91995,-358.91995,-420.96368
4479,0.009336355,-308.1434,-308.1434,-308.1434
4480,0.009337965,96.52827,96.52827,323.46207
4481,0.009339513,555.5304,555.5304,823.0949
4482,0.009341002,741.3605,662.44434,741.3605
4483,0.009342471,487.02954,487.02954,210.89178
4484,0.009343953,36.18431,36.18431,-209.57306
4485,0.009345484,-255.03792,-255.03792,-255.03792
4486,0.009347067,-95.4464,-95.4464,-53.338696
4487,0.009348617,252.39818,252.39818,293.6144
4488,0.009350167,399.61835,399.61835,399.61835
4489,0.00935174,82.32335,82.32335,50.356613
4490,0.009353291,-420.1557,-420.1557,-444.48322
4491,0.009354817,-711.3036,-689.213,-711.3036
4492,0.009356306,-549.8541,-549.8541,-676.7879
4493,0.009357775,-161.57004,-161.57004,-179.06136
4494,0.009359244,144.11052,144.11052,144.11052
4495,0.00936076,145.78113,145.78113,193.83318
4496,0.009362345,-15.640056,-15.640056,-92.67073
4497,0.009363977,-46.897293,-46.897293,-46.897293
4498,0.009365611,276.2802,276.2802,428.2824
4499,0.009367201,743.1352,743.1352,851.03625
4500,0.009368775,1076.2981,623.9106,1076.2981
4501,0.009370381,1078.2891,1078.2891,808.87225
4502,0.009372044,824.84924,824.84924,680.8956
4503,0.009373743,494.41913,494.41913,494.41913
4504,0.009375478,248.22377,248.22377,254.06755
4505,0.009377211,86.08772,86.08772,137.0324
4506,0.009378925,-42.924633,-42.924633,-42.924633
4507,0.009380626,-185.46281,-185.46281,-255.00667
4508,0.009382295,-365.2871,-365.2871,-273.94806
4509,0.009383952,-603.81134,-388.9577,-603.81134
4510,0.00938561,-886.7418,-886.7418,-1432.5223
4511,0.009387241,-1052.942,-1052.942,-1634.5183
4512,0.009388744,-945.51056,-945.51056,-945.51056
4513,0.009390221,-508.81824,-508.81824,-291.2723
4514,0.00939174,122.44626,122.44626,212.7199
4515,0.009393345,739.4699,739.4699,739.4699
4516,0.009394934,1091.0144,1091.0144,1051.3333
4517,0.009396517,1178.3097,1178.3097,1244.634
4518,0.009398136,1043.0519,892.6528,1043.0519
4519,0.009399796,726.6261,726.6261,495.53632
4520,0.009401477,316.4725,316.4725,113.99333
4521,0.009403149,-78.5887,-78.5887,-78.5887
4522,0.00940479,-366.93243,-366.93243,-351.71762
4523,0.009406416,-519.4315,-519.4315,-434.25275
4524,0.009408024,-516.82306,-516.82306,-516.82306
4525,0.009409618,-361.32162,-361.32162,-89.42854
4526,0.009411257,-125.11323,-125.11323,56.794113
4527,0.009412888,81.98161,-133.25246,81.98161
4528,0.009414486,184.24002,184.24002,26.516771
4529,0.009416041,225.92168,225.92168,46.36052
4530,0.009417581,273.33707,273.33707,273.33707
4531,0.009419114,376.72165,376.72165,454.28632
4532,0.009420647,543.2267,543.2267,567.7668
4533,0.00942215,764.2277,764.2277,764.2277
4534,0.009423672,1028.18,1028.18,1099.3058
4535,0.009425248,1262.5367,1262.5367,1455.2238
4536,0.009426842,1357.2863,841.98065,1357.2863
4537,0.009428452,1233.1522,1233.1522,903.3957
4538,0.009430079,934.16486,934.16486,632.92303
4539,0.00943169,548.11835,548.11835,548.11835
4540,0.009433297,155.0953,155.0953,269.93082
4541,0.009434946,-171.00583,-171.00583,-109.846504
4542,0.009436623,-332.32697,-332.32697,-332.32697
4543,0.009438267,-270.91772,-270.91772,-336.87387
4544,0.009439922,-83.40342,-83.40342,-218.56136
4545,0.009441598,100.715996,-42.211613,100.715996
4546,0.009443224,166.20389,166.20389,316.64178
4547,0.009444849,100.18881,100.18881,178.02069
4548,0.009446516,-102.10042,-102.10042,-102.10042
4549,0.009448171,-400.13016,-400.13016,-337.73325
4550,0.009449818,-614.3148,-614.3148,-590.8934
4551,0.0094514,-544.8075,-544.8075,-544.8075
4552,0.009452996,-100.68092,-100.68092,-201.3387
4553,0.00945457,439.05377,439.05377,288.56757
4554,0.009456131,726.0832,382.56882,726.0832
4555,0.009457703,541.4987,541.4987,731.37225
4556,0.009459304,148.49545,148.49545,280.56757
4557,0.009460924,-33.0301,-33.0301,-33.0301
4558,0.009462499,279.5437,279.5437,197.88005
4559,0.00946408,822.3915,822.3915,788.4035
4560,0.009465701,1207.9153,1207.9153,1207.9153
4561,0.009467354,1103.1399,1103.1399,1170.8411
4562,0.009468989,627.5959,627.5959,668.31366
4563,0.009470574,31.981615,377.8522,31.981615
4564,0.009472158,-506.58087,-506.58087,-335.00665
4565,0.009473763,-896.5224,-896.5224,-631.75275
4566,0.009475405,-1054.4208,-1054.4208,-1054.4208
4567,0.009477045,-928.2058,-928.2058,-1247.9714
4568,0.009478713,-631.14264,-631.14264,-1021.53796
4569,0.009480369,-331.33087,-331.33087,-331.33087
4570,0.009482001,-151.27339,-151.27339,93.34099
4571,0.009483652,-46.853035,-46.853035,103.88005
4572,0.009485325,60.805832,-63.04794,60.805832
4573,0.00948698,218.45154,218.45154,198.09099
4574,0.009488613,347.15945,347.15945,303.6066
4575,0.009490251,342.01288,342.01288,342.01288
4576,0.009491823,159.87842,159.87842,171.83708
4577,0.009493342,-42.022617,-42.022617,-68.36604
4578,0.009494844,-90.041824,-90.041824,-90.041824
4579,0.009496327,113.77144,113.77144,254.77849
4580,0.009497839,409.90225,409.90225,741.0832
4581,0.009499414,553.9582,119.83123,553.9582
4582,0.009501074,321.36053,321.36053,-409.36603
4583,0.009502762,-158.58527,-158.58527,-999.1004
4584,0.009504454,-626.20984,-626.20984,-626.20984
4585,0.009506146,-867.8794,-867.8794,-230.08089
4586,0.00950784,-867.86084,-867.86084,-252.86995
4587,0.009509561,-654.6747,-654.6747,-654.6747
4588,0.009511231,-292.10876,-292.10876,-1295.7802
4589,0.009512852,98.051,98.051,-473.87778
4590,0.009514442,401.0324,272.27213,401.0324
4591,0.009516007,537.52856,537.52856,532.6965
4592,0.009517584,532.591,532.591,494.07147
4593,0.009519168,430.2355,430.2355,430.2355
4594,0.009520734,274.4845,274.4845,465.341
4595,0.009522265,91.85005,91.85005,281.30194
4596,0.009523845,-109.83089,-109.83089,-109.83089
4597,0.009525506,-311.31213,-311.31213,-389.70197
4598,0.009527145,-456.3659,-456.3659,-466.24103
4599,0.009528757,-500.78403,-717.29865,-500.78403
4600,0.009530351,-427.20255,-427.20255,-730.1707
4601,0.009531955,-305.9468,-305.9468,-804.05743
4602,0.009533579,-231.26839,-231.26839,-231.26839
4603,0.009535198,-270.9353,-270.9353,509.8332
4604,0.009536771,-363.77002,-363.77002,349.8996
4605,0.009538361,-427.75275,-427.75275,-427.75275
4606,0.009539959,-398.70438,-398.70438,-930.72546
4607,0.009541551,-300.0737,-300.0737,-623.3543
4608,0.009543137,-177.20198,-138.56914,-177.20198
4609,0.009544735,-65.65399,-65.65399,-278.97934
4610,0.009546304,26.203949,26.203949,-164.97932
4611,0.009547879,102.67693,102.67693,102.67693
4612,0.009549475,162.91699,162.91699,496.05194
4613,0.009551091,192.45494,192.45494,600.05194
4614,0.009552716,172.9777,172.9777,172.9777
4615,0.009554341,94.56817,94.56817,-410.06134
4616,0.009555978,-22.152594,-22.152594,-321.11993
4617,0.009557601,-145.80745,-118.20493,-145.80745
4618,0.009559182,-242.09866,-242.09866,-155.38167
4619,0.00956073,-268.67874,-268.67874,-244.48322
4620,0.009562262,-182.74886,-182.74886,-182.74886
4621,0.009563758,20.78422,20.78422,243.40349
4622,0.009565291,229.84818,229.84818,462.29803
4623,0.009566898,276.95428,276.95428,276.95428
4624,0.00956849,40.05932,40.05932,-184.99104
4625,0.009570087,-319.58072,-319.58072,-608.2372
4626,0.009571701,-572.06134,-345.89835,-572.06134
4627,0.009573292,-542.9234,-542.9234,-16.90901
4628,0.009574874,-322.80566,-322.80566,137.58318
4629,0.009576487,-51.838696,-51.838696,-51.838696
4630,0.009578113,142.41014,142.41014,-166.81915
4631,0.009579768,240.34569,240.34569,-134.2176
4632,0.009581414,247.60663,247.60663,247.60663
4633,0.009583049,175.8972,175.8972,345.25504
4634,0.009584605,45.505447,45.505447,293.91522
4635,0.00958614,-131.91292,24.182775,-131.91292
4636,0.009587704,-344.7763,-344.7763,-679.9129
4637,0.009589314,-549.03217,-549.03217,-833.409
4638,0.009590864,-677.68243,-677.68243,-677.68243
4639,0.009592343,-695.96954,-695.96954,-367.98715
4640,0.00959383,-595.6428,-595.6428,-219.5926
4641,0.00959537,-356.36996,-356.36996,-356.36996
4642,0.009596973,11.4015465,11.4015465,-449.6512
4643,0.009598608,323.61914,323.61914,-167.47932
4644,0.00960018,348.16132,139.5008,348.16132
4645,0.0096017,-10.426038,-10.426038,225.93475
4646,0.009603219,-571.3369,-571.3369,-666.62384
4647,0.009604762,-1095.2528,-1095.2528,-1095.2528
4648,0.009606336,-1376.3633,-1376.3633,-990.3543
4649,0.009607901,-1430.7899,-1430.7899,-908.659
4650,0.009609436,-1349.8895,-1349.8895,-1349.8895
4651,0.009610963,-1209.8386,-1209.8386,-1602.155
4652,0.009612518,-1042.4619,-1042.4619,-1548.1278
4653,0.009614111,-873.5926,-842.06464,-873.5926
4654,0.009615696,-719.47314,-719.47314,76.86053
4655,0.009617272,-521.2122,-521.2122,362.63788
4656,0.009618872,-195.92462,-195.92462,-195.92462
4657,0.009620442,269.3572,269.3572,-153.04964
4658,0.009621961,685.4466,685.4466,474.03632
4659,0.009623504,852.6418,852.6418,852.6418
4660,0.00962506,621.06445,621.06445,546.4035
4661,0.009626656,176.12296,176.12296,-24.78401
4662,0.009628266,-175.53792,-1.4200132,-175.53792
4663,0.009629883,-195.81006,-195.81006,521.5988
4664,0.009631505,24.43822,24.43822,874.61053
4665,0.009633109,304.9074,304.9074,304.9074
4666,0.009634703,501.7767,501.7767,-379.68637
4667,0.009636289,584.1652,584.1652,-87.91292
4668,0.009637877,548.0988,548.0988,548.0988
4669,0.009639483,398.12732,398.12732,814.3566
4670,0.00964106,194.5251,194.5251,483.81757
4671,0.009642667,-2.2293227,340.49902,-2.2293227
4672,0.009644303,-131.08855,-131.08855,-334.62384
4673,0.00964593,-169.0928,-169.0928,7.3527083
4674,0.00964755,-109.42072,-109.42072,-109.42072
4675,0.009649198,41.617756,41.617756,-368.01837
4676,0.00965084,202.37355,202.37355,-484.93634
4677,0.009652426,275.41913,275.41913,275.41913
4678,0.009653973,223.51793,223.51793,492.9738
4679,0.009655504,167.78178,167.78178,667.0129
4680,0.009657051,263.54803,340.05383,263.54803
4681,0.009658626,602.8215,602.8215,231.4738
4682,0.009660244,970.27356,970.27356,922.67303
4683,0.009661887,1030.7433,1030.7433,1030.7433
4684,0.009663544,560.15015,560.15015,422.50897
4685,0.009665191,-128.04257,-128.04257,-210.94025
4686,0.009666848,-600.18634,-600.18634,-600.18634
4687,0.009668512,-534.2592,-534.2592,-30.037916
4688,0.009670171,-124.10832,-124.10832,541.31757
4689,0.009671797,301.57928,-30.494791,301.57928
4690,0.009673441,509.35916,509.35916,-183.99886
4691,0.009675107,501.6517,501.6517,-127.30744
4692,0.009676763,351.11835,351.11835,351.11835
4693,0.009678457,123.87771,123.87771,291.82928
4694,0.009680143,-116.39943,-116.39943,-90.88166
4695,0.009681807,-312.74887,-312.74887,-312.74887
4696,0.009683485,-421.84033,-421.84033,-204.97542
4697,0.009685175,-420.6743,-420.6743,-222.0301
4698,0.009686858,-294.82306,-414.56326,-294.82306
4699,0.009688514,-57.350742,-57.350742,-209.13948
4700,0.009690137,194.73718,194.73718,101.27068
4701,0.009691737,356.01285,356.01285,356.01285
4702,0.009693342,365.8296,365.8296,213.75507
4703,0.009694949,317.3548,317.3548,208.82536
4704,0.009696566,345.25504,345.25504,345.25504
4705,0.009698205,532.1882,532.1882,399.26288
4706,0.009699854,723.6712,723.6712,511.30972
4707,0.00970149,701.3918,608.00714,701.3918
4708,0.009703058,350.25742,350.25742,708.7081
4709,0.009704584,-162.36165,-162.36165,143.86443
4710,0.00970614,-651.0458,-651.0458,-651.0458
4711,0.009707764,-947.5982,-947.5982,-1489.0614
4712,0.009709395,-1036.0638,-1036.0638,-1701.7177
4713,0.009711001,-974.25665,-974.25665,-974.25665
4714,0.009712627,-802.53253,-802.53253,9.450365
4715,0.009714283,-494.40347,-494.40347,320.43085
4716,0.009715954,-10.053542,-542.5571,-10.053542
4717,0.009717626,622.7738,622.7738,-15.319166
4718,0.009719299,1122.509,1122.509,544.93085
4719,0.009720927,1151.4933,1151.4933,1151.4933
4720,0.009722556,541.70575,541.70575,834.1691
4721,0.00972422,-370.97498,-370.97498,-159.80745
4722,0.009725889,-1059.5302,-1059.5302,-1059.5302
4723,0.009727557,-1143.279,-1143.279,-1188.2294
4724,0.009729203,-842.5402,-842.5402,-772.659
4725,0.009730841,-512.33484,-288.3904,-512.33484
4726,0.009732481,-420.55774,-420.55774,-375.87384
4727,0.009734107,-534.8677,-534.8677,-432.1981
4728,0.009735724,-748.28015,-748.28015,-748.28015
4729,0.009737332,-956.5358,-956.5358,-980.4794
4730,0.009738904,-1053.0746,-1053.0746,-1032.5731
4731,0.009740481,-940.52234,-940.52234,-940.52234
4732,0.009742136,-546.7405,-546.7405,-692.76843
4733,0.009743826,-52.87449,-52.87449,-377.11996
4734,0.009745466,261.55975,186.88318,261.55975
4735,0.009747092,244.78583,244.78583,638.2277
4736,0.009748716,44.58108,44.58108,559.2629
4737,0.009750324,-118.4012,-118.4012,-118.4012
4738,0.009751953,-87.01872,-87.01872,-726.0497
4739,0.00975359,71.94987,71.94987,-247.24495
4740,0.009755195,225.83318,225.83318,225.83318
4741,0.009756792,282.98737,282.98737,55.762863
4742,0.009758368,268.21405,268.21405,-22.026197
4743,0.009759961,233.09099,233.606,233.09099
4744,0.009761594,220.09521,220.09521,155.01678
4745,0.00976324,235.17839,235.17839,233.45818
4746,0.009764885,273.07147,273.07147,273.07147
4747,0.009766526,322.31177,322.31177,391.34097
4748,0.00976821,348.28003,348.28003,338.93085
4749,0.009769958,302.38785,302.38785,302.38785
4750,0.009771679,151.30518,151.30518,322.18866
4751,0.009773389,-81.89539,-81.89539,165.15349
4752,0.009775071,-358.65512,-172.30281,-358.65512
4753,0.009776737,-633.73773,-633.73773,-920.53406
4754,0.009778437,-814.4787,-814.4787,-1186.8973
4755,0.009780132,-778.64734,-778.64734,-778.64734
4756,0.009781789,-475.4052,-475.4052,80.75505
4757,0.009783424,-61.969704,-61.969704,471.29803
4758,0.009785003,262.62613,262.62613,262.62613
4759,0.009786596,379.35522,379.35522,-157.60042
4760,0.009788193,319.55573,319.55573,-269.36606
4761,0.009789749,165.81755,273.77707,165.81755
4762,0.009791288,-14.45538,-14.45538,483.48163
4763,0.009792837,-189.98631,-189.98631,200.01678
4764,0.009794412,-334.7762,-334.7762,-334.7762
4765,0.009796005,-419.629,-419.629,-509.952
4766,0.009797588,-421.75424,-421.75424,-428.98712
4767,0.00979914,-325.7293,-325.7293,-325.7293
4768,0.00980068,-130.02448,-130.02448,-87.45979
4769,0.009802214,114.63726,114.63726,130.5402
4770,0.009803724,342.73163,550.91113,342.73163
4771,0.009805238,500.1756,500.1756,379.97382
4772,0.009806721,536.8961,536.8961,405.9191
4773,0.009808181,415.1457,415.1457,415.1457
4774,0.009809654,116.96484,116.96484,463.39175
4775,0.009811223,-288.69327,-288.69327,129.74724
4776,0.009812891,-659.0809,-659.0809,-659.0809
4777,0.009814549,-827.79816,-827.79816,-1220.7605
4778,0.009816168,-793.1352,-793.1352,-1093.9832
4779,0.009817788,-585.37384,-554.53406,-585.37384
4780,0.009819397,-259.95685,-259.95685,-122.9012
4781,0.00982096,11.820745,11.820745,88.29803
4782,0.009822527,58.794113,58.794113,58.794113
4783,0.009824104,-222.70694,-222.70694,-267.46368
4784,0.009825692,-612.36554,-612.36554,-680.43243
4785,0.009827279,-797.44025,-797.44025,-797.44025
4786,0.009828812,-585.4301,-585.4301,-456.12384
4787,0.009830354,-182.19534,-182.19534,52.18474
4788,0.009831919,116.840996,-151.77846,116.840996
4789,0.009833501,84.5162,84.5162,-20.416822
4790,0.009835086,-135.95409,-135.95409,-315.36996
4791,0.009836612,-299.21368,-299.21368,-299.21368
4792,0.009838132,-249.93398,-249.93398,-30.94026
4793,0.009839683,-40.62765,-40.62765,151.26288
4794,0.009841249,214.56757,214.56757,214.56757
4795,0.009842775,403.1929,403.1929,147.9777
4796,0.009844331,483.9121,483.9121,324.16132
4797,0.009845911,412.36053,464.06625,412.36053
4798,0.009847485,178.7168,178.7168,140.4738
4799,0.00984905,-103.62069,-103.62069,-204.9051
4800,0.009850617,-296.16293,-296.16293,-296.16293
4801,0.009852207,-306.9162,-306.9162,-251.07698
4802,0.009853752,-244.14229,-244.14229,-132.36604
4803,0.00985526,-256.9715,-256.9715,-256.9715
4804,0.009856761,-429.57187,-429.57187,-515.37775
4805,0.009858252,-641.29346,-641.29346,-720.9129
4806,0.009859712,-726.43634,-790.0382,-726.43634
4807,0.009861137,-589.7706,-589.7706,-493.33868
4808,0.009862538,-333.65482,-333.65482,-280.6434
4809,0.009863953,-90.17464,-90.17464,-90.17464
4810,0.009865431,37.774113,37.774113,13.567553
4811,0.009866977,79.01182,79.01182,1.950365
4812,0.009868571,117.32537,117.32537,117.32537
4813,0.009870193,229.28996,229.28996,218.04411
4814,0.009871877,403.2291,403.2291,309.73163
4815,0.009873579,590.49335,425.82214,590.49335
4816,0.009875205,730.44495,730.44495,910.74725
4817,0.009876802,767.2571,767.2571,966.68866
4818,0.009878431,633.50507,633.50507,633.50507
4819,0.00988006,302.24838,302.24838,193.83318
4820,0.009881636,-61.59149,-61.59149,-171.23323
4821,0.009883191,-284.68634,-284.68634,-284.68634
4822,0.009884712,-255.16173,-255.16173,-169.68245
4823,0.009886231,-67.0343,-67.0343,87.04802
4824,0.009887797,149.02458,24.784977,149.02458
4825,0.009889383,265.81924,265.81924,191.51288
4826,0.009890967,256.0698,256.0698,210.7746
4827,0.009892516,125.91521,125.91521,125.91521
4828,0.009894059,-126.69355,-126.69355,-487.52228
4829,0.009895605,-530.89246,-530.89246,-967.7918
4830,0.009897191,-1138.3113,-1138.3113,-1138.3113
4831,0.009898819,-1937.1102,-1937.1102,-1471.1003
4832,0.009900449,-2624.678,-2624.678,-2259.163
4833,0.009902067,-2843.8777,-2498.5457,-2843.8777
4834,0.009903681,-2395.4297,-2395.4297,-2654.5222
4835,0.00990525,-1661.6825,-1661.6825,-2028.6552
4836,0.009906809,-1101.8192,-1101.8192,-1101.8192
4837,0.009908357,-1026.9166,-1026.9166,-686.7059
4838,0.009909913,-1209.3859,-1209.3859,-995.3035
4839,0.009911492,-1287.1669,-1287.1669,-1287.1669
4840,0.009913095,-995.4862,-995.4862,-867.69415
4841,0.009914692,-573.4903,-573.4903,-217.5223
4842,0.00991629,-384.81134,-734.90076,-384.81134
4843,0.009917925,-678.1418,-678.1418,-332.94028
4844,0.009919581,-1179.8263,-1179.8263,-694.6004
4845,0.009921202,-1448.6863,-1448.6863,-1448.6863
4846,0.009922817,-1215.3672,-1215.3672,-1930.6395
4847,0.009924462,-716.86084,-716.86084,-1071.4636
4848,0.009926093,-350.4793,-350.4793,-350.4793
4849,0.009927722,-388.80356,-388.80356,-198.3348
4850,0.009929321,-663.52954,-663.52954,-509.28793
4851,0.00993091,-913.9715,-794.5378,-913.9715
4852,0.009932519,-939.5532,-939.5532,-996.7918
4853,0.009934111,-743.70233,-743.70233,-899.25275
4854,0.009935667,-393.12387,-393.12387,-393.12387
4855,0.009937208,44.452232,44.452232,129.33708
4856,0.009938751,454.94702,454.94702,606.5792
4857,0.009940282,705.6808,705.6808,705.6808
4858,0.009941853,711.0762,711.0762,668.0402
4859,0.009943482,540.5325,540.5325,418.64957
4860,0.009945104,335.7824,293.92114,335.7824
4861,0.009946708,205.40575,205.40575,573.2824
4862,0.009948333,109.55267,109.55267,100.33708
4863,0.009949957,-23.561354,-23.561354,-23.561354
4864,0.009951561,-228.81555,-228.81555,-214.1473
4865,0.009953159,-402.28955,-402.28955,-362.2762
4866,0.009954737,-407.78793,-407.78793,-407.78793
4867,0.009956311,-170.45703,-170.45703,-173.61604
4868,0.009957889,169.80757,169.80757,242.64178
4869,0.009959478,417.14957,7.0806603,417.14957
4870,0.009961073,418.19843,418.19843,405.716
4871,0.009962685,218.41563,218.41563,121.50506
4872,0.009964307,-82.36604,-82.36604,-82.36604
4873,0.009965941,-384.57883,-384.57883,-462.17853
4874,0.009967559,-599.2504,-599.2504,-663.5731
4875,0.009969167,-651.0379,-651.0379,-651.0379
4876,0.009970802,-485.92838,-485.92838,-574.63947
4877,0.00997243,-158.22449,-158.22449,-265.7684
4878,0.00997401,238.49333,-139.68475,238.49333
4879,0.00997556,624.69556,624.69556,818.61835
4880,0.009977094,906.42145,906.42145,1110.9661
4881,0.009978673,984.5831,984.5831,984.5831
4882,0.009980277,782.00885,782.00885,510.87222
4883,0.009981841,442.90094,442.90094,204.64958
4884,0.009983392,142.9777,142.9777,142.9777
4885,0.009984989,7.57113,7.57113,170.40741
4886,0.009986622,6.4569774,6.4569774,202.51677
4887,0.009988306,53.0324,296.93994,53.0324
4888,0.009989991,74.25573,74.25573,-49.01057
4889,0.009991681,104.135574,104.135574,41.770676
4890,0.00999341,207.81755,207.81755,207.81755
4891,0.009995123,416.90784,416.90784,524.1418
4892,0.009996818,639.35315,639.35315,804.3254
4893,0.009998499,758.8918,758.8918,758.8918
4894,0.010000157,694.36505,694.36505,512.0871
4895,0.010001783,485.5305,485.5305,223.63396
4896,0.010003371,197.41911,71.22575,197.41911
4897,0.010004939,-115.61271,-115.61271,178.27068
4898,0.010006513,-402.932,-402.932,5.008959
4899,0.010008117,-609.866,-609.866,-609.866
4900,0.010009753,-688.73676,-688.73676,-1018.03796
4901,0.010011395,-662.9785,-662.9785,-923.89343
4902,0.01001301,-581.4129,-581.4129,-581.4129
4903,0.010014589,-481.42374,-481.42374,-425.10822
4904,0.010016146,-355.17087,-355.17087,-475.5809
4905,0.010017715,-181.86604,-261.56204,-181.86604
4906,0.010019294,34.772095,34.772095,791.6379
4907,0.010020884,198.12854,198.12854,1011.09485
4908,0.010022484,184.01677,184.01677,184.01677
4909,0.010024078,-69.77991,-69.77991,-724.2254
4910,0.010025707,-384.31805,-384.31805,-945.72546
4911,0.010027343,-494.10825,-494.10825,-494.10825
4912,0.010028913,-247.65358,-247.65358,116.13005
4913,0.010030442,128.68268,128.68268,521.23944
4914,0.010031985,365.2199,-118.274376,365.2199
4915,0.010033523,267.9489,267.9489,78.98943
4916,0.010035045,2.2231822,2.2231822,-246.06136
4917,0.010036564,-189.6512,-189.6512,-189.6512
4918,0.010038104,-123.0024,-123.0024,145.9152
4919,0.010039698,168.76337,168.76337,543.92303
4920,0.01004129,566.73944,566.73944,566.73944
4921,0.01004285,941.3759,941.3759,426.57928
4922,0.010044442,1177.7523,1177.7523,727.55194
4923,0.010046043,1131.4073,996.90845,1131.4073
4924,0.010047582,750.1666,750.1666,900.0324
4925,0.010049087,224.67514,224.67514,122.35271
4926,0.010050581,-229.11604,-229.11604,-229.11604
4927,0.010052069,-448.07608,-448.07608,-16.233229
4928,0.010053584,-456.1098,-456.1098,-11.166822
4929,0.01005514,-315.7801,-315.7801,-315.7801
4930,0.010056741,-107.19807,-107.19807,-703.14734
4931,0.010058372,34.54595,34.54595,-444.08087
4932,0.010059973,-41.330883,-349.54602,-41.330883
4933,0.010061511,-381.21173,-381.21173,-109.135574
4934,0.010063051,-772.253,-772.253,-670.86993
4935,0.010064644,-932.2567,-932.2567,-932.2567
4936,0.01006623,-644.9523,-644.9523,-551.8348
4937,0.010067822,-126.07386,-126.07386,11.825365
4938,0.010069427,302.00507,302.00507,302.00507
4939,0.010071032,392.33975,392.33975,228.30974
4940,0.010072634,258.53564,258.53564,138.43083
4941,0.01007419,105.30974,109.844086,105.30974
4942,0.010075698,70.777885,70.777885,159.43474
4943,0.01007722,117.76939,117.76939,192.14177
4944,0.010078786,173.68475,173.68475,173.68475
4945,0.010080399,180.95348,180.95348,147.87614
4946,0.010081997,181.41904,181.41904,115.99333
4947,0.010083586,243.30975,243.30975,243.30975
4948,0.010085178,402.53522,402.53522,197.05974
4949,0.010086806,569.7283,569.7283,353.99332
4950,0.010088443,609.1965,532.6297,609.1965
4951,0.010090098,425.32443,425.32443,814.0754
4952,0.010091769,97.88357,97.88357,490.0871
4953,0.010093383,-229.07698,-229.07698,-229.07698
4954,0.010094936,-459.60123,-459.60123,-745.8934
4955,0.010096467,-594.351,-594.351,-940.1785
4956,0.010098009,-645.2293,-645.2293,-645.2293
4957,0.01009957,-621.52484,-621.52484,-407.11996
4958,0.010101144,-546.27594,-546.27594,-395.85434
4959,0.010102684,-450.50668,-529.2677,-450.50668
4960,0.010104231,-362.08002,-362.08002,-310.64337
4961,0.010105795,-320.22754,-320.22754,-219.24884
4962,0.010107364,-368.88947,-368.88947,-368.88947
4963,0.010108911,-510.6485,-510.6485,-650.8934
4964,0.010110454,-602.0874,-602.0874,-720.4129
4965,0.010111993,-465.42856,-465.42856,-465.42856
4966,0.010113554,0.5417031,0.5417031,156.55974
4967,0.010115123,546.3982,546.3982,668.4152
4968,0.010116702,826.1066,532.1315,826.1066
4969,0.010118257,615.07196,615.07196,222.94646
4970,0.010119804,180.53348,180.53348,-193.23323
4971,0.010121374,-107.866035,-107.866035,-107.866035
4972,0.010122984,32.17681,32.17681,34.5988
4973,0.010124603,392.43854,392.43854,476.45428
4974,0.010126229,618.7082,618.7082,618.7082
4975,0.010127834,458.24518,458.24518,875.6965
4976,0.010129439,69.59229,69.59229,494.06757
4977,0.01013105,-294.31134,-76.77579,-294.31134
4978,0.01013261,-428.58142,-428.58142,-749.3622
4979,0.01013413,-360.94727,-360.94727,-666.45984
4980,0.010135666,-150.00276,-150.00276,-150.00276
4981,0.010137206,142.74115,142.74115,445.0871
4982,0.010138761,432.35242,432.35242,738.7199
4983,0.010140341,622.1808,622.1808,622.1808
4984,0.010141941,648.09973,648.09973,472.79022
4985,0.010143567,618.5179,618.5179,518.7746
4986,0.01014523,698.591,397.47873,698.591
4987,0.010146882,987.419,987.419,890.11053
4988,0.010148487,1289.7413,1289.7413,1239.6536
4989,0.010150063,1374.2277,1374.2277,1374.2277
4990,0.010151645,1099.1144,1099.1144,840.1222
4991,0.010153263,627.98175,627.98175,388.45035
4992,0.010154917,230.9113,230.9113,230.9113
4993,0.010156535,122.7986,122.7986,301.78238
4994,0.010158119,160.01152,160.01152,297.63788
4995,0.010159657,140.50114,-53.28894,140.50114
4996,0.010161176,-53.184967,-53.184967,-109.092606
4997,0.010162698,-295.9272,-295.9272,-281.11606
4998,0.010164198,-401.3934,-401.3934,-401.3934
4999,0.010165692,-260.11575,-260.11575,-131.61604
5000,0.010167156,-19.783146,-19.783146,107.48162
5001,0.010168517,123.126144,123.126144,123.126144
5002,0.010169907,73.30808,73.30808,222.48552
5003,0.010171407,-101.903755,-101.903755,31.149584
5004,0.010173013,-240.47932,-92.85947,-240.47932
5005,0.010174618,-190.30414,-190.30414,-555.56134
5006,0.01017622,-74.537476,-74.537476,-469.659
5007,0.010177838,-82.741035,-82.741035,-82.741035
5008,0.010179429,-335.18118,-335.18118,-44.412918
5009,0.010181041,-691.13617,-691.13617,-519.1356
5010,0.010182698,-934.15906,-934.15906,-934.15906
5011,0.010184264,-895.5695,-895.5695,-1000.0419
5012,0.010185774,-691.24023,-691.24023,-732.327
5013,0.010187316,-450.71368,-571.7275,-450.71368
5014,0.010188854,-288.03143,-288.03143,-230.72542
5015,0.010190406,-198.9113,-198.9113,-203.8348
5016,0.010191981,-152.5848,-152.5848,-152.5848
5017,0.010193584,-117.505806,-117.505806,-181.3387
5018,0.010195198,-63.862785,-63.862785,-281.4637
5019,0.010196825,39.25115,39.25115,39.25115
5020,0.010198452,198.89005,198.89005,371.50894
5021,0.01020006,327.84323,327.84323,614.15735
5022,0.01020166,322.3644,434.9182,322.3644
5023,0.010203255,126.929955,126.929955,41.231617
5024,0.010204835,-125.62675,-125.62675,-105.198074
5025,0.010206412,-263.99887,-263.99887,-263.99887
5026,0.010207999,-174.48354,-174.48354,-285.0145
5027,0.01020956,19.20041,19.20041,-119.385574
5028,0.010211108,143.83708,143.83708,143.83708
5029,0.010212658,77.04786,77.04786,154.38786
5030,0.010214204,-125.443634,-125.443634,-127.92464
5031,0.010215752,-364.4012,-303.892,-364.4012
5032,0.010217323,-545.55597,-545.55597,-434.87775
5033,0.010218925,-580.39996,-580.39996,-378.93243
5034,0.010220561,-372.64728,-372.64728,-372.64728
5035,0.010222179,96.14023,96.14023,-412.3856
5036,0.010223797,583.8019,583.8019,-19.897291
5037,0.010225417,781.3527,781.3527,781.3527
5038,0.010227024,486.19415,486.19415,1069.1028
5039,0.010228606,-83.16513,-83.16513,386.54413
5040,0.010230179,-631.77234,-242.22723,-631.77234
5041,0.010231731,-942.37915,-942.37915,-1288.5847
5042,0.010233253,-1085.4752,-1085.4752,-1324.4792
5043,0.010234764,-1193.6981,-1193.6981,-1193.6981
5044,0.010236262,-1342.2684,-1342.2684,-1026.2605
5045,0.010237762,-1419.8666,-1419.8666,-1151.0731
5046,0.010239286,-1261.9794,-1261.9794,-1261.9794
5047,0.010240871,-747.00885,-747.00885,-859.6707
5048,0.010242468,-87.02282,-87.02282,-318.43243
5049,0.010244057,409.57147,249.6847,409.57147
5050,0.010245611,528.7305,528.7305,604.0363
5051,0.010247122,390.61295,390.61295,436.79803
5052,0.010248621,167.63786,167.63786,167.63786
5053,0.010250104,-10.424368,-10.424368,109.11052
5054,0.010251605,-138.8191,-138.8191,260.0832
5055,0.010253148,-239.00667,-239.00667,-239.00667
5056,0.01025472,-329.84476,-329.84476,-921.5809
5057,0.010256316,-425.19492,-425.19492,-1202.1394
5058,0.010257912,-536.6161,-759.2749,-536.6161
5059,0.010259506,-660.9131,-660.9131,-150.49495
5060,0.010261075,-730.9752,-730.9752,-415.93637
5061,0.010262635,-670.50665,-670.50665,-670.50665
5062,0.010264155,-452.13617,-452.13617,-591.9871
5063,0.010265662,-204.40955,-204.40955,-392.26447
5064,0.01026718,-87.86214,-87.86214,-87.86214
5065,0.010268698,-217.1968,-217.1968,-396.59653
5066,0.010270223,-496.48743,-496.48743,-467.57697
5067,0.010271777,-778.0419,-473.06635,-778.0419
5068,0.010273306,-923.4856,-923.4856,-635.4598
5069,0.01027485,-916.43616,-916.43616,-607.1707
5070,0.010276417,-757.409,-757.409,-757.409
5071,0.01027798,-467.95865,-467.95865,-850.1395
5072,0.010279576,-123.492584,-123.492584,-599.2684
5073,0.010281139,162.2199,162.2199,162.2199
5074,0.010282671,322.70206,322.70206,456.99332
5075,0.010284176,396.28165,396.28165,526.30585
5076,0.010285666,441.07144,342.1298,441.07144
5077,0.010287199,490.93283,490.93283,253.27069
5078,0.010288769,484.73373,484.73373,169.14958
5079,0.010290316,337.4894,337.4894,337.4894
5080,0.010291843,17.279285,17.279285,228.43474
5081,0.010293417,-343.34412,-343.34412,-145.70589
5082,0.010295019,-532.44025,-532.44025,-532.44025
5083,0.010296643,-406.47696,-406.47696,-310.27618
5084,0.010298252,-167.91917,-167.91917,191.69646
5085,0.010299847,-99.05354,-53.512314,-99.05354
5086,0.010301453,-366.63614,-366.63614,-948.45593
5087,0.010303067,-696.1985,-696.1985,-1137.4402
5088,0.010304571,-711.5926,-711.5926,-711.5926
5089,0.010306029,-256.762,-256.762,-37.284008
5090,0.010307526,430.6769,430.6769,677.04803
5091,0.010309066,967.66125,967.66125,967.66125
5092,0.010310618,1027.9218,1027.9218,1074.7355
5093,0.010312186,752.95624,752.95624,664.64954
5094,0.010313805,405.50116,256.3548,405.50116
5095,0.01031536,233.68228,233.68228,149.71599
5096,0.010316835,211.94394,211.94394,317.2785
5097,0.010318286,269.91132,269.91132,269.91132
5098,0.010319773,355.72272,355.72272,253.23163
5099,0.010321332,414.53555,414.53555,340.32535
5100,0.010322834,382.7394,382.7394,382.7394
5101,0.010324301,239.98814,239.98814,239.23943
5102,0.010325806,65.582016,65.582016,-56.53401
5103,0.010327325,-19.67073,165.41057,-19.67073
5104,0.010328768,63.96192,63.96192,162.69257
5105,0.010330184,257.03632,257.03632,389.3332
5106,0.010331608,486.9816,486.9816,486.9816
5107,0.01033309,685.9116,685.9116,398.36444
5108,0.010334611,771.24615,771.24615,585.5871
5109,0.01033619,650.61053,650.61053,650.61053
5110,0.0103378,277.865,277.865,327.00113
5111,0.010339435,-154.1404,-154.1404,-246.2137
5112,0.010341101,-373.03012,-179.77959,-373.03012
5113,0.010342722,-187.53659,-187.53659,-356.06918
5114,0.010344312,222.13133,222.13133,123.05583
5115,0.010345888,620.7316,620.7316,620.7316
5116,0.010347435,816.18555,816.18555,783.81366
5117,0.010348947,760.499,760.499,821.41125
5118,0.010350433,440.95428,440.95428,440.95428
5119,0.010351916,-114.26426,-114.26426,162.88788
5120,0.010353412,-676.42535,-676.42535,-496.8856
5121,0.010354922,-949.1629,-1001.69763,-949.1629
5122,0.01035645,-727.6504,-727.6504,-905.6473
5123,0.010358021,-232.84122,-232.84122,-456.31918
5124,0.010359635,160.3488,160.3488,160.3488
5125,0.010361225,145.90327,145.90327,238.89177
5126,0.010362829,-110.8624,-110.8624,70.35661
5127,0.010364392,-330.28403,-330.28403,-330.28403
5128,0.010365906,-334.64398,-334.64398,-491.2176
5129,0.010367412,-229.09636,-229.09636,-357.14728
5130,0.010368939,-173.88947,-203.6107,-173.88947
5131,0.0103705,-282.7903,-282.7903,33.665207
5132,0.010372072,-432.69812,-432.69812,-221.74104
5133,0.010373634,-433.30746,-433.30746,-433.30746
5134,0.010375221,-156.24692,-156.24692,119.83318
5135,0.010376827,266.24686,266.24686,774.99335
5136,0.010378446,620.9816,620.9816,620.9816
5137,0.010380083,738.07086,738.07086,283.70428
5138,0.010381693,657.7898,657.7898,228.33708
5139,0.010383288,477.70038,244.45781,477.70038
5140,0.010384908,267.08917,267.08917,229.93083
5141,0.010386555,31.515402,31.515402,-233.57307
5142,0.010388169,-230.19026,-230.19026,-230.19026
5143,0.010389751,-507.91617,-507.91617,-254.2762
5144,0.010391349,-728.0483,-728.0483,-506.159
5145,0.010392963,-786.3622,-786.3622,-786.3622
5146,0.010394547,-633.3238,-633.3238,-628.5653
5147,0.010396108,-426.59384,-426.59384,-376.99493
5148,0.010397618,-357.00275,-176.5738,-357.00275
5149,0.010399102,-518.7437,-518.7437,-749.2293
5150,0.010400605,-744.9255,-744.9255,-1120.6785
5151,0.010402152,-789.19025,-789.19025,-789.19025
5152,0.010403739,-470.46796,-470.46796,-166.30353
5153,0.010405297,-48.436256,-48.436256,76.3488
5154,0.010406817,134.1027,134.1027,134.1027
5155,0.010408336,-128.05432,-128.05432,-34.315258
5156,0.010409863,-629.9341,-629.9341,-539.9442
5157,0.010411386,-1052.452,-707.453,-1052.452
5158,0.010412955,-1145.8544,-1145.8544,-1339.3582
5159,0.010414548,-910.6857,-910.6857,-1016.43634
5160,0.010416143,-441.23715,-441.23715,-441.23715
5161,0.010417739,149.15675,149.15675,630.9699
5162,0.01041935,695.38837,695.38837,1213.7863
5163,0.010420952,1003.34094,1003.34094,1003.34094
5164,0.010422548,957.8139,957.8139,860.5754
5165,0.010424171,697.9471,697.9471,490.38007
5166,0.010425815,437.25897,401.40207,437.25897
5167,0.010427396,346.8417,346.8417,100.290215
5168,0.010428965,355.07974,355.07974,45.395676
5169,0.01043056,350.05585,350.05585,350.05585
5170,0.01043218,249.78395,249.78395,499.72382
5171,0.01043377,118.71864,118.71864,345.5324
5172,0.010435307,50.087086,50.087086,50.087086
5173,0.01043683,91.849266,91.849266,205.78241
5174,0.010438353,171.04132,171.04132,14.180834
5175,0.010439845,185.87224,339.9846,185.87224
5176,0.010441324,81.3297,81.3297,251.93864
5177,0.010442819,-47.95325,-47.95325,133.50114
5178,0.010444345,-62.276196,-62.276196,-62.276196
5179,0.01044589,134.46617,134.46617,91.16131
5180,0.010447486,411.6829,411.6829,318.68085
5181,0.010449091,548.2004,548.2004,548.2004
5182,0.010450702,386.80542,386.80542,577.4113
5183,0.010452307,43.710785,43.710785,234.33319
5184,0.010453868,-291.5965,-56.462273,-291.5965
5185,0.010455421,-491.09637,-491.09637,-729.0106
5186,0.010457003,-549.3866,-549.3866,-760.9051
5187,0.010458646,-482.4793,-482.4793,-482.4793
5188,0.010460309,-323.54083,-323.54083,-268.38947
5189,0.010461949,-163.97334,-163.97334,-207.14728
5190,0.010463589,-99.377754,-99.377754,-99.377754
5191,0.010465238,-184.80746,-184.80746,68.81365
5192,0.010466881,-301.2095,-301.2095,-69.998856
5193,0.010468422,-294.95587,-503.42374,-294.95587
5194,0.010469925,-100.38285,-100.38285,-44.81135
5195,0.010471471,164.90373,164.90373,381.81366
5196,0.010473073,311.84097,311.84097,311.84097
5197,0.010474661,193.29037,193.29037,-208.32307
5198,0.010476229,-55.384056,-55.384056,-548.3621
5199,0.010477791,-244.4637,-244.4637,-244.4637
5200,0.010479342,-236.29303,-236.29303,381.7121
5201,0.010480884,-84.94785,-84.94785,649.23944
5202,0.010482466,117.51677,115.18662,117.51677
5203,0.010484085,275.078,275.078,-396.5184
5204,0.010485726,313.8471,313.8471,-511.05353
5205,0.010487339,172.81364,172.81364,172.81364
5206,0.010488848,-135.18652,-135.18652,556.11053
5207,0.010490275,-456.84064,-456.84064,279.05975
5208,0.010491688,-653.7294,-653.7294,-653.7294
5209,0.010493157,-623.86194,-623.86194,-1395.0887
5210,0.0104947,-438.02377,-438.02377,-1254.9364
5211,0.010496272,-255.24495,-262.82962,-255.24495
5212,0.010497888,-209.12946,-209.12946,536.2199
5213,0.010499458,-250.42381,-250.42381,207.81364
5214,0.010500988,-281.5809,-281.5809,-281.5809
5215,0.0105025,-238.06609,-238.06609,-242.67854
5216,0.01050403,-137.71832,-137.71832,-30.358229
5217,0.010505587,-19.162916,-19.162916,-19.162916
5218,0.010507157,79.20205,79.20205,-237.76448
5219,0.010508756,139.12892,139.12892,-316.30746
5220,0.010510357,145.02849,329.50128,145.02849
5221,0.01051196,88.03302,88.03302,756.2121
5222,0.010513585,-22.92289,-22.92289,650.384
5223,0.010515219,-172.10432,-172.10432,-172.10432
5224,0.010516883,-344.01086,-344.01086,-835.7254
5225,0.010518565,-511.95554,-511.95554,-908.9129
5226,0.010520198,-642.49493,-642.49493,-642.49493
5227,0.010521775,-705.10297,-705.10297,-472.81528
5228,0.010523328,-642.1378,-642.1378,-520.38947
5229,0.010524872,-387.19025,-589.0793,-387.19025
5230,0.01052646,94.76043,94.76043,262.80972
5231,0.010528116,628.3853,628.3853,796.35657
5232,0.010529781,921.9738,921.9738,921.9738
5233,0.010531427,797.8035,797.8035,517.1457
5234,0.010533052,489.77795,489.77795,362.34488
5235,0.010534629,311.1144,311.1144,311.1144
5236,0.010536193,434.75998,434.75998,738.80975
5237,0.010537767,638.8171,638.8171,740.74725
5238,0.010539335,598.2238,269.62753,598.2238
5239,0.010540945,92.60183,92.60183,-193.60432
5240,0.010542586,-601.13885,-601.13885,-860.50275
5241,0.010544211,-1030.4208,-1030.4208,-1030.4208
5242,0.010545818,-898.8704,-898.8704,-336.60043
5243,0.010547331,-436.723,-436.723,206.55585
5244,0.010548851,90.333176,90.333176,90.333176
5245,0.01055038,459.06787,459.06787,-183.64337
5246,0.010551873,603.04706,603.04706,115.239426
5247,0.010553354,515.12225,458.14917,515.12225
5248,0.010554771,227.20439,227.20439,476.68472
5249,0.010556205,-133.95152,-133.95152,-26.041822
5250,0.010557691,-406.909,-406.909,-406.909
5251,0.010559205,-452.04593,-452.04593,-243.42073
5252,0.010560817,-366.87433,-366.87433,78.47381
5253,0.010562474,-348.077,-348.077,-348.077
5254,0.010564111,-541.82654,-541.82654,-1194.3425
5255,0.010565714,-795.0693,-795.0693,-1487.5731
5256,0.010567307,-903.32697,-851.4502,-903.32697
5257,0.010568915,-724.37866,-724.37866,-430.88947
5258,0.01057058,-350.97446,-350.97446,-199.18245
5259,0.010572268,29.227709,29.227709,29.227709
5260,0.010573971,254.84406,254.84406,513.5129
5261,0.010575676,326.84247,326.84247,708.98553
5262,0.010577403,290.49332,290.49332,290.49332
5263,0.010579107,198.71382,198.71382,7.6105213
5264,0.010580752,123.84329,123.84329,4.356615
5265,0.010582318,127.93083,223.05846,127.93083
5266,0.010583848,232.04964,232.04964,236.99724
5267,0.010585389,350.69296,350.69296,323.80972
5268,0.010586951,366.85272,366.85272,366.85272
5269,0.01058847,207.27798,207.27798,236.2902
5270,0.010589981,-39.533577,-39.533577,65.05583
5271,0.010591521,-254.98325,-254.98325,-254.98325
5272,0.010593089,-329.9644,-329.9644,-531.37775
5273,0.010594704,-247.34865,-247.34865,-454.86993
5274,0.010596356,-14.97151,-137.43489,-14.97151
5275,0.010597978,312.79156,312.79156,501.05582
5276,0.010599582,586.98175,586.98175,767.4621
5277,0.010601173,641.7707,641.7707,641.7707
5278,0.010602757,395.03104,395.03104,320.82538
5279,0.010604285,85.930244,85.930244,83.301926
5280,0.010605796,-14.264479,-14.264479,-14.264479
5281,0.010607332,260.0593,260.0593,521.81757
5282,0.01060891,653.6849,653.6849,827.8527
5283,0.010610554,746.6535,802.14124,746.6535
5284,0.010612213,219.4273,219.4273,-76.51839
5285,0.010613819,-526.7771,-526.7771,-733.25275
5286,0.010615431,-998.4051,-998.4051,-998.4051
5287,0.010617047,-830.20667,-830.20667,-795.4285
5288,0.010618663,-243.9079,-243.9079,-173.47151
5289,0.010620286,392.44254,392.44254,392.44254
5290,0.010621915,778.548,778.548,751.7668
5291,0.010623554,916.4047,916.4047,870.7199
5292,0.010625197,884.9621,941.4028,884.9621
5293,0.010626847,762.2974,762.2974,744.9816
5294,0.010628517,611.58496,611.58496,601.8527
5295,0.010630192,497.17303,497.17303,497.17303
5296,0.010631839,466.0911,466.0911,441.63007
5297,0.010633465,493.6155,493.6155,537.2082
5298,0.010635097,542.1418,542.1418,542.1418
5299,0.010636746,585.9269,585.9269,415.18085
5300,0.010638405,643.58856,643.58856,412.5441
5301,0.010640072,746.0793,782.5908,746.0793
5302,0.010641731,902.68396,902.68396,1303.423
5303,0.010643405,1043.0308,1043.0308,1488.509
5304,0.0106451,1070.548,1070.548,1070.548
5305,0.010646767,926.18994,926.18994,568.9543
5306,0.010648405,701.7181,701.7181,467.9582
5307,0.010650034,512.5129,512.5129,512.5129
5308,0.010651645,433.59326,433.59326,488.68085
5309,0.010653226,389.08194,389.08194,443.14566
5310,0.010654824,269.0402,50.674225,269.0402
5311,0.010656415,10.077932,10.077932,-183.43634
5312,0.010658039,-285.13248,-285.13248,-493.49106
5313,0.0106597,-452.69028,-452.69028,-452.69028
5314,0.010661304,-374.5047,-374.5047,-189.7762
5315,0.010662856,-159.29967,-159.29967,91.27068
5316,0.010664431,66.68083,66.68083,66.68083
5317,0.010665999,201.15196,201.15196,32.219894
5318,0.010667576,282.44623,282.44623,51.829273
5319,0.010669134,379.66132,176.2469,379.66132
5320,0.010670689,526.18134,526.18134,614.2433
5321,0.01067226,608.5765,608.5765,755.5715
5322,0.010673812,474.4035,474.4035,474.4035
5323,0.01067536,53.58549,53.58549,-61.967606
5324,0.010676919,-427.18832,-427.18832,-481.94415
5325,0.010678532,-653.76056,-653.76056,-653.76056
5326,0.010680189,-374.183,-374.183,-297.66684
5327,0.010681828,126.244606,126.244606,260.82928
5328,0.010683444,435.54022,391.776,435.54022
5329,0.010685028,310.5073,310.5073,275.80194
5330,0.010686556,51.147793,51.147793,247.26286
5331,0.01068806,28.708178,28.708178,28.708178
5332,0.010689581,477.0687,477.0687,134.89568
5333,0.010691148,1143.8372,1143.8372,688.9465
5334,0.010692782,1591.2434,1591.2434,1591.2434
5335,0.01069435,1448.3213,1448.3213,1798.4698
5336,0.010695935,897.90607,897.90607,1115.0208
5337,0.010697594,202.96991,353.54175,202.96991
5338,0.010699283,-342.9025,-342.9025,-256.97934
5339,0.010700996,-656.641,-656.641,-345.16293
5340,0.010702665,-713.24493,-713.24493,-713.24493
5341,0.010704325,-530.70966,-530.70966,-887.2918
5342,0.010705944,-209.49707,-209.49707,-425.19806
5343,0.010707582,152.5949,152.5949,152.5949
5344,0.0107093,466.57138,466.57138,494.08316
5345,0.010710983,643.3879,643.3879,659.56366
5346,0.010712646,636.62616,272.9897,636.62616
5347,0.010714302,429.66293,429.66293,255.55974
5348,0.010715959,130.43855,130.43855,-132.65901
5349,0.010717608,-120.05744,-120.05744,-120.05744
5350,0.010719217,-215.94888,-215.94888,246.4152
5351,0.010720783,-184.02838,-184.02838,297.36053
5352,0.010722325,-73.94417,-73.94417,-73.94417
5353,0.010723836,67.24087,67.24087,-110.39339
5354,0.010725328,187.72145,187.72145,49.64568
5355,0.010726792,236.34491,83.34621,236.34491
5356,0.010728219,190.651,190.651,389.0285
5357,0.010729649,112.77954,112.77954,276.42694
5358,0.010731115,85.13006,85.13006,85.13006
5359,0.010732691,172.2216,172.2216,68.56755
5360,0.010734306,280.36975,280.36975,319.21207
5361,0.010735926,254.9621,254.9621,254.9621
5362,0.010737556,-1.8755307,-1.8755307,-280.24493
5363,0.010739194,-347.03326,-347.03326,-752.2176
5364,0.010740829,-570.9207,-425.13806,-570.9207
5365,0.010742404,-536.4121,-536.4121,-215.03401
5366,0.010743941,-363.2741,-363.2741,-41.576977
5367,0.010745493,-202.43636,-202.43636,-202.43636
5368,0.010747073,-168.35088,-168.35088,-274.62384
5369,0.010748617,-207.8253,-207.8253,-288.03012
5370,0.010750183,-225.47151,-225.47151,-225.47151
5371,0.010751718,-161.89429,-161.89429,-136.55745
5372,0.010753227,-96.50897,-96.50897,-150.78792
5373,0.010754717,-133.54964,-85.04286,-133.54964
5374,0.010756244,-330.7539,-330.7539,-243.2801
5375,0.010757854,-541.36554,-541.36554,-293.577
5376,0.0107594,-524.0848,-524.0848,-524.0848
5377,0.010760894,-181.91866,-181.91866,-170.47542
5378,0.010762408,259.6665,259.6665,131.06364
5379,0.010763992,474.11444,474.11444,474.11444
5380,0.010765629,183.0446,183.0446,634.75507
5381,0.010767219,-317.66934,-317.66934,136.92693
5382,0.010768766,-626.991,-613.3406,-626.991
5383,0.010770287,-506.12415,-506.12415,-776.9168
5384,0.010771824,-140.41943,-140.41943,-353.29965
5385,0.01077341,179.80193,179.80193,179.80193
5386,0.010775048,205.16858,205.16858,258.88397
5387,0.010776695,54.7794,54.7794,72.813644
5388,0.010778341,-36.81526,-36.81526,-36.81526
5389,0.010779929,87.216736,87.216736,138.64568
5390,0.010781482,309.8099,309.8099,377.86053
5391,0.010783035,472.2902,178.14687,472.2902
5392,0.010784601,462.6673,462.6673,390.7199
5393,0.010786209,357.91666,357.91666,313.6105
5394,0.010787805,297.08707,297.08707,297.08707
5395,0.01078942,375.26837,375.26837,382.12616
5396,0.010791074,511.76022,511.76022,470.71988
5397,0.010792764,565.62225,565.62225,565.62225
5398,0.010794405,439.55795,439.55795,454.95425
5399,0.010795984,233.39304,233.39304,159.30974
5400,0.010797548,65.301926,208.36201,65.301926
5401,0.010799083,11.851086,11.851086,40.06755
5402,0.010800603,2.2874863,2.2874863,55.505054
5403,0.010802139,-65.23323,-65.23323,-65.23323
5404,0.010803699,-261.5119,-261.5119,-179.9598
5405,0.010805272,-510.51025,-510.51025,-400.11606
5406,0.010806847,-693.6903,-693.6903,-693.6903
5407,0.010808402,-733.8067,-733.8067,-784.14343
5408,0.010809898,-717.61835,-717.61835,-712.4168
5409,0.010811397,-758.9012,-725.6734,-758.9012
5410,0.010812957,-928.027,-928.027,-822.8621
5411,0.010814542,-1083.3171,-1083.3171,-876.58484
5412,0.010816139,-1014.80743,-1014.80743,-1014.80743
5413,0.010817719,-606.7374,-606.7374,-864.5379
5414,0.010819281,-102.59896,-102.59896,-258.04572
5415,0.010820811,183.94646,183.94646,183.94646
5416,0.010822336,64.89737,64.89737,-93.55745
5417,0.010823851,-270.7438,-270.7438,-651.827
5418,0.010825397,-550.12384,-429.97452,-550.12384
5419,0.010826961,-539.5712,-539.5712,240.02069
5420,0.010828591,-260.09738,-260.09738,557.2199
5421,0.010830287,190.64177,190.64177,190.64177
5422,0.010831982,659.0232,659.0232,-130.39339
5423,0.010833603,958.7074,958.7074,437.5949
5424,0.01083519,951.81366,951.81366,951.81366
5425,0.010836781,557.0188,557.0188,595.43085
5426,0.010838369,-50.839348,-50.839348,-139.25667
5427,0.010839982,-641.37384,-399.8624,-641.37384
5428,0.01084161,-1005.2247,-1005.2247,-777.7958
5429,0.01084323,-1120.4062,-1120.4062,-962.76056
5430,0.010844861,-1019.7801,-1019.7801,-1019.7801
5431,0.010846481,-765.6073,-765.6073,-971.0301
5432,0.010848077,-536.7912,-536.7912,-769.32306
5433,0.0108497,-529.8465,-529.8465,-529.8465
5434,0.010851371,-859.93933,-859.93933,-564.5457
5435,0.010852952,-1161.4738,-1161.4738,-823.6942
5436,0.010854501,-1047.9988,-1040.3113,-1047.9988
5437,0.010856054,-302.00345,-302.00345,-656.9169
5438,0.010857634,674.4418,674.4418,343.96597
5439,0.010859218,1265.345,1265.345,1265.345
5440,0.010860816,1037.7439,1037.7439,667.9738
5441,0.010862421,314.91965,314.91965,-196.69026
5442,0.010863999,-361.25668,-361.25668,-361.25668
5443,0.010865577,-606.5825,-606.5825,126.2238
5444,0.010867177,-480.53842,-480.53842,236.61052
5445,0.0108688,-155.79964,-250.13359,-155.79964
5446,0.010870381,168.3667,168.3667,-301.3348
5447,0.010872003,320.60382,320.60382,59.798023
