,time,spline,prediction,target
0,0.010761086,-7327.246,-9371.059,-9517.04
1,0.010762686,-8066.0566,-8066.0566,-10900.75
2,0.010764275,-8607.866,-8607.866,-8607.866
3,0.010765861,-8925.091,-8068.9272,-10807.609
4,0.010767436,-9047.761,-9047.761,-4797.912
5,0.010769019,-9022.023,-9022.023,-9696.709
6,0.002200367,-3170.9644,-3170.9644,-3170.9644
7,0.002202058,-109.32529,-109.32529,-993.9331
8,0.002203771,1785.2194,1785.2194,-121.30806
9,0.002205414,2666.7864,2666.7864,976.66077
10,0.002206975,2837.5454,2837.5454,2145.4028
11,0.002208506,2539.5903,2539.5903,2539.5903
12,0.002210057,1931.8289,1913.0989,-377.5815
13,0.002211659,1155.7327,1155.7327,288.49664
14,0.002213252,413.0842,413.0842,1931.5983
15,0.002214841,-119.98618,990.35675,53.582577
16,0.002216448,-266.2768,-266.2768,-266.2768
17,0.002218062,112.615715,112.615715,1215.1686
18,0.002219656,909.52826,48.26439,4357.8174
19,0.002221222,1957.8495,1957.8495,5479.6377
20,0.002222794,3132.8008,3132.8008,3270.3093
21,0.002224331,4264.5127,3073.7031,4264.5127
22,0.002225855,5235.4854,5235.4854,5924.4106
23,0.002227403,5918.599,5918.599,9790.708
24,0.00222895,6142.4536,4401.93,12115.708
25,0.002230496,5753.812,5753.812,7957.7
26,0.002232099,4539.786,4539.786,4539.786
27,0.002233776,2294.6226,3700.9019,5683.341
28,0.002235436,-645.4776,-645.4776,2755.95
29,0.002237094,-3943.4104,-3943.4104,-6931.543
30,0.002238718,-7187.015,-3965.2993,-9400.723
31,0.002240281,-10012.605,-10012.605,-10012.605
32,0.002241803,-12229.281,-12229.281,-15261.184
33,0.00224333,-13785.156,-9815.95,-18449.387
34,0.002244893,-14571.159,-14571.159,-17646.152
35,0.002246442,-14431.133,-14431.133,-15196.567
36,0.002247929,-13330.23,-14094.21,-13330.23
37,0.00224939,-11311.5,-11311.5,-9061.434
38,0.002250885,-8622.214,-8622.214,-3256.0815
39,0.002252457,-5588.718,-7724.5723,6997.4814
40,0.002254101,-2732.2156,-2732.2156,4646.114
41,0.002255695,-810.7456,-810.7456,-810.7456
42,0.002257252,-94.46584,-1151.637,469.6451
43,0.002258785,-227.8699,-227.8699,-853.72217
44,0.002260295,-752.7826,-752.7826,411.49664
45,0.002261837,-1263.1056,-1309.7896,-4062.2615
46,0.002263393,-1310.355,-1310.355,-1310.355
47,0.00226496,-561.22437,-561.22437,-3866.7456
48,0.002266521,781.07166,-400.9535,-4221.0195
49,0.002268074,2381.6826,2381.6826,-1741.7456
50,0.002269638,3933.4216,3933.4216,4513.4346
51,0.002271202,5095.833,4241.0303,5095.833
52,0.002272763,5614.354,5614.354,2433.7468
53,0.002274323,5539.4634,5539.4634,-2861.5034
54,0.002275877,4996.9443,3154.1414,-4784.441
55,0.002277408,4123.637,4123.637,-2932.3787
56,0.002278937,3031.8328,3031.8328,3031.8328
57,0.0022805,1788.4308,2731.133,-901.855
58,0.002282093,409.2524,409.2524,-1302.6128
59,0.002283682,-1078.8744,-1078.8744,3645.4343
60,0.00228528,-2688.516,-708.3101,1887.7623
61,0.002286932,-4471.6206,-4471.6206,-4471.6206
62,0.0022886,-6365.978,-6365.978,-9844.074
63,0.002290256,-8198.691,-4396.15,-14471.879
64,0.002291883,-9789.171,-9789.171,-13483.855
65,0.002293498,-11003.339,-11003.339,-12595.926
66,0.002295121,-11699.473,-12247.832,-11699.473
67,0.002296736,-11792.638,-11792.638,-1791.0815
68,0.002298372,-11521.313,-11521.313,1666.8405
69,0.002300001,-11210.936,-8624.911,-2045.98
70,0.002301629,-11186.015,-11186.015,-7348.527
71,0.002303256,-11770.387,-11770.387,-11770.387
72,0.002304883,-13181.0,-11255.614,-15136.895
73,0.002306491,-15181.033,-15181.033,-19716.219
74,0.002308114,-17497.217,-17497.217,-22092.723
75,0.002309769,-19840.852,-14530.105,-22358.543
76,0.002311398,-21806.867,-21806.867,-21806.867
77,0.002313017,-23189.645,-23189.645,-23919.725
78,0.00231466,-24104.676,-20099.867,-22406.594
79,0.002316297,-24705.203,-24705.203,-23190.273
80,0.00231792,-25169.508,-25169.508,-24759.934
81,0.002319533,-25673.74,-27016.809,-25673.74
82,0.002321151,-26337.688,-26337.688,-25357.885
83,0.00232273,-27033.48,-27033.48,-22086.375
84,0.002324269,-27608.314,-21599.717,-23335.488
85,0.002325794,-27935.244,-27935.244,-22738.803
86,0.002327346,-27875.592,-27875.592,-27875.592
87,0.002328921,-27281.871,-27004.383,-25060.217
88,0.002330539,-26065.092,-26065.092,-22781.447
89,0.002332148,-24219.08,-24219.08,-22613.195
90,0.002333722,-21774.373,-25098.963,-19328.66
91,0.00233528,-18708.074,-18708.074,-18708.074
92,0.002336827,-15069.832,-15069.832,-15149.902
93,0.002338406,-11066.947,-12812.784,-12626.262
94,0.002339954,-7240.1694,-7240.1694,-8869.527
95,0.002341537,-3820.165,-3820.165,-3061.144
96,0.002343172,-1234.0972,-4682.773,-1234.0972
97,0.002344802,75.68649,75.68649,-1472.48
98,0.002346469,293.82437,293.82437,124.87164
99,0.002348142,-302.60852,254.84535,-93.05025
100,0.002349782,-1363.6969,-1363.6969,-1430.9175
101,0.002351341,-2525.566,-2525.566,-2525.566
102,0.002352839,-3555.18,-1651.0518,-3061.1284
103,0.00235434,-4382.8467,-4382.8467,-3965.7769
104,0.002355859,-4918.517,-4918.517,-4297.0117
105,0.002357352,-5056.985,-4163.7153,-4338.988
106,0.002358869,-4709.855,-4709.855,-4709.855
107,0.002360446,-3788.107,-3788.107,-5617.3394
108,0.00236203,-2491.4001,-2981.0576,-4284.4487
109,0.002363575,-1124.4802,-1124.4802,3155.4812
110,0.002365137,103.90445,103.90445,5195.372
111,0.002366717,927.59045,332.41034,927.59045
112,0.002368316,1167.375,1167.375,316.30133
113,0.002369992,1057.9365,1057.9365,-1240.0972
114,0.002371682,989.5605,1615.7802,-4276.863
115,0.002373328,1368.7153,1368.7153,-3584.8865
116,0.002374945,2554.3015,2554.3015,2554.3015
117,0.002376548,4716.4995,2139.2424,4479.708
118,0.002378206,7422.842,7422.842,4933.3877
119,0.00237989,9865.26,9865.26,7937.427
120,0.002381539,11173.587,7790.4263,5609.692
121,0.002383149,10675.349,10675.349,10675.349
122,0.002384732,8047.7827,8047.7827,53.082577
123,0.002386315,3980.743,5465.983,4224.442
124,0.00238791,-605.58417,-605.58417,-4078.652
125,0.002389523,-4748.4995,-4748.4995,-7277.066
126,0.002391171,-7420.894,-4519.509,-7420.894
127,0.002392832,-7744.49,-7744.49,-4104.2227
128,0.002394452,-6197.3794,-6197.3794,-10278.121
129,0.002395985,-3683.045,-4674.391,-6615.4805
130,0.002397483,-823.60736,-823.60736,3199.1218
131,0.002398995,1894.1217,1894.1217,1894.1217
132,0.002400548,4013.6792,1622.9109,-2589.683
133,0.00240213,5377.9663,5377.9663,3543.614
134,0.002403712,5949.2197,5949.2197,1901.3639
135,0.00240529,5738.1855,5291.429,4546.8013
136,0.002406867,4757.3247,4757.3247,4757.3247
137,0.002408442,3093.7056,3093.7056,1179.4653
138,0.002410034,1110.1938,2184.9453,-1203.5581
139,0.002411665,-741.9104,-741.9104,-672.1831
140,0.002413304,-1908.3723,-1908.3723,2180.059
141,0.002414961,-1851.8081,-1642.4198,-1851.8081
142,0.00241663,-199.94792,-199.94792,-2519.8628
143,0.002418245,2488.3328,2488.3328,553.44196
144,0.002419793,5507.799,3009.8704,1573.7467
145,0.002421326,8396.837,8396.837,4516.4497
146,0.002422876,10688.5205,10688.5205,10688.5205
147,0.002424413,11941.568,10058.629,7989.223
148,0.002425917,12297.582,12297.582,7014.723
149,0.00242746,12012.219,12012.219,7219.161
150,0.00242901,11311.489,10613.167,10181.435
151,0.002430517,10472.075,10472.075,10472.075
152,0.00243201,9683.77,9683.77,9296.169
153,0.002433532,8985.197,8059.525,14203.067
154,0.002435089,8407.414,8407.414,12946.81
155,0.002436639,7997.279,7997.279,8497.8955
156,0.002438236,7776.1924,8837.192,7776.1924
157,0.002439846,7739.9565,7739.9565,3850.8328
158,0.002441465,7667.5693,7667.5693,2425.536
159,0.002443075,7285.164,4653.1494,946.481
160,0.002444679,6324.3154,6324.3154,201.93414
161,0.00244627,4532.802,4532.802,4532.802
162,0.002447869,1744.1284,3886.237,3866.1843
163,0.002449451,-1663.3756,-1663.3756,2254.403
164,0.00245098,-5155.6367,-5155.6367,-480.8159
165,0.002452439,-8302.128,-4510.584,-6357.972
166,0.002453899,-10918.73,-10918.73,-10918.73
167,0.002455331,-12708.799,-12708.799,-14600.7705
168,0.002456772,-13775.976,-11196.467,-14513.441
169,0.002458237,-14227.996,-14227.996,-15931.207
170,0.002459774,-14151.695,-14151.695,-16711.248
171,0.00246139,-13618.973,-13489.116,-13618.973
172,0.002462985,-12787.428,-12787.428,-13848.426
173,0.002464575,-11759.244,-11759.244,-13216.598
174,0.002466128,-10649.829,-10175.763,-11064.098
175,0.002467627,-9560.207,-9560.207,-7395.8555
176,0.002469114,-8536.793,-8536.793,-8536.793
177,0.002470649,-7595.1465,-7635.5522,-9756.645
178,0.0024722,-6722.1606,-6722.1606,-8512.957
179,0.00247374,-5869.769,-5869.769,-3872.6755
180,0.002475278,-4969.476,-5590.619,-4557.222
181,0.002476825,-3950.7144,-3950.7144,-3950.7144
182,0.002478408,-2738.2139,-2738.2139,-7756.215
183,0.002479996,-1352.3746,-1903.1819,-9038.48
184,0.002481581,182.8141,182.8141,-4979.644
185,0.002483125,1807.7661,1807.7661,-570.40967
186,0.002484629,3498.0906,1612.1157,3498.0906
187,0.002486142,5266.795,5266.795,8593.622
188,0.002487692,7010.213,7010.213,10179.192
189,0.002489219,8496.944,4817.1753,8930.427
190,0.00249077,9605.549,9605.549,12206.786
191,0.002492381,10148.122,10148.122,10148.122
192,0.002494005,9926.157,8854.574,10072.5205
193,0.002495614,8995.522,8995.522,10594.677
194,0.002497209,7471.1914,7471.1914,8099.1924
195,0.002498816,5426.1934,7411.7104,6686.716
196,0.002500394,3014.6296,3014.6296,3014.6296
197,0.002501934,388.90494,388.90494,3291.0984
198,0.00250348,-2306.5051,191.83315,-335.9409
199,0.002505027,-4827.507,-4827.507,-1928.3394
200,0.002506572,-6933.726,-6933.726,-4633.5034
201,0.002508128,-8400.746,-7639.6367,-8400.746
202,0.002509703,-9049.851,-9049.851,-9125.66
203,0.002511262,-9002.633,-9002.633,-11002.285
204,0.002512812,-8486.051,-7447.8447,-10821.332
205,0.002514413,-7682.569,-7682.569,-6814.933
206,0.002515986,-6846.1206,-6846.1206,-6846.1206
207,0.00251752,-6157.2456,-6929.051,-6910.504
208,0.002519055,-5608.2373,-5608.2373,-8903.723
209,0.002520608,-5171.09,-5171.09,-3331.1675
210,0.002522213,-4817.997,-4725.7354,-4776.183
211,0.002523849,-4533.183,-4533.183,-4533.183
212,0.002525471,-4289.117,-4289.117,-3620.5112
213,0.002527096,-4013.7415,-3754.8538,-4206.73
214,0.002528713,-3632.5405,-3632.5405,-3829.6206
215,0.002530307,-3077.8347,-3077.8347,-683.1049
216,0.002531838,-2309.7144,-3071.1602,-2309.7144
217,0.002533329,-1322.9673,-1322.9673,-3120.105
218,0.002534857,-242.6234,-242.6234,-4239.394
219,0.00253642,698.3606,-365.70764,-1995.644
220,0.002537953,1225.6163,1225.6163,-1253.5815
221,0.002539492,1126.6998,1126.6998,1126.6998
222,0.002541012,299.68393,1342.0457,1074.5436
223,0.002542552,-910.3257,-910.3257,-2072.5115
224,0.002544153,-2037.3364,-2037.3364,-1644.6597
225,0.002545773,-2482.2178,-1579.8477,3644.4968
226,0.002547387,-1661.1987,-1661.1987,-1661.1987
227,0.002548973,701.87036,701.87036,1285.1998
228,0.002550494,3882.9426,1021.08923,-646.06586
229,0.002551998,7203.6787,7203.6787,-696.96436
230,0.002553533,10057.111,10057.111,6876.88
231,0.002555101,11659.231,10740.822,11659.231
232,0.002556715,11354.816,11354.816,9298.356
233,0.002558404,9342.212,9342.212,11345.122
234,0.002560073,6349.91,5092.1826,11416.067
235,0.002561746,3054.2295,3054.2295,4825.7935
236,0.002563438,137.76227,137.76227,137.76227
237,0.002565124,-1774.985,-599.1292,-464.86276
238,0.002566756,-2680.8079,-2680.8079,2253.2778
239,0.002568312,-2800.25,-2800.25,2377.8481
240,0.002569823,-2330.9644,-2467.7905,-3248.9568
241,0.002571347,-1380.73,-1380.73,-1380.73
242,0.002572896,-43.583847,-43.583847,-1151.2456
243,0.002574436,1500.223,-155.71654,3466.2546
244,0.002575932,3047.4634,3047.4634,8607.036
245,0.002577378,4443.599,4443.599,4874.364
246,0.002578867,5632.9814,4071.3547,5632.9814
247,0.00258045,6487.202,6487.202,7871.1846
248,0.002582042,6901.958,6901.958,8799.606
249,0.002583629,6883.535,4783.395,7627.7
250,0.00258526,6427.503,6427.503,6518.458
251,0.002586881,5547.5825,5547.5825,5547.5825
252,0.002588473,4300.2524,5972.976,-1193.402
253,0.002590041,2804.0107,2804.0107,-290.49554
254,0.002591607,1164.3671,1164.3671,2562.0828
255,0.002593151,-478.33176,728.51636,591.26227
256,0.002594677,-2015.0972,-2015.0972,-2015.0972
257,0.002596222,-3367.9114,-3367.9114,-2644.6987
258,0.002597784,-4401.3027,-3241.3938,-3618.6519
259,0.002599365,-4971.718,-4971.718,916.72327
260,0.002600919,-4935.265,-4935.265,-1637.8159
261,0.00260244,-4201.761,-5130.283,-4201.761
262,0.002604001,-2662.4917,-2662.4917,-6341.074
263,0.002605604,-425.81577,-425.81577,-4340.308
264,0.002607223,2264.1643,886.47046,447.4576
265,0.002608783,5034.2056,5034.2056,5726.8564
266,0.002610324,7721.802,7721.802,7721.802
267,0.002611884,10188.103,7146.9976,8921.044
268,0.002613442,12249.972,12249.972,11084.31
269,0.002614961,13748.741,13748.741,8923.591
270,0.00261648,14619.785,12223.157,11652.739
271,0.002618037,14733.802,14733.802,14733.802
272,0.002619603,13993.467,13993.467,14501.208
273,0.002621175,12614.467,11661.214,15919.35
274,0.002622774,10867.286,10867.286,11758.38
275,0.002624376,9083.363,9083.363,11381.841
276,0.002625984,7578.4736,10017.752,7578.4736
277,0.002627616,6560.331,6560.331,12306.435
278,0.002629254,5822.7207,5822.7207,12001.052
279,0.002630908,5015.346,4424.0737,6226.9736
280,0.002632552,3799.65,3799.65,2468.3093
281,0.00263417,1860.7467,1860.7467,1860.7467
282,0.002635753,-957.88934,1785.0603,-3522.1362
283,0.002637273,-4289.703,-4289.703,-6711.2305
284,0.002638794,-7908.045,-7908.045,-10237.105
285,0.002640327,-11513.399,-8714.685,-12432.816
286,0.002641879,-14781.801,-14781.801,-14781.801
287,0.002643432,-17382.22,-17382.22,-18039.293
288,0.002644921,-19194.855,-14090.042,-19661.797
289,0.002646418,-20348.904,-20348.904,-21748.332
290,0.002647956,-20840.158,-20840.158,-20662.729
291,0.002649585,-20596.977,-23250.746,-20596.977
292,0.002651251,-19600.254,-19600.254,-19572.404
293,0.002652911,-18156.564,-18156.564,-15904.52
294,0.002654547,-16645.299,-14964.266,-15245.254
295,0.002656167,-15403.018,-15403.018,-15373.496
296,0.002657776,-14751.685,-14751.685,-14751.685
297,0.002659353,-14880.86,-13698.835,-16600.48
298,0.002660923,-15511.359,-15511.359,-15021.691
299,0.00266253,-16294.574,-16294.574,-16474.793
300,0.002664151,-16832.049,-13728.509,-20284.602
301,0.002665785,-16711.434,-16711.434,-16711.434
302,0.002667387,-15664.07,-15664.07,-16542.77
303,0.002668947,-13920.3,-14167.688,-12786.512
304,0.002670514,-11714.689,-11714.689,-11361.035
305,0.002672076,-9325.397,-9325.397,-8786.621
306,0.002673588,-7077.949,-10181.645,-7077.949
307,0.002675093,-5111.398,-5111.398,-5799.379
308,0.002676616,-3476.001,-3476.001,-6166.1836
309,0.002678199,-2206.281,-2837.2751,-4513.269
310,0.00267986,-1404.2181,-1404.2181,-764.2456
311,0.002681509,-1206.2612,-1206.2612,-1206.2612
312,0.002683105,-1592.9009,-1130.9436,-3419.4644
313,0.002684679,-2353.286,-2353.286,-6458.16
314,0.002686219,-3248.27,-3248.27,-3635.6362
315,0.002687762,-4085.5918,-2902.659,-5510.48
316,0.002689269,-4646.7383,-4646.7383,-4646.7383
317,0.002690773,-4824.093,-4824.093,-3103.644
318,0.002692312,-4747.923,-3921.5432,-1885.0112
319,0.002693889,-4618.485,-4618.485,-2988.1052
320,0.002695464,-4661.905,-4661.905,-3741.8706
321,0.002697002,-5087.4253,-5847.7,-5087.4253
322,0.002698519,-5992.28,-5992.28,-4866.613
323,0.00270006,-7135.635,-7135.635,-5377.644
324,0.002701649,-8160.6836,-5440.964,-8578.84
325,0.002703237,-8626.757,-8626.757,-7325.3164
326,0.002704773,-8164.394,-8164.394,-8164.394
327,0.002706333,-6552.5493,-8130.4263,-4042.5972
328,0.002707891,-4204.3247,-4204.3247,-6317.9336
329,0.002709439,-1701.5623,-1701.5623,-6897.6914
330,0.002710944,363.71695,-1244.7614,-2578.816
331,0.002712423,1539.4889,1539.4889,1539.4889
332,0.00271388,1551.287,1551.287,1521.1373
333,0.002715327,749.00336,1180.372,439.92636
334,0.002716798,-418.3362,-418.3362,-384.8159
335,0.002718313,-1478.997,-1478.997,-1043.3706
336,0.002719846,-1866.5815,-1843.831,-1866.5815
337,0.00272144,-1118.4199,-1118.4199,-1700.2534
338,0.002722997,516.2195,516.2195,2732.8403
339,0.002724509,2595.7585,343.85522,4626.5435
340,0.002725968,4733.0977,4733.0977,5104.669
341,0.002727429,6685.028,6685.028,6685.028
342,0.002728924,8209.185,5949.6357,11622.169
343,0.002730407,9160.178,9160.178,15500.615
344,0.002731917,9511.748,9511.748,17274.639
345,0.002733429,9196.894,9058.255,10807.146
346,0.002734958,8155.302,8155.302,8155.302
347,0.002736493,6402.2793,6402.2793,8599.481
348,0.002738068,4183.929,4579.3936,12083.263
349,0.002739622,1966.6671,1966.6671,9663.06
350,0.002741178,106.170135,106.170135,8008.794
351,0.002742718,-1001.48,-407.27078,-1001.48
352,0.002744261,-1109.8721,-1109.8721,-1620.6051
353,0.002745862,-340.09366,-340.09366,-5535.676
354,0.002747492,1055.8477,117.94744,1871.6217
355,0.002749117,2744.8098,2744.8098,5026.2705
356,0.002750677,4349.692,4349.692,4349.692
357,0.002752215,5650.1265,3909.8137,352.55917
358,0.002753759,6462.9414,6462.9414,-2338.2693
359,0.002755326,6579.3267,6579.3267,-546.90967
360,0.002756922,5750.48,5747.6304,1866.8092
361,0.002758482,3807.2622,3807.2622,3807.2622
362,0.002760051,632.5551,632.5551,2680.5984
363,0.002761631,-3413.3696,737.2213,-2973.4255
364,0.002763245,-7895.5684,-7895.5684,-5410.543
365,0.002764832,-12122.251,-12122.251,-9993.754
366,0.002766391,-15595.738,-12949.949,-15595.738
367,0.002767958,-18019.104,-18019.104,-19902.174
368,0.002769508,-19406.117,-19406.117,-24416.215
369,0.002771087,-19939.406,-14813.988,-27052.215
370,0.002772682,-19734.688,-19734.688,-24917.922
371,0.002774281,-18940.492,-18940.492,-18940.492
372,0.002775917,-17676.664,-19302.5,-14308.863
373,0.002777532,-16102.016,-16102.016,-15909.621
374,0.002779127,-14336.466,-14336.466,-18973.5
375,0.002780722,-12468.75,-13376.8955,-13933.91
376,0.002782339,-10580.176,-10580.176,-10580.176
377,0.002783993,-8723.359,-8723.359,-14082.699
378,0.002785694,-6778.694,-7675.0566,-11045.223
379,0.002787359,-4682.268,-4682.268,-9736.379
380,0.00278892,-2403.7021,-2403.7021,-4064.9724
381,0.002790451,252.22322,-2687.7803,252.22322
382,0.00279195,3298.3037,3298.3037,-2713.7065
383,0.002793444,6509.232,6509.232,1629.2311
384,0.002794993,9661.269,5118.1978,9706.114
385,0.002796533,12248.054,12248.054,7178.434
386,0.00279805,13902.263,13902.263,13902.263
387,0.002799559,14396.362,14438.944,20152.115
388,0.002801082,13788.045,13788.045,16155.778
389,0.002802565,12261.262,12261.262,17051.607
390,0.002804017,9999.808,11067.344,13827.716
391,0.002805473,7094.497,7094.497,7094.497
392,0.002807037,3422.102,3422.102,2360.3872
393,0.002808717,-880.95636,2445.1953,-3957.6753
394,0.002810419,-5288.685,-5288.685,-4432.254
395,0.002812107,-9371.809,-9371.809,-9651.629
396,0.002813794,-12830.449,-9936.529,-12830.449
397,0.002815469,-15385.252,-15385.252,-12839.488
398,0.002817128,-17053.135,-17053.135,-12566.082
399,0.002818765,-17921.822,-14472.394,-15682.528
400,0.002820373,-18084.973,-18084.973,-18193.176
401,0.002821903,-17660.152,-17660.152,-17660.152
402,0.002823408,-16743.195,-15998.154,-17901.105
403,0.002824907,-15396.412,-15396.412,-18066.832
404,0.002826448,-13624.013,-13624.013,-20582.16
405,0.002828062,-11416.247,-11039.019,-20175.508
406,0.002829697,-8888.566,-8888.566,-8888.566
407,0.00283135,-6135.5405,-6135.5405,-5313.941
408,0.00283298,-3408.7527,-4850.9414,5974.325
409,0.002834539,-975.2906,-975.2906,13661.428
410,0.002836069,1074.8671,1074.8671,9423.755
411,0.00283764,2656.3328,1333.7484,2656.3328
412,0.002839269,3612.945,3612.945,8391.044
413,0.002840903,4012.145,4012.145,11169.997
414,0.002842578,4053.92,2244.0474,5545.7236
415,0.002844282,3941.5164,3941.5164,1235.3483
416,0.002845978,3904.4656,3904.4656,3904.4656
417,0.002847686,4106.166,3846.9082,6967.8174
418,0.002849369,4428.5522,4428.5522,1267.2858
419,0.002850997,4690.815,4690.815,1425.7467
420,0.002852545,4748.0586,4730.531,3579.5671
421,0.002854059,4489.1763,4489.1763,4489.1763
422,0.002855588,3837.4453,3837.4453,1670.4342
423,0.002857154,2924.4548,3205.0195,-621.1674
424,0.002858735,1979.1874,1979.1874,-6419.5815
425,0.002860367,1224.719,1224.719,-3489.2615
426,0.002862051,950.4186,994.1681,950.4186
427,0.002863642,1333.9222,1333.9222,5927.4893
428,0.002865151,2135.29,2135.29,8432.06
429,0.002866611,3122.9983,1567.1207,7419.419
430,0.002868097,4152.1763,4152.1763,4433.512
431,0.002869614,5028.9893,5028.9893,5028.9893
432,0.002871197,5576.041,5421.451,6978.2627
433,0.002872836,5710.936,5710.936,4828.669
434,0.002874475,5410.179,5410.179,808.62946
435,0.002876138,4663.241,5103.519,1552.5045
436,0.002877797,3478.2312,3478.2312,3478.2312
437,0.002879405,1955.4469,1955.4469,-203.79243
438,0.002880996,294.64032,1024.5786,-2628.6675
439,0.002882569,-1256.5271,-1256.5271,-2171.8706
440,0.002884141,-2478.316,-2478.316,-6029.4487
441,0.002885734,-3138.566,-3183.0276,-3138.566
442,0.002887344,-3045.2573,-3045.2573,-4908.871
443,0.002888903,-2367.0254,-2367.0254,-411.55807
444,0.002890404,-1365.0321,-1903.3135,586.4107
445,0.002891925,-194.35951,-194.35951,-1079.9956
446,0.002893513,985.1061,985.1061,985.1061
447,0.002895165,1940.3665,1372.0498,-1696.355
448,0.002896789,2415.9788,2415.9788,-2850.7693
449,0.002898391,2254.9275,2254.9275,-1621.9956
450,0.002900013,1273.1392,2640.4895,-1205.0503
451,0.002901628,-703.53467,-703.53467,-703.53467
452,0.002903149,-3537.2473,-3537.2473,-2603.4878
453,0.002904684,-6989.596,-2931.474,-2358.277
454,0.002906273,-10689.447,-10689.447,-12124.691
455,0.002907872,-14018.905,-14018.905,-12753.434
456,0.002909451,-16399.434,-16978.414,-16399.434
457,0.00291104,-17507.871,-17507.871,-15636.051
458,0.002912616,-17527.986,-17527.986,-10020.918
459,0.002914187,-16812.234,-13312.7705,-13141.277
460,0.002915755,-15696.261,-15696.261,-14414.052
461,0.002917345,-14493.567,-14493.567,-14493.567
462,0.002918964,-13477.589,-12926.074,-13191.145
463,0.002920624,-12656.875,-12656.875,-13064.074
464,0.002922288,-11986.43,-11986.43,-11208.473
465,0.002923981,-11385.311,-12031.779,-10111.613
466,0.002925631,-10805.027,-10805.027,-10805.027
467,0.002927145,-10244.339,-10244.339,-10233.637
468,0.002928634,-9750.668,-7964.4434,-6451.402
469,0.002930146,-9421.893,-9421.893,-4529.261
470,0.002931675,-9383.321,-9383.321,-6562.097
471,0.002933238,-9773.082,-10267.825,-9773.082
472,0.002934809,-10647.537,-10647.537,-8536.582
473,0.002936391,-11731.669,-11731.669,-13605.935
474,0.002937988,-12656.102,-8476.889,-15867.316
475,0.002939619,-13027.882,-13027.882,-14181.777
476,0.002941282,-12392.434,-12392.434,-12392.434
477,0.002942948,-10491.028,-10636.088,-7348.5503
478,0.00294459,-7892.547,-7892.547,-5772.269
479,0.002946182,-5342.5615,-5342.5615,-5125.9336
480,0.002947738,-3431.263,-5748.933,-1689.98
481,0.002949291,-2686.6362,-2686.6362,-2686.6362
482,0.002950781,-3427.9595,-3427.9595,-3145.7224
483,0.002952229,-5161.393,-2387.0327,-4510.5503
484,0.002953688,-7395.7285,-7395.7285,-4961.699
485,0.002955185,-9651.43,-9651.43,-7885.5977
486,0.002956763,-11372.754,-11435.376,-11372.754
487,0.002958415,-11949.569,-11949.569,-12111.879
488,0.002960047,-11545.897,-11545.897,-7818.379
489,0.002961695,-10609.727,-7048.5186,-8176.191
490,0.00296334,-9599.227,-9599.227,-8572.027
491,0.00296498,-8968.066,-8968.066,-8968.066
492,0.002966579,-8990.835,-10464.749,-7854.715
493,0.002968137,-9286.856,-9286.856,-5728.3706
494,0.00296967,-9384.422,-9384.422,-5953.4956
495,0.00297121,-8837.794,-9223.666,-6782.0117
496,0.00297275,-7194.6055,-7194.6055,-7194.6055
497,0.002974306,-4144.709,-4144.709,-5695.2144
498,0.002975862,-152.53618,-3353.509,-2744.199
499,0.002977437,4195.8745,4195.8745,-609.83936
500,0.002979024,8222.338,8222.338,3303.9888
501,0.002980622,11233.036,10071.006,11233.036
502,0.002982239,12679.67,12679.67,11429.044
503,0.002983804,12676.096,12676.096,10539.497
504,0.002985334,11608.115,10755.734,10578.311
505,0.002986863,9751.398,9751.398,8412.622
506,0.002988404,7345.2314,7345.2314,7345.2314
507,0.002989931,4726.805,6732.203,1864.1687
508,0.002991432,2345.3633,2345.3633,1232.0592
509,0.002992989,553.6829,553.6829,-1301.1675
510,0.002994551,-57.523445,327.93805,1616.3014
511,0.002996112,1017.2154,1017.2154,1017.2154
512,0.002997673,4065.8396,4065.8396,6212.794
513,0.002999203,8439.514,3751.6997,11020.185
514,0.00300071,13386.623,13386.623,13759.317
515,0.003002243,18359.742,18359.742,20361.037
516,0.003003841,22706.193,18264.33,22706.193
517,0.003005444,25579.342,25579.342,26286.475
518,0.003007076,27065.297,27065.297,23038.27
519,0.003008688,27382.56,25364.207,25865.795
520,0.003010299,26830.814,26830.814,27889.896
521,0.003011915,25678.568,25678.568,25678.568
522,0.003013522,24173.05,22992.691,21186.865
523,0.003015113,22415.168,22415.168,22060.928
524,0.00301663,20536.326,20536.326,23697.53
525,0.003018139,18513.762,20638.348,16105.669
526,0.003019694,16313.442,16313.442,16313.442
527,0.003021263,13996.512,13996.512,6360.833
528,0.003022797,11570.36,12437.251,2000.8873
529,0.003024318,8921.279,8921.279,-1198.6362
530,0.003025822,5979.976,5979.976,-790.82367
531,0.003027315,2662.3562,4938.8027,2662.3562
532,0.003028793,-1020.7212,-1020.7212,-2985.5583
533,0.003030276,-4837.7734,-4837.7734,-11011.965
534,0.003031787,-8490.686,-4765.367,-12410.59
535,0.003033311,-11560.221,-11560.221,-13618.747
536,0.003034858,-13655.738,-13655.738,-13655.738
537,0.003036424,-14444.605,-11673.698,-14314.785
538,0.003038007,-14065.116,-14065.116,-18094.816
539,0.003039604,-12795.934,-12795.934,-13735.137
540,0.00304121,-10941.202,-11658.614,-6135.949
541,0.003042813,-8832.254,-8832.254,-8832.254
542,0.003044397,-6762.2134,-6762.2134,-7803.207
543,0.003045906,-4872.2227,-5912.7236,-5854.5664
544,0.003047352,-3157.9907,-3157.9907,-2337.4487
545,0.003048801,-1555.9991,-1555.9991,-3174.2144
546,0.003050288,-53.964302,-2843.6548,-53.964302
547,0.00305186,1364.737,1364.737,9260.536
548,0.00305345,2654.9463,2654.9463,6893.161
549,0.003055079,3871.9546,2839.8118,4469.9966
550,0.003056764,5069.41,5069.41,6647.731
551,0.003058451,6257.966,6257.966,6257.966
552,0.003060053,7398.308,7168.155,6123.833
553,0.003061614,8435.769,8435.769,4310.708
554,0.003063191,9299.746,9299.746,9799.88
555,0.003064783,9872.07,8829.857,5750.911
556,0.003066412,10027.489,10027.489,10027.489
557,0.003068038,9659.298,9659.298,8795.427
558,0.003069622,8830.706,7865.115,7303.8643
559,0.003071186,7617.6885,7617.6885,2118.6453
560,0.003072719,6104.77,6104.77,4230.8247
561,0.003074241,4340.387,6675.0547,4340.387
562,0.003075783,2364.7476,2364.7476,5582.4497
563,0.003077305,395.4522,395.4522,4162.927
564,0.003078802,-1378.5992,317.1754,167.2154
565,0.003080325,-2833.6553,-2833.6553,-550.3784
566,0.003081915,-3775.277,-3775.277,-3775.277
567,0.003083515,-4005.6924,-3776.9644,-5637.386
568,0.003085034,-3770.9668,-3770.9668,-8556.402
569,0.003086493,-3392.5625,-3392.5625,-7551.519
570,0.003087948,-3114.383,-2599.105,-6677.957
571,0.003089448,-3189.9097,-3189.9097,-3189.9097
572,0.003090996,-3839.8667,-3839.8667,1127.3872
573,0.003092549,-4894.745,-2627.4465,-248.71432
574,0.003094136,-6103.205,-6103.205,-1219.2534
575,0.003095723,-7151.7256,-7151.7256,-4277.472
576,0.003097327,-7749.2144,-6778.8213,-7749.2144
577,0.003098881,-7685.271,-7685.271,-8795.152
578,0.003100373,-7168.22,-7168.22,-10170.277
579,0.003101847,-6428.804,-6445.6704,-4565.0034
580,0.003103335,-5660.256,-5660.256,-5034.6597
581,0.003104835,-5075.285,-5075.285,-5075.285
582,0.003106341,-4819.1875,-4248.252,-5269.347
583,0.003107853,-4730.0156,-4730.0156,-241.61275
584,0.003109371,-4564.561,-4564.561,-2771.949
585,0.003110872,-4084.8328,-4380.1094,-1159.1597
586,0.00311239,-3035.5896,-3035.5896,-3035.5896
587,0.003113955,-1200.1696,-1200.1696,-3511.5037
588,0.003115553,1222.1869,-715.54095,-2064.8628
589,0.003117143,3835.9915,3835.9915,-30.979929
590,0.003118689,6242.346,6242.346,5614.427
591,0.003120192,8148.552,7503.982,8148.552
592,0.003121681,9372.514,9372.514,11649.763
593,0.003123193,9888.165,9888.165,12128.981
594,0.003124703,9670.341,9554.844,10465.169
595,0.003126211,8720.494,8720.494,5553.4814
596,0.00312772,7036.0044,7036.0044,7036.0044
597,0.003129268,4571.884,6496.2964,5921.4497
598,0.003130811,1513.0482,1513.0482,6561.716
599,0.003132314,-1885.4747,-1885.4747,-754.05023
600,0.003133794,-5484.476,-1535.4028,-3524.2612
601,0.003135289,-9223.254,-9223.254,-9223.254
602,0.003136827,-13021.368,-13021.368,-13352.855
603,0.003138378,-16651.355,-9943.072,-14141.816
604,0.003139904,-19880.877,-19880.877,-17466.277
605,0.003141406,-22588.34,-22588.34,-18359.871
606,0.003142942,-24730.348,-26183.5,-24730.348
607,0.003144506,-26112.69,-26112.69,-29865.469
608,0.003146115,-26545.354,-26545.354,-30959.998
609,0.003147779,-25777.463,-19372.814,-28680.547
610,0.003149393,-23695.166,-23695.166,-22739.896
611,0.00315096,-20266.885,-20266.885,-20266.885
612,0.003152465,-15646.16,-21505.14,-12184.074
613,0.003153951,-10213.546,-10213.546,-14284.949
614,0.003155462,-4325.2847,-4325.2847,-7684.5815
615,0.003156995,1482.4011,-4452.931,438.5045
616,0.003158552,6642.3403,6642.3403,6642.3403
617,0.003160107,10628.297,10628.297,2572.7625
618,0.003161666,13634.0625,8299.486,2318.95
619,0.003163242,16005.018,16005.018,5605.1685
620,0.003164832,18066.273,18066.273,12241.833
621,0.00316641,20131.896,19476.756,20131.896
622,0.003167982,22425.37,22425.37,18511.178
623,0.003169603,24716.184,24716.184,20082.756
624,0.003171247,26482.945,18873.53,24813.582
625,0.003172881,27198.805,27198.805,26102.436
626,0.003174564,26340.389,26340.389,26340.389
627,0.003176234,23582.299,24171.902,24338.725
628,0.003177881,19522.215,19522.215,22625.38
629,0.003179508,14906.934,14906.934,18403.78
630,0.003181141,10366.866,14542.313,13973.231
631,0.00318274,6680.27,6680.27,6680.27
632,0.003184321,4273.886,4273.886,4564.872
633,0.003185914,3003.6667,3017.481,4531.2393
634,0.00318746,2651.0002,2651.0002,153.13727
635,0.003188985,2935.077,2935.077,1752.4187
636,0.003190517,3637.8953,3008.8225,3637.8953
637,0.00319205,4544.8174,4544.8174,5005.8013
638,0.003193606,5449.848,5449.848,5994.262
639,0.003195161,6111.753,5639.6484,6216.216
640,0.003196706,6303.9966,6303.9966,8676.958
641,0.003198239,5815.3955,5815.3955,5815.3955
642,0.003199793,4495.197,6300.3433,6790.505
643,0.003201367,2541.2373,2541.2373,1875.9656
644,0.003202956,269.60577,269.60577,-1103.0581
645,0.003204552,-1977.1857,160.54979,-4021.0818
646,0.003206154,-3855.3472,-3855.3472,-3855.3472
647,0.00320771,-5057.2075,-5057.2075,-2160.3943
648,0.003209203,-5640.1855,-4316.067,-3315.269
649,0.003210693,-5732.1133,-5732.1133,-7880.59
650,0.003212227,-5384.942,-5384.942,-4362.9336
651,0.003213747,-4668.738,-5289.111,-4668.738
652,0.003215275,-3665.8567,-3665.8567,-6885.965
653,0.003216816,-2539.5315,-2539.5315,-2161.2378
654,0.003218375,-1480.7397,-1886.1837,-977.3706
655,0.003219988,-684.29126,-684.29126,112.660706
656,0.003221652,-414.92526,-414.92526,-414.92526
657,0.003223297,-831.26624,-889.11017,-72.99555
658,0.003224949,-1636.9905,-1636.9905,-2083.5503
659,0.003226584,-2420.64,-2420.64,-673.48
660,0.003228196,-2796.509,-2563.2698,-1601.1206
661,0.003229821,-2393.5737,-2393.5737,-2393.5737
662,0.003231453,-948.7522,-948.7522,1716.5826
663,0.003233099,1264.8535,-936.92676,7691.0127
664,0.00323475,3804.9346,3804.9346,9169.802
665,0.00323643,6258.144,6258.144,9225.091
666,0.003238074,8081.161,5949.3237,8081.161
667,0.003239576,8951.882,8951.882,5819.8794
668,0.003241051,9130.1045,9130.1045,8410.849
669,0.003242575,8764.298,7123.3096,5750.833
670,0.003244134,7976.338,7976.338,7267.0596
671,0.003245673,6953.614,6953.614,6953.614
672,0.003247226,5840.251,6914.009,6173.302
673,0.003248758,4813.8984,4813.8984,818.82477
674,0.003250312,3998.1023,3998.1023,-4777.511
675,0.003251907,3557.6775,3955.8523,-1662.855
676,0.003253545,3697.3718,3697.3718,3697.3718
677,0.003255209,4535.2085,4535.2085,8953.192
678,0.003256921,5787.521,3895.266,6708.3564
679,0.00325857,6939.2207,6939.2207,6646.9185
680,0.003260156,7605.643,7605.643,6073.38
681,0.003261731,7470.544,8458.932,7470.544
682,0.00326334,6294.1284,6294.1284,6201.231
683,0.003265016,4392.372,4392.372,3793.5125
684,0.00326671,2408.5615,2639.9517,2505.6218
685,0.00326838,1029.4115,1029.4115,1391.7233
686,0.003270005,838.1061,838.1061,838.1061
687,0.003271516,1999.8442,691.34875,4914.4346
688,0.003273008,3940.1099,3940.1099,3930.153
689,0.003274534,6053.168,6053.168,7303.528
690,0.003276014,7567.9395,6829.743,11801.739
691,0.00327748,7913.575,7913.575,7913.575
692,0.003278965,6664.4155,6664.4155,5681.497
693,0.003280482,4157.7026,5335.2993,4185.3174
694,0.00328199,1086.1127,1086.1127,4964.88
695,0.003283505,-1921.8763,-1921.8763,4514.4033
696,0.003285032,-4203.9253,-2227.4897,-4203.9253
697,0.003286595,-5224.9067,-5224.9067,-2545.8784
698,0.003288217,-5018.59,-5018.59,2373.911
699,0.003289875,-3815.7058,-4399.569,-475.22214
700,0.003291474,-2034.1896,-2034.1896,-4024.5193
701,0.00329303,-20.30024,-20.30024,-20.30024
702,0.003294561,1976.4591,68.71345,-1939.0894
703,0.00329607,3841.403,3841.403,-851.95654
704,0.003297574,5514.2393,5514.2393,1851.528
705,0.003299105,6940.2637,5340.9927,3490.7937
706,0.003300653,8008.973,8008.973,8008.973
707,0.00330222,8629.57,8629.57,4631.145
708,0.003303827,8756.427,6660.3506,575.2935
709,0.003305425,8356.832,8356.832,1463.1217
710,0.003307022,7419.6187,7419.6187,3957.6687
711,0.003308618,5931.747,6773.9033,5931.747
712,0.003310212,3931.3264,3931.3264,6004.302
713,0.003311782,1686.019,1686.019,1212.0826
714,0.003313348,-554.17,804.6811,29.863825
715,0.003314949,-2564.5537,-2564.5537,-1699.1284
716,0.003316516,-3983.7769,-3983.7769,-3983.7769
717,0.003318086,-4667.6523,-4481.7876,-6491.3315
718,0.003319676,-4732.384,-4732.384,-5498.7144
719,0.003321309,-4358.872,-4358.872,330.41852
720,0.003322957,-3757.1953,-3633.2974,2846.9888
721,0.003324616,-3157.3628,-3157.3628,-3157.3628
722,0.003326197,-2769.539,-2769.539,-3884.7927
723,0.003327712,-2583.7253,-2151.4182,-4324.6206
724,0.003329226,-2560.2449,-2560.2449,-4208.2227
725,0.00333079,-2685.9062,-2685.9062,-2272.9644
726,0.003332357,-2943.6128,-2900.1797,-2943.6128
727,0.003333896,-3281.4905,-3281.4905,-882.2065
728,0.003335432,-3567.0913,-3567.0913,2253.661
729,0.00333695,-3644.2363,-2065.8147,1245.7467
730,0.003338433,-3376.2422,-3376.2422,1241.8092
731,0.003339935,-2612.4722,-2612.4722,-2612.4722
732,0.003341489,-1229.9548,-2344.6765,-1392.0425
733,0.003343067,517.52374,517.52374,-418.94867
734,0.003344623,2224.3474,2224.3474,2673.6294
735,0.003346171,3556.674,1521.2743,5747.2314
736,0.003347682,4173.802,4173.802,4173.802
737,0.003349182,3913.4866,3913.4866,8464.778
738,0.003350686,3039.6367,3390.972,8927.231
739,0.003352216,1909.951,1909.951,6059.2783
740,0.003353772,919.34186,919.34186,4584.0674
741,0.003355356,504.07477,1171.7035,504.07477
742,0.003356932,979.0174,979.0174,-1152.0815
743,0.003358491,2061.359,2061.359,-3451.3237
744,0.003360077,3381.5269,1541.0444,-3357.527
745,0.003361686,4525.2344,4525.2344,1029.0356
746,0.003363261,5041.505,5041.505,5041.505
747,0.00336481,4700.0513,5096.7437,7163.325
748,0.003366259,3840.4473,3840.4473,6500.122
749,0.003367704,2781.9434,2781.9434,5680.887
750,0.003369215,1797.6469,2815.4302,4625.2856
751,0.003370818,1280.7936,1280.7936,1280.7936
752,0.003372402,1585.663,1585.663,2756.0513
753,0.003373961,2471.0703,1227.1218,7785.88
754,0.0033755,3597.765,3597.765,5731.9033
755,0.003376974,4623.936,4623.936,4642.419
756,0.003378419,5312.6846,5483.0,5312.6846
757,0.003379883,5499.8813,5499.8813,6764.302
758,0.0033814,5266.7466,5266.7466,7270.7627
759,0.003382961,4782.7876,5194.977,6436.2075
760,0.003384491,4277.6514,4277.6514,5634.669
761,0.003386012,3950.9656,3950.9656,3950.9656
762,0.003387551,3923.6072,3775.5608,5634.8643
763,0.003389095,3998.043,3998.043,4193.723
764,0.003390682,3877.9128,3877.9128,2083.0044
765,0.003392314,3219.7607,2183.5059,4260.942
766,0.003393974,1646.0592,1646.0592,1646.0592
767,0.003395608,-980.39154,-980.39154,-1061.0972
768,0.003397195,-4124.773,-905.42505,-3465.0037
769,0.003398742,-7209.847,-7209.847,-9406.801
770,0.003400279,-9774.452,-9774.452,-12216.254
771,0.003401816,-11327.355,-10997.096,-11327.355
772,0.00340335,-11507.783,-11507.783,-13467.676
773,0.00340492,-10524.212,-10524.212,-10091.746
774,0.003406534,-8713.503,-7388.2305,-11613.559
775,0.00340818,-6494.1724,-6494.1724,-10130.066
776,0.003409811,-4389.972,-4389.972,-4389.972
777,0.003411437,-2757.2368,-4454.169,-5446.0195
778,0.003413049,-1597.1823,-1597.1823,-6826.933
779,0.003414671,-799.5657,-799.5657,1030.2388
780,0.003416312,-276.47546,-980.46954,2710.9968
781,0.003417924,50.88726,50.88726,50.88726
782,0.003419494,278.75076,278.75076,-493.73776
783,0.003421065,503.04993,354.45557,-2208.535
784,0.003422654,813.8386,813.8386,-3197.2925
785,0.003424248,1299.4615,1299.4615,-316.66742
786,0.003425848,2052.278,1554.4929,2052.278
787,0.003427495,3139.6152,3139.6152,5648.005
788,0.003429129,4329.2114,4329.2114,10249.325
789,0.003430749,5360.966,2708.2605,10386.403
790,0.00343238,5993.9097,5993.9097,1523.6373
791,0.003434025,5957.7466,5957.7466,5957.7466
792,0.003435665,5106.0986,5792.516,8398.481
793,0.003437298,3792.212,3792.212,6523.9893
794,0.003438888,2506.9792,2506.9792,5123.739
795,0.003440437,1659.603,3013.7883,2865.3328
796,0.003441965,1603.1217,1603.1217,1603.1217
797,0.003443483,2545.6387,2545.6387,4065.5437
798,0.003444986,4119.5737,2339.9993,9944.685
799,0.003446522,5889.5317,5889.5317,12139.692
800,0.00344811,7354.446,7354.446,9993.263
801,0.003449717,7891.356,8156.379,7891.356
802,0.003451343,7068.8994,7068.8994,384.95758
803,0.003452974,5238.327,5238.327,-121.636185
804,0.003454589,2993.5808,2903.4763,1031.3951
805,0.003456169,915.7374,915.7374,-2426.1362
806,0.003457788,-545.1753,-545.1753,-545.1753
807,0.003459394,-951.8013,-267.2329,30.449762
808,0.00346094,-651.31384,-651.31384,-475.02682
809,0.003462463,-117.39872,-117.39872,2150.3718
810,0.003464023,240.47289,173.58025,2617.3171
811,0.003465634,-57.964306,-57.964306,-57.964306
812,0.003467205,-1305.6503,-1305.6503,-2456.73
813,0.003468704,-3067.4897,-1472.2308,-2797.9097
814,0.003470239,-4988.6924,-4988.6924,-5075.894
815,0.003471743,-6539.9785,-6539.9785,-6436.871
816,0.003473218,-7316.5425,-8125.024,-7316.5425
817,0.00347475,-7023.434,-7023.434,-6832.2925
818,0.003476338,-5730.3125,-5730.3125,-7033.808
819,0.003477911,-3785.6384,-4743.6807,-6543.3784
820,0.003479476,-1522.5632,-1522.5632,-3959.3784
821,0.00348104,741.7154,741.7154,741.7154
822,0.003482556,2682.4382,1410.5358,6280.88
823,0.003484092,4341.848,4341.848,9747.794
824,0.003485679,5732.7197,5732.7197,7910.8403
825,0.003487323,6827.627,6958.0186,7469.9893
826,0.003488975,7574.2466,7574.2466,7574.2466
827,0.003490584,7934.6714,7934.6714,7432.591
828,0.003492162,7807.2627,6552.2773,5036.223
829,0.003493715,7068.612,7068.612,5447.1924
830,0.003495265,5579.913,5579.913,4405.817
831,0.003496784,3253.9656,4730.986,3253.9656
832,0.003498301,61.517635,61.517635,3424.6296
833,0.00349984,-3571.9197,-3571.9197,-2397.2224
834,0.003501412,-7042.4136,-2937.1165,-7850.6523
835,0.003503033,-9661.426,-9661.426,-9922.41
836,0.003504685,-10574.199,-10574.199,-10574.199
837,0.00350634,-9232.017,-8852.676,-9613.629
838,0.003507997,-6331.0493,-6331.0493,-4139.519
839,0.003509659,-2865.9438,-2865.9438,3244.8171
840,0.003511266,61.037712,-2220.5864,2635.5044
841,0.00351286,1639.8639,1639.8639,1639.8639
842,0.003514419,1323.3588,1323.3588,3157.6296
843,0.00351593,-229.96024,1468.1824,2140.3325
844,0.003517463,-2283.4744,-2283.4744,-1123.7065
845,0.00351905,-4087.222,-4087.222,-1223.3706
846,0.003520633,-4706.9175,-4383.706,-4706.9175
847,0.003522208,-3559.5508,-3559.5508,-5517.058
848,0.003523726,-1200.0217,-1200.0217,-1274.3315
849,0.003525216,1697.3936,-958.83746,7596.6294
850,0.00352672,4597.525,4597.525,9291.911
851,0.003528264,6909.4033,6909.4033,6909.4033
852,0.003529837,8072.287,7671.5977,6738.841
853,0.003531442,8227.92,8227.92,7271.262
854,0.003533075,7728.9985,7728.9985,7476.325
855,0.003534735,6975.364,8926.34,5628.645
856,0.003536366,6420.341,6420.341,6420.341
857,0.003537978,6368.5576,6368.5576,6765.716
858,0.003539622,6736.2427,4380.2427,8556.935
859,0.003541302,7349.0947,7349.0947,6255.7236
860,0.003543026,8010.552,8010.552,6249.1064
861,0.003544698,8472.794,7856.2573,8472.794
862,0.003546288,8599.519,8599.519,8309.45
863,0.003547807,8455.035,8455.035,7526.716
864,0.003549296,8115.905,5633.6157,7838.1377
865,0.003550824,7619.7983,7619.7983,7569.341
866,0.003552427,6999.302,6999.302,6999.302
867,0.003554031,6334.366,6444.586,2770.4263
868,0.003555642,5658.7905,5658.7905,1203.2233
869,0.003557282,4995.0225,4995.0225,2873.95
870,0.003558941,4381.3184,4540.0024,-102.11275
871,0.003560595,3860.7703,3860.7703,3860.7703
872,0.00356222,3469.582,3469.582,3028.8093
873,0.003563834,3225.559,2171.4333,4964.927
874,0.003565421,3150.5166,3150.5166,9087.941
875,0.003566982,3259.5671,3259.5671,7333.9736
876,0.003568557,3576.6765,3264.0247,3576.6765
877,0.003570143,4134.5083,4134.5083,-285.91745
878,0.003571706,4964.4243,4964.4243,1598.9342
879,0.003573271,6124.2456,3255.386,4244.6763
880,0.003574837,7664.2266,7664.2266,10008.567
881,0.003576414,9649.317,9649.317,9649.317
882,0.003578031,12065.661,8166.4727,13873.677
883,0.003579633,14280.736,14280.736,10943.88
884,0.00358123,15637.252,15637.252,15597.286
885,0.003582821,15477.143,15332.599,16367.255
886,0.003584371,13237.959,13237.959,13237.959
887,0.003585875,8778.092,8778.092,9952.224
888,0.003587354,2925.584,6705.661,3740.7703
889,0.003588833,-3406.807,-3406.807,-7125.207
890,0.003590358,-9413.311,-9413.311,-9693.738
891,0.003591928,-13932.832,-9797.811,-13932.832
892,0.00359352,-15946.904,-15946.904,-10850.449
893,0.003595167,-15802.895,-15802.895,-8728.566
894,0.003596809,-14265.239,-10892.131,-10862.042
895,0.003598439,-12219.089,-12219.089,-11242.816
896,0.003600096,-10485.262,-10485.262,-10485.262
897,0.003601796,-9765.855,-11195.901,-10328.254
898,0.003603468,-9904.859,-9904.859,-11805.207
899,0.003605097,-10450.49,-10450.49,-16606.918
900,0.003606708,-11009.554,-10936.924,-12954.52
901,0.0036083,-11217.09,-11217.09,-11217.09
902,0.003609842,-10845.383,-10845.383,-13779.879
903,0.00361138,-10049.966,-7526.492,-13958.035
904,0.003612945,-9043.497,-9043.497,-11723.098
905,0.00361457,-8046.9453,-8046.9453,-3544.3706
906,0.003616215,-7363.1836,-9511.198,-7363.1836
907,0.003617875,-7197.214,-7197.214,-8362.285
908,0.003619525,-7379.4688,-7379.4688,-5994.761
909,0.003621166,-7641.7085,-4393.762,-1725.8239
910,0.003622816,-7723.533,-7723.533,-3227.0583
911,0.003624443,-7368.363,-7368.363,-7368.363
912,0.003626053,-6431.163,-7672.457,-8632.262
913,0.003627618,-5155.509,-5155.509,-6898.066
914,0.003629155,-3817.9724,-3817.9724,-8274.23
915,0.003630694,-2653.93,-3980.8276,-8261.02
916,0.003632277,-1911.3394,-1911.3394,-1911.3394
917,0.003633904,-1818.1029,-1818.1029,-1576.5581
918,0.003635531,-2191.1426,-928.2354,-6935.5273
919,0.003637165,-2717.6985,-2717.6985,-1850.8784
920,0.003638793,-3077.3464,-3077.3464,2061.7856
921,0.003640358,-2973.9175,-2498.6787,-2973.9175
922,0.00364191,-2242.2622,-2242.2622,-3743.8706
923,0.003643498,-1006.0302,-1006.0302,147.49664
924,0.00364512,501.2071,-1622.7769,3289.5046
925,0.003646773,2010.5438,2010.5438,2697.536
926,0.003648453,3220.8015,3220.8015,3220.8015
927,0.003650124,3878.5378,2277.1416,5410.841
928,0.003651773,4075.9893,4075.9893,6303.3716
929,0.003653392,3984.2915,3984.2915,5036.9424
930,0.003655014,3757.1528,3742.4995,3976.825
931,0.003656632,3542.778,3542.778,3542.778
932,0.003658249,3441.2625,3441.2625,7165.544
933,0.00365988,3367.1917,2795.9475,518.94196
934,0.003661521,3186.2856,3186.2856,882.50446
935,0.003663179,2756.3667,2756.3667,1864.5592
936,0.003664832,1940.9812,2756.423,1940.9812
937,0.003666469,664.245,664.245,-7364.0347
938,0.003668064,-927.46814,-927.46814,-6065.824
939,0.003669615,-2666.5784,-754.74286,-2616.4253
940,0.003671146,-4437.9224,-4437.9224,-3190.949
941,0.003672682,-6141.136,-6141.136,-6141.136
942,0.003674242,-7658.4414,-5836.617,-8805.676
943,0.003675762,-8780.589,-8780.589,-6630.0815
944,0.003677275,-9397.469,-9397.469,-5525.902
945,0.003678804,-9362.062,-9091.798,-8204.488
946,0.003680333,-8511.363,-8511.363,-8511.363
947,0.003681869,-6771.1655,-6771.1655,-4362.8706
948,0.003683421,-4412.3467,-5294.5254,-1777.9175
949,0.003684928,-1919.5576,-1919.5576,-3750.6052
950,0.003686432,401.008,401.008,-2458.1362
951,0.003687995,2247.1296,1178.5793,2247.1296
952,0.003689566,3205.4368,3205.4368,7296.887
953,0.003691159,3288.3716,3288.3716,6413.77
954,0.003692783,2576.553,3068.826,2716.8403
955,0.003694374,1222.2954,1222.2954,987.4264
956,0.003695898,-572.26904,-572.26904,-572.26904
957,0.003697383,-2644.7563,-86.87469,3055.5671
958,0.00369886,-4718.5366,-4718.5366,543.50446
959,0.003700345,-6469.677,-6469.677,-1252.0815
960,0.003701879,-7558.34,-5941.482,-3237.855
961,0.003703491,-7497.7305,-7497.7305,-7497.7305
962,0.003705102,-5944.1626,-5944.1626,-4546.0034
963,0.003706704,-3358.852,-4154.18,895.6842
964,0.003708299,-362.28546,-362.28546,2579.356
965,0.003709896,2454.2546,2454.2546,5754.552
966,0.003711506,4492.536,3277.0325,4492.536
967,0.003713126,5255.8906,5255.8906,4498.747
968,0.00371472,4864.5327,4864.5327,4227.5825
969,0.003716321,3593.9692,3583.4036,7310.192
970,0.003717936,1688.2924,1688.2924,1098.8717
971,0.003719519,-528.2143,-528.2143,-528.2143
972,0.003721079,-2795.0112,-227.86101,-4310.48
973,0.003722627,-4855.4307,-4855.4307,-4747.0195
974,0.003724172,-6452.5093,-6452.5093,-6003.1445
975,0.003725661,-7304.524,-5328.342,-7015.8945
976,0.003727122,-7248.215,-7248.215,-7248.215
977,0.003728653,-6089.1177,-6089.1177,-9967.511
978,0.003730237,-3955.255,-4909.316,-8050.0425
979,0.003731802,-1268.4595,-1268.4595,-2308.0269
980,0.00373328,1476.6584,1476.6584,-573.88617
981,0.003734705,4029.8875,1925.5284,4029.8875
982,0.003736115,6233.431,6233.431,7841.2627
983,0.00373756,8059.013,8059.013,9445.341
984,0.00373907,9427.187,6616.6934,12684.005
985,0.003740577,10168.343,10168.343,14321.474
986,0.003742076,10212.067,10212.067,10212.067
987,0.003743584,9534.33,9289.052,6975.739
988,0.003745154,8255.612,8255.612,4022.9968
989,0.003746798,6572.1353,6572.1353,3225.614
990,0.003748456,4819.0254,5586.195,4882.6763
991,0.003750133,3304.2466,3304.2466,3304.2466
992,0.003751819,2288.2961,2288.2961,2705.645
993,0.003753443,1735.0817,2809.1228,3909.411
994,0.003755017,1480.3468,1480.3468,3177.4968
995,0.003756502,1392.8685,1392.8685,3417.7156
996,0.003757979,1358.7233,1847.2902,1358.7233
997,0.003759486,1297.1859,1297.1859,-2056.0737
998,0.003761061,1177.6226,1177.6226,-4197.1597
999,0.003762672,984.5173,-187.90431,-1345.855
1000,0.003764245,714.6113,714.6113,-421.90964
1001,0.003765796,357.9732,357.9732,357.9732
1002,0.003767374,-93.47356,612.601,-461.019
1003,0.003768961,-571.2404,-571.2404,2125.7546
1004,0.003770566,-994.3716,-994.3716,-420.72214
1005,0.003772166,-1271.3304,1262.8436,218.55133
1006,0.00377377,-1318.5815,-1318.5815,-1318.5815
1007,0.003775369,-1067.0837,-1067.0837,-1519.1753
1008,0.00377694,-524.2673,-1031.8341,2269.4106
1009,0.003778464,272.96777,272.96777,741.067
1010,0.003779939,1289.7902,1289.7902,2159.942
1011,0.00378142,2545.0825,1375.6846,2545.0825
1012,0.00378294,4024.1387,4024.1387,3461.903
1013,0.003784493,5493.0103,5493.0103,5003.6997
1014,0.003786063,6634.638,4581.2236,6147.4736
1015,0.003787671,7127.615,7127.615,6249.4966
1016,0.003789271,6615.825,6615.825,6615.825
1017,0.003790882,4908.8916,5860.097,4712.341
1018,0.003792534,2341.4207,2341.4207,989.46545
1019,0.003794184,-461.02048,-461.02048,3695.6843
1020,0.003795815,-2885.363,-1463.9489,1007.11383
1021,0.003797424,-4380.3237,-4380.3237,-4380.3237
1022,0.003798982,-4608.7944,-4608.7944,-4964.191
1023,0.003800551,-3876.175,-3060.6272,-1175.355
1024,0.00380219,-2519.1748,-2519.1748,4364.9653
1025,0.003803817,-1025.2466,-1025.2466,-2171.9802
1026,0.003805423,148.73102,280.46527,148.73102
1027,0.003807017,678.82196,678.82196,2252.0671
1028,0.003808623,609.24225,609.24225,754.5435
1029,0.003810207,75.22241,1607.4231,-1212.2065
1030,0.003811781,-787.71735,-787.71735,272.4107
1031,0.003813384,-1878.48,-1878.48,-1878.48
1032,0.003814983,-3026.6777,-1394.7911,-4909.566
1033,0.00381655,-3972.7156,-3972.7156,-6997.855
1034,0.003818116,-4485.6787,-4485.6787,-9033.363
1035,0.003819722,-4297.2627,-4618.791,-6122.566
1036,0.003821304,-3140.6833,-3140.6833,-3140.6833
1037,0.003822846,-969.9933,-969.9933,1548.7859
1038,0.003824402,1826.0697,-504.8377,1652.2545
1039,0.003826015,4747.5127,4747.5127,8056.302
1040,0.00382766,7087.4717,7087.4717,9286.239
1041,0.003829258,8095.083,7740.876,8095.083
1042,0.003830842,7427.804,7427.804,4332.7153
1043,0.003832371,5525.087,5525.087,982.4264
1044,0.003833875,2914.7861,3298.7166,-399.0971
1045,0.003835371,42.804302,42.804302,-482.15182
1046,0.00383691,-2727.894,-2727.894,-2727.894
1047,0.00383851,-4997.409,-3119.4067,-7340.8394
1048,0.003840106,-6617.191,-6617.191,-3383.9177
1049,0.003841709,-7671.636,-7671.636,-3770.4097
1050,0.003843331,-8231.554,-6107.3486,-5998.2925
1051,0.003844935,-8359.91,-8359.91,-8359.91
1052,0.003846501,-8140.391,-8140.391,-7011.629
1053,0.00384803,-7620.5166,-6922.3745,-8004.34
1054,0.003849563,-6809.7456,-6809.7456,-7052.6367
1055,0.003851166,-5666.4946,-5666.4946,-5077.4023
1056,0.003852763,-4242.238,-6759.9126,-4242.238
1057,0.003854333,-2595.7642,-2595.7642,461.50446
1058,0.003855912,-791.76184,-791.76184,-2114.3865
1059,0.003857504,1060.5338,-1215.0287,-1352.1987
1060,0.003859153,2888.7178,2888.7178,1171.3326
1061,0.003860775,4471.1606,4471.1606,4471.1606
1062,0.00386238,5696.3403,4816.818,8916.669
1063,0.003863978,6425.9033,6425.9033,9430.458
1064,0.003865521,6516.811,6516.811,5961.7544
1065,0.003867075,5852.4316,6297.0474,4529.0674
1066,0.003868613,4304.872,4304.872,4304.872
1067,0.003870122,1903.8156,1903.8156,3035.4578
1068,0.003871652,-969.069,913.483,883.3561
1069,0.003873249,-3812.9004,-3812.9004,-665.6909
1070,0.00387486,-5859.5923,-5859.5923,-2913.808
1071,0.003876462,-6406.949,-6725.068,-6406.949
1072,0.003878077,-5053.5703,-5053.5703,-2579.8315
1073,0.003879724,-2421.211,-2421.211,-2940.691
1074,0.003881359,439.71027,-1867.1407,1417.9889
1075,0.003882972,2525.234,2525.234,4593.481
1076,0.003884511,2946.489,2946.489,2946.489
1077,0.003886036,1297.0562,2679.7612,969.2545
1078,0.003887585,-1888.9006,-1888.9006,-3324.6755
1079,0.003889174,-5802.8564,-5802.8564,-4581.761
1080,0.003890737,-9358.33,-6251.183,-10334.598
1081,0.003892198,-11597.191,-11597.191,-11597.191
1082,0.003893601,-12223.487,-12223.487,-15329.348
1083,0.003895,-11582.113,-9734.047,-13967.246
1084,0.00389641,-10065.817,-10065.817,-13672.746
1085,0.00389788,-7999.472,-7999.472,-11291.473
1086,0.00389942,-5805.613,-8730.489,-5805.613
1087,0.003900913,-4055.3298,-4055.3298,-6337.1753
1088,0.003902417,-2685.2847,-2685.2847,-6497.371
1089,0.003903996,-1581.7439,-1807.5441,-5546.8633
1090,0.0039056,-715.4694,-715.4694,453.75446
1091,0.003907202,-7.5111775,-7.5111775,-7.5111775
1092,0.003908819,597.9749,-31.664814,-617.2534
1093,0.003910429,940.8471,940.8471,-75.77681
1094,0.003912023,827.51685,827.51685,1068.7778
1095,0.003913581,94.04305,790.13776,2274.895
1096,0.003915135,-1433.0659,-1433.0659,-1433.0659
1097,0.003916703,-3835.9497,-3835.9497,-6885.277
1098,0.003918285,-6681.5503,-3716.6929,-12569.371
1099,0.003919928,-9453.181,-9453.181,-13294.855
1100,0.003921531,-11352.163,-11352.163,-15057.254
1101,0.003923115,-11841.066,-12473.536,-11841.066
1102,0.003924731,-10535.9375,-10535.9375,-5268.9956
1103,0.003926339,-7971.44,-7971.44,-280.1362
1104,0.003927919,-4968.377,-5786.249,1344.9967
1105,0.00392948,-2249.5588,-2249.5588,-1207.6284
1106,0.003931079,-459.30807,-459.30807,-459.30807
1107,0.003932676,-193.25615,-342.62164,-5355.441
1108,0.003934275,-1043.6046,-1043.6046,-3989.0269
1109,0.003935877,-2373.4443,-2373.4443,-5464.965
1110,0.003937487,-3541.9902,-2610.2588,-7459.0977
1111,0.003939097,-3889.2068,-3889.2068,-3889.2068
1112,0.003940671,-2979.1367,-2979.1367,-4502.308
1113,0.003942264,-1052.7466,-2040.9792,-2900.808
1114,0.003943861,1456.8888,1456.8888,2264.6216
1115,0.003945437,4072.3733,4072.3733,6842.9893
1116,0.003947027,6419.3716,5128.459,6419.3716
1117,0.003948642,8143.5527,8143.5527,10398.7705
1118,0.003950278,9186.826,9186.826,13748.404
1119,0.003951918,9583.221,7287.685,13618.8955
1120,0.003953541,9395.626,9395.626,9489.239
1121,0.003955186,8678.138,8678.138,8678.138
1122,0.003956871,7456.566,8866.885,4859.8643
1123,0.003958539,5823.4307,5823.4307,6574.8096
1124,0.003960162,3886.9905,3886.9905,896.106
1125,0.003961733,1739.0137,3060.7825,-2208.4175
1126,0.003963304,-627.23773,-627.23773,-627.23773
1127,0.003964883,-3168.7515,-3168.7515,3112.9265
1128,0.00396649,-5839.8594,-2080.139,-845.56586
1129,0.003968132,-8562.509,-8562.509,-3140.7222
1130,0.003969755,-11152.132,-11152.132,-7282.6987
1131,0.003971384,-13554.504,-11164.443,-13554.504
1132,0.00397302,-15659.338,-15659.338,-20188.656
1133,0.003974665,-17299.592,-17299.592,-19530.473
1134,0.003976322,-18287.12,-10637.096,-17570.98
1135,0.003977994,-18420.898,-18420.898,-18739.848
1136,0.003979593,-17564.574,-17564.574,-17564.574
1137,0.003981147,-15745.503,-18095.443,-14096.387
1138,0.003982709,-13260.485,-13260.485,-15047.98
1139,0.003984296,-10494.804,-10494.804,-14290.856
1140,0.003985898,-7904.162,-11196.984,-10220.426
1141,0.003987463,-6002.8945,-6002.8945,-6002.8945
1142,0.003988949,-5059.1025,-5059.1025,-3207.5112
1143,0.003990442,-4804.9785,-3165.3223,-3253.855
1144,0.003991997,-4999.9478,-4999.9478,-8498.652
1145,0.00399359,-5382.7227,-5382.7227,-6007.277
1146,0.003995142,-5634.8555,-5388.949,-5634.8555
1147,0.003996671,-5560.9375,-5560.9375,-4408.5815
1148,0.003998206,-5291.6445,-5291.6445,-2017.9332
1149,0.003999764,-5034.116,-3116.451,-1514.019
1150,0.004001357,-5015.032,-5015.032,-4796.0664
1151,0.004002921,-5461.9727,-5461.9727,-5461.9727
1152,0.00400447,-6490.882,-5797.8247,-3617.2927
1153,0.004006039,-7896.957,-7896.957,-4454.9956
1154,0.004007668,-9396.43,-9396.43,-6472.6753
1155,0.004009346,-10602.606,-8360.569,-8347.637
1156,0.004011002,-11070.84,-11070.84,-11070.84
1157,0.004012583,-10593.142,-10593.142,-11117.988
1158,0.004014133,-9397.526,-7985.689,-8904.504
1159,0.00401565,-7764.751,-7764.751,-6541.629
1160,0.004017166,-5904.5083,-5904.5083,-4861.699
1161,0.004018712,-4007.3474,-6675.839,-4007.3474
1162,0.004020296,-2265.9226,-2265.9226,-4390.9956
1163,0.004021903,-728.8352,-728.8352,4.848198
1164,0.004023543,629.3572,-581.3048,889.8248
1165,0.004025196,1812.2048,1812.2048,1331.4733
1166,0.004026844,2834.7231,2834.7231,2834.7231
1167,0.004028488,3716.6057,3280.7417,2294.825
1168,0.004030146,4438.1465,4438.1465,2394.4578
1169,0.004031759,4940.434,4940.434,6755.505
1170,0.004033347,5206.4624,3943.7158,6421.45
1171,0.004034913,5212.3877,5212.3877,5212.3877
1172,0.004036468,4954.575,4954.575,6316.9424
1173,0.004038021,4509.993,2593.5527,4425.0674
1174,0.004039583,3971.9329,3971.9329,4858.161
1175,0.004041149,3439.5793,3439.5793,3618.9731
1176,0.004042726,3010.9343,3158.9429,3010.9343
1177,0.004044266,2778.1497,2778.1497,3382.5984
1178,0.004045808,2749.2795,2749.2795,3679.8875
1179,0.004047431,2944.8354,1932.5966,4935.387
1180,0.004049139,3406.8567,3406.8567,4848.63
1181,0.00405086,4144.5903,4144.5903,4144.5903
1182,0.004052513,5087.3,4710.028,6135.387
1183,0.004054127,6094.5156,6094.5156,7321.0127
1184,0.004055761,7038.7817,7038.7817,8519.989
1185,0.004057381,7739.4756,5026.3438,5241.059
1186,0.004058985,8045.0596,8045.0596,8045.0596
1187,0.004060566,7883.3164,7883.3164,9824.583
1188,0.004062133,7449.9175,6568.9146,7237.755
1189,0.004063763,6973.4053,6973.4053,7873.075
1190,0.004065428,6741.1514,6741.1514,7280.7236
1191,0.004067075,7048.9814,6934.581,7048.9814
1192,0.00406871,8048.3774,8048.3774,10859.528
1193,0.004070263,9367.363,9367.363,15613.8955
1194,0.004071783,10659.615,6525.3706,15197.817
1195,0.00407334,11634.119,11634.119,12575.185
1196,0.004074911,11898.263,11898.263,11898.263
1197,0.00407651,11175.418,11060.766,7476.5205
1198,0.004078154,9660.882,9660.882,4906.864
1199,0.00407976,7823.0283,7823.0283,4313.6533
1200,0.004081314,6077.439,8922.475,5060.052
1201,0.004082855,4729.8013,4729.8013,4729.8013
1202,0.004084404,4014.8396,4014.8396,5697.1763
1203,0.004085957,3822.6956,3121.3748,5005.5435
1204,0.004087465,3936.8284,3936.8284,1581.3639
1205,0.004088959,4148.1323,4148.1323,3519.481
1206,0.00409045,4266.6533,4095.6821,4266.6533
1207,0.004091952,4156.5522,4156.5522,4666.6924
1208,0.004093479,3895.0947,3895.0947,7306.1064
1209,0.004095044,3622.3865,2911.3982,14862.528
1210,0.00409664,3500.7114,3500.7114,12502.942
1211,0.004098252,3706.5906,3706.5906,3706.5906
1212,0.004099914,4354.7905,3922.7168,2420.989
1213,0.004101572,5176.9756,5176.9756,4382.63
1214,0.004103204,5812.8633,5812.8633,7284.0747
1215,0.00410484,5936.2764,5187.8545,4475.356
1216,0.004106496,5189.1216,5189.1216,5189.1216
1217,0.004108131,3392.1604,3392.1604,2809.403
1218,0.004109669,1083.0,2346.1714,-3229.2456
1219,0.004111199,-1362.6106,-1362.6106,-7513.4565
1220,0.004112778,-3580.1467,-3580.1467,-6618.2383
1221,0.00411438,-5026.0894,-4269.74,-5026.0894
1222,0.004115944,-5307.379,-5307.379,-3414.3083
1223,0.004117477,-4657.03,-4657.03,-4237.136
1224,0.004119021,-3356.749,-3772.544,-3483.402
1225,0.00412064,-1604.7178,-1604.7178,-196.15181
1226,0.004122259,225.15291,225.15291,225.15291
1227,0.004123871,1846.8324,430.8173,1085.7153
1228,0.004125496,3180.8325,3180.8325,3307.6453
1229,0.004127104,4151.5176,4151.5176,1406.1764
1230,0.004128718,4724.2007,3847.6064,758.61383
1231,0.004130322,4843.153,4843.153,4843.153
1232,0.004131902,4515.3154,4515.3154,3917.739
1233,0.004133523,3898.1362,3879.2551,-112.10493
1234,0.004135142,3225.5852,3225.5852,46.020077
1235,0.004136756,2727.4504,2727.4504,1329.8561
1236,0.004138375,2629.4343,3562.3682,2629.4343
1237,0.004139998,3103.4585,3103.4585,981.05133
1238,0.004141605,4061.5334,4061.5334,-3513.7693
1239,0.004143216,5374.1455,4183.8696,-3412.0193
1240,0.004144815,6891.687,6891.687,5052.177
1241,0.004146363,8439.028,8439.028,8439.028
1242,0.004147934,9944.225,7789.8496,17094.709
1243,0.004149552,11195.498,11195.498,18954.936
1244,0.004151178,11888.268,11888.268,15705.872
1245,0.004152786,11759.271,10051.563,13705.028
1246,0.004154365,10597.739,10597.739,10597.739
1247,0.004155967,8244.307,8244.307,8044.4653
1248,0.004157604,4990.641,7051.942,5238.6763
1249,0.004159195,1488.8027,1488.8027,1058.9655
1250,0.004160811,-1922.3885,-1922.3885,2318.4888
1251,0.004162453,-4733.4565,-1815.3494,-4733.4565
1252,0.004164082,-6464.1714,-6464.1714,-4921.0737
1253,0.004165653,-7132.8706,-7132.8706,-4863.301
1254,0.004167186,-6926.0063,-6075.4277,-4690.4956
1255,0.004168751,-5927.1616,-5927.1616,-1906.3785
1256,0.004170323,-4212.199,-4212.199,-4212.199
1257,0.004171915,-1899.6455,-3858.1577,-3538.863
1258,0.004173517,621.579,621.579,-468.77682
1259,0.004175103,2864.7358,2864.7358,2797.3093
1260,0.00417669,4414.9966,3719.081,5565.794
1261,0.004178294,4826.216,4826.216,4826.216
1262,0.004179909,3763.6338,3763.6338,1190.395
1263,0.004181543,1508.2438,2777.6416,-5464.011
1264,0.004183179,-1446.6565,-1446.6565,-6038.0977
1265,0.004184814,-4601.7803,-4601.7803,-9221.855
1266,0.004186437,-7445.6675,-4585.618,-7445.6675
1267,0.004188064,-9609.102,-9609.102,-8402.511
1268,0.004189669,-11020.612,-11020.612,-6011.0894
1269,0.004191277,-11751.942,-8737.722,-3772.9565
1270,0.004192876,-11837.908,-11837.908,-10076.8545
1271,0.004194491,-11312.613,-11312.613,-11312.613
1272,0.004196114,-10205.047,-11300.881,-10568.316
1273,0.004197696,-8614.305,-8614.305,-4684.824
1274,0.004199245,-6615.4707,-6615.4707,-5441.6284
1275,0.004200795,-4224.7812,-5633.924,-5436.9805
1276,0.004202387,-1411.105,-1411.105,-1411.105
1277,0.004203924,1570.9694,1570.9694,3160.8872
1278,0.004205458,4600.622,1293.2255,1739.8873
1279,0.004207058,7560.8228,7560.8228,2979.3562
1280,0.004208676,10075.755,10075.755,5435.2153
1281,0.004210265,11808.817,10631.014,11808.817
1282,0.004211815,12631.713,12631.713,15028.317
1283,0.004213335,12800.355,12800.355,15938.927
1284,0.004214881,12609.27,9880.21,13659.803
1285,0.004216448,12337.603,12337.603,12883.341
1286,0.00421807,12293.606,12293.606,12293.606
1287,0.00421975,12691.772,13177.4375,10965.81
1288,0.004221409,13091.837,13091.837,14854.286
1289,0.00422305,12916.897,12916.897,17931.186
1290,0.004224692,11603.406,10896.479,12137.599
1291,0.004226341,8565.191,8565.191,8565.191
1292,0.004228003,3490.7708,3490.7708,1685.1608
1293,0.004229663,-2613.321,2459.2769,-2653.1519
1294,0.004231318,-8443.578,-8443.578,-8715.895
1295,0.004232971,-12732.842,-12732.842,-10950.504
1296,0.004234586,-14219.301,-13800.195,-14219.301
1297,0.004236192,-12267.86,-12267.86,-14937.277
1298,0.004237785,-7809.256,-7809.256,-7519.9414
1299,0.004239358,-2163.9026,-6140.212,-1559.3159
1300,0.004240934,3519.6753,3519.6753,2986.536
1301,0.004242508,8018.5205,8018.5205,8018.5205
1302,0.00424406,10424.041,6744.8623,7951.9346
1303,0.004245638,11134.819,11134.819,3424.864
1304,0.004247209,10746.808,10746.808,2453.7468
1305,0.00424877,9914.361,11543.46,7132.7705
1306,0.004250363,9261.13,9261.13,9261.13
1307,0.004251921,9261.449,9261.449,7514.0205
1308,0.004253456,9561.995,5613.822,6773.208
1309,0.004255006,9657.507,9657.507,5837.091
1310,0.004256556,9032.086,9032.086,4071.9265
1311,0.004258036,7289.9575,7878.4453,7289.9575
1312,0.004259489,4250.822,4250.822,7624.786
1313,0.00426095,442.03326,442.03326,676.19977
1314,0.004262443,-3419.5012,435.23898,-3436.3784
1315,0.004263935,-6421.6177,-6421.6177,-2163.105
1316,0.004265416,-7734.3633,-7734.3633,-7734.3633
1317,0.004266927,-6794.367,-7716.247,-8945.105
1318,0.0042685,-3944.5718,-3944.5718,-8643.145
1319,0.004270179,192.024,192.024,-8554.957
1320,0.004271891,4453.208,747.2644,-241.01118
1321,0.004273602,7593.5205,7593.5205,7593.5205
1322,0.004275252,8735.017,8735.017,11829.864
1323,0.00427686,8324.781,4103.6924,8275.45
1324,0.004278458,6934.749,6934.749,2275.7703
1325,0.004280044,5079.7383,5079.7383,699.16077
1326,0.004281647,3221.989,4268.687,3221.989
1327,0.004283312,1750.2465,1750.2465,4874.645
1328,0.004284992,806.2527,806.2527,5461.942
1329,0.004286633,383.43283,1594.5078,2424.2544
1330,0.004288218,420.0232,420.0232,3228.6528
1331,0.004289733,842.90295,842.90295,842.90295
1332,0.004291206,1568.1782,1088.4507,2379.0046
1333,0.004292678,2431.0754,2431.0754,2041.9498
1334,0.004294142,3227.1016,3227.1016,2746.8015
1335,0.004295604,3762.4731,2957.545,4099.762
1336,0.004297076,3839.8718,3839.8718,3839.8718
1337,0.004298579,3308.159,3308.159,3023.5671
1338,0.004300063,2338.5552,2720.8772,-4086.1365
1339,0.004301526,1176.1831,1176.1831,-2587.7378
1340,0.004302954,56.61848,56.61848,777.30914
1341,0.004304386,-842.6831,-433.71567,-842.6831
1342,0.004305875,-1369.4781,-1369.4781,247.32477
1343,0.004307449,-1505.0007,-1505.0007,779.2311
1344,0.004309015,-1298.6056,-2046.4294,-2159.0972
1345,0.004310592,-837.7229,-837.7229,-1937.4019
1346,0.004312195,-203.0815,-203.0815,-203.0815
1347,0.004313788,506.86444,-666.16907,234.62947
1348,0.004315343,1222.9524,1222.9524,-2168.2458
1349,0.004316909,1922.0375,1922.0375,-380.5034
1350,0.00431855,2581.7747,2605.737,798.87946
1351,0.004320234,3127.692,3127.692,3127.692
1352,0.004321893,3499.3257,3499.3257,3106.0125
1353,0.004323516,3737.002,3415.3428,5925.6455
1354,0.004325146,3900.9238,3900.9238,8182.1064
1355,0.004326773,4039.9897,4039.9897,2811.9968
1356,0.004328376,4201.841,4196.757,4201.841
1357,0.004329944,4411.294,4411.294,6892.3877
1358,0.004331481,4617.585,4617.585,4364.9497
1359,0.004332999,4758.184,3189.296,4407.0435
1360,0.004334516,4773.0747,4773.0747,-218.05806
1361,0.004336053,4595.934,4595.934,4595.934
1362,0.004337654,4180.5684,4623.3027,5037.2856
1363,0.004339315,3662.282,3662.282,6274.536
1364,0.004340907,3281.3242,3281.3242,6414.028
1365,0.004342441,3203.4578,3683.325,3566.3484
1366,0.004343994,3591.6062,3591.6062,3591.6062
1367,0.004345608,4602.695,4602.695,2766.5125
1368,0.004347216,6022.944,3645.0215,3345.8015
1369,0.004348782,7534.0674,7534.0674,6413.333
1370,0.004350364,8921.952,8921.952,4471.653
1371,0.004351988,9921.731,9333.582,9921.731
1372,0.004353611,10282.045,10282.045,7799.2314
1373,0.004355239,10103.591,10103.591,3994.9812
1374,0.004356869,9564.24,6741.9253,7777.294
1375,0.004358463,8861.916,8861.916,10404.731
1376,0.004360039,8164.9814,8164.9814,8164.9814
1377,0.004361616,7598.3164,8582.155,9172.302
1378,0.004363191,7169.1587,7169.1587,11412.606
1379,0.004364788,6847.7266,6847.7266,13914.724
1380,0.004366367,6616.887,6005.4927,11657.192
1381,0.004367936,6447.973,6447.973,6447.973
1382,0.004369541,6271.3013,6271.3013,8245.81
1383,0.004371144,5864.368,3636.1387,4436.6685
1384,0.004372707,4990.773,4990.773,-640.43304
1385,0.004374295,3364.0952,3364.0952,-2755.16
1386,0.004375905,689.5592,3578.7708,689.5592
1387,0.004377492,-3062.8643,-3062.8643,-369.2768
1388,0.004379064,-7358.3564,-7358.3564,-9308.855
1389,0.00438067,-11651.755,-4704.037,-13561.926
1390,0.004382239,-15082.9795,-15082.9795,-15870.754
1391,0.004383813,-17100.988,-17100.988,-17100.988
1392,0.004385438,-17211.908,-17730.602,-19839.02
1393,0.004387123,-15649.848,-15649.848,-13860.23
1394,0.004388804,-13082.147,-13082.147,-13601.669
1395,0.004390463,-10241.9375,-12421.916,-13386.895
1396,0.004392126,-7766.9956,-7766.9956,-7766.9956
1397,0.004393786,-6170.7085,-6170.7085,-11159.887
1398,0.004395403,-5284.148,-4382.848,-9906.082
1399,0.004396959,-4747.4385,-4747.4385,-1060.7378
1400,0.004398527,-4222.358,-4222.358,-3280.0037
1401,0.004400102,-3412.23,-5592.3154,-3412.23
1402,0.004401672,-2117.8862,-2117.8862,1135.6451
1403,0.004403211,-542.18994,-542.18994,-627.4878
1404,0.004404781,1117.0106,-651.5896,-579.40186
1405,0.00440638,2587.627,2587.627,716.8639
1406,0.004407976,3556.8484,3556.8484,3556.8484
1407,0.004409596,3823.1365,3411.8154,2030.5592
1408,0.0044112,3476.3967,3476.3967,2095.1138
1409,0.004412784,2711.2004,2711.2004,2182.0515
1410,0.004414297,1745.2069,3057.8047,1598.8717
1411,0.00441577,727.52795,727.52795,727.52795
1412,0.004417217,-242.94856,-242.94856,1245.1061
1413,0.004418664,-1205.4597,-484.4613,-1557.5034
1414,0.004420176,-2258.8394,-2258.8394,-1675.1284
1415,0.004421692,-3422.382,-3422.382,-4253.4253
1416,0.004423186,-4732.144,-4119.327,-4732.144
1417,0.004424713,-6251.1094,-6251.1094,-5103.324
1418,0.00442628,-7818.169,-7818.169,-3312.2456
1419,0.004427871,-9176.458,-4296.9927,-4687.8315
1420,0.004429486,-10061.95,-10061.95,-7741.4565
1421,0.004431048,-10202.973,-10202.973,-10202.973
1422,0.004432585,-9528.209,-10874.714,-7586.777
1423,0.004434131,-8331.967,-8331.967,-6604.4956
1424,0.004435688,-7011.084,-7011.084,-4487.6206
1425,0.004437223,-5995.87,-5517.935,-4371.058
1426,0.004438765,-5663.558,-5663.558,-5663.558
1427,0.004440337,-6312.401,-6312.401,-6289.574
1428,0.004441926,-7717.3955,-4861.42,-8466.113
1429,0.00444354,-9498.709,-9498.709,-12011.66
1430,0.004445113,-11173.978,-11173.978,-9952.52
1431,0.004446669,-12382.176,-13765.201,-12382.176
1432,0.004448257,-12857.07,-12857.07,-11903.855
1433,0.004449849,-12660.45,-12660.45,-10083.245
1434,0.00445144,-11985.834,-9369.144,-9314.285
1435,0.004452998,-11049.55,-11049.55,-11163.152
1436,0.004454487,-10069.473,-10069.473,-10069.473
1437,0.004455973,-9155.512,-10004.589,-10653.965
1438,0.004457502,-8373.593,-8373.593,-9615.004
1439,0.004459082,-7817.714,-7817.714,-9228.895
1440,0.004460662,-7604.43,-7781.955,-6744.926
1441,0.00446227,-7829.2617,-7829.2617,-7829.2617
1442,0.004463899,-8543.894,-8543.894,-11002.707
1443,0.004465512,-9527.168,-7812.911,-12132.676
1444,0.004467125,-10519.333,-10519.333,-8268.824
1445,0.004468736,-11255.206,-11255.206,-9287.948
1446,0.004470365,-11471.012,-12274.521,-11471.012
1447,0.004471942,-11002.813,-11002.813,-9778.113
1448,0.004473474,-10075.724,-10075.724,-8619.081
1449,0.004474978,-8947.013,-8063.6514,-6663.105
1450,0.004476454,-7849.4087,-7849.4087,-7431.7925
1451,0.004477938,-6973.9336,-6973.9336,-6973.9336
1452,0.004479426,-6481.6914,-6413.37,-9016.504
1453,0.004480936,-6280.114,-6280.114,-8762.809
1454,0.004482435,-6216.286,-6216.286,-7085.676
1455,0.004483921,-6129.1904,-7504.421,-1692.0347
1456,0.004485415,-5859.855,-5859.855,-5859.855
1457,0.00448695,-5303.058,-5303.058,-6863.3477
1458,0.004488457,-4681.3745,-3306.9993,-3810.2224
1459,0.004489969,-4254.852,-4254.852,-2207.5974
1460,0.004491462,-4292.3525,-4292.3525,-3253.9487
1461,0.004492978,-5066.5737,-4244.339,-5066.5737
1462,0.004494592,-6863.958,-6863.958,-8286.761
1463,0.004496224,-9282.5,-9282.5,-11767.574
1464,0.004497844,-11716.12,-7259.91,-8001.051
1465,0.004499434,-13591.899,-13591.899,-11574.41
1466,0.004501063,-14427.676,-14427.676,-14427.676
1467,0.00450272,-13749.356,-14893.165,-13127.668
1468,0.004504325,-11924.329,-11924.329,-12716.707
1469,0.004505917,-9434.926,-9434.926,-14526.941
1470,0.004507507,-6720.847,-9313.851,-11676.426
1471,0.00450906,-4277.0195,-4277.0195,-4277.0195
1472,0.004510603,-2364.849,-2364.849,610.88727
1473,0.004512166,-856.09656,-1529.384,-5295.9023
1474,0.004513761,447.86758,447.86758,-7764.1597
1475,0.004515383,1749.4941,1749.4941,-6219.6597
1476,0.004517025,3271.5203,1182.8184,3271.5203
1477,0.004518691,5173.0254,5173.0254,8172.6924
1478,0.004520344,7201.264,7201.264,11875.716
1479,0.004521986,9056.545,6758.8657,10757.747
1480,0.004523618,10449.711,10449.711,8551.685
1481,0.00452522,11098.669,11098.669,11098.669
1482,0.004526776,10876.797,9588.894,11559.458
1483,0.004528292,10047.81,10047.81,14551.286
1484,0.004529829,8874.94,8874.94,11441.35
1485,0.004531421,7612.223,8929.011,9098.161
1486,0.004533049,6599.255,6599.255,6599.255
1487,0.004534733,6055.601,6055.601,4504.825
1488,0.004536406,5641.8784,4192.0586,3903.036
1489,0.004538082,4824.209,4824.209,3467.1453
1490,0.004539744,3093.772,3093.772,5437.6685
1491,0.004541397,-48.237743,3710.791,-48.237743
1492,0.004543039,-4809.633,-4809.633,-3187.5034
1493,0.004544684,-10387.329,-10387.329,-11231.809
1494,0.004546203,-15304.011,-7411.497,-14303.168
1495,0.004547663,-18989.582,-18989.582,-16316.855
1496,0.004549101,-20864.652,-20864.652,-20864.652
1497,0.00455057,-20452.744,-19056.402,-20421.152
1498,0.004552125,-17920.725,-17920.725,-20104.191
1499,0.004553763,-13758.186,-13758.186,-15267.598
1500,0.004555406,-8935.37,-11416.513,-9087.559
1501,0.004557074,-4312.73,-4312.73,-4312.73
1502,0.004558713,-773.27747,-773.27747,-903.8628
1503,0.004560323,1751.9337,-732.3377,2246.7622
1504,0.004561973,3567.8042,3567.8042,2626.7625
1505,0.004563677,4845.062,4845.062,5450.6997
1506,0.004565362,5736.005,4889.4863,5736.005
1507,0.004567059,6413.2324,6413.2324,6640.489
1508,0.004568739,6724.3706,6724.3706,8713.224
1509,0.004570405,6469.71,4900.0176,8155.387
1510,0.004572057,5458.5806,5458.5806,5437.216
1511,0.004573657,3567.8562,3567.8562,3567.8562
1512,0.004575255,705.72406,4538.829,869.02014
1513,0.004576823,-2710.785,-2710.785,-2433.8628
1514,0.004578382,-6274.8105,-6274.8105,-6240.0117
1515,0.004579949,-9595.778,-5526.904,-10521.449
1516,0.004581548,-12267.887,-12267.887,-12267.887
1517,0.004583105,-13833.021,-13833.021,-10857.824
1518,0.004584622,-14406.986,-9159.138,-13555.066
1519,0.004586094,-14181.585,-14181.585,-16227.598
1520,0.004587543,-13315.009,-13315.009,-15136.59
1521,0.004588989,-11917.605,-15419.572,-11917.605
1522,0.004590455,-10061.07,-10061.07,-9914.262
1523,0.004591972,-7769.748,-7769.748,-5782.808
1524,0.004593578,-5039.683,-4689.943,-6235.199
1525,0.004595167,-2140.65,-2140.65,-2255.0269
1526,0.004596663,668.8795,668.8795,668.8795
1527,0.004598118,3382.857,1385.3568,-824.20654
1528,0.004599558,5950.0005,5950.0005,3552.1375
1529,0.004601007,8310.23,8310.23,8546.872
1530,0.004602456,10343.021,7386.0693,9657.091
1531,0.004603932,11969.451,11969.451,11969.451
1532,0.004605454,13081.573,13081.573,18707.764
1533,0.004606998,13604.265,9867.062,17315.436
1534,0.00460857,13510.207,13510.207,16120.006
1535,0.004610141,12785.279,12785.279,14027.724
1536,0.004611729,11411.833,15676.635,11411.833
1537,0.004613354,9403.314,9403.314,10731.716
1538,0.004614996,7077.0684,7077.0684,8873.442
1539,0.004616675,4797.784,5242.404,7988.4575
1540,0.004618317,3066.097,3066.097,3757.5125
1541,0.004619959,2221.9575,2221.9575,2221.9575
1542,0.004621609,2501.0923,1875.1544,-1132.6987
1543,0.00462323,3473.6062,3473.6062,1503.2311
1544,0.004624861,4591.9604,4591.9604,1679.6062
1545,0.004626502,5294.221,5355.4434,3120.0203
1546,0.004628115,5020.122,5020.122,5020.122
1547,0.004629722,3427.4016,3427.4016,4816.036
1548,0.004631321,854.57556,3268.5046,1661.317
1549,0.004632914,-2204.0327,-2204.0327,-1071.5894
1550,0.00463452,-5298.659,-5298.659,-3765.3005
1551,0.0046361,-7876.285,-5081.866,-7876.285
1552,0.004637637,-9591.851,-9591.851,-10770.246
1553,0.004639136,-10582.3,-10582.3,-11201.934
1554,0.004640633,-11064.822,-8160.4585,-12074.012
1555,0.004642162,-11206.198,-11206.198,-11862.206
1556,0.00464372,-11165.145,-11165.145,-11165.145
1557,0.004645246,-11112.447,-12240.136,-9186.426
1558,0.004646767,-11178.112,-11178.112,-9764.363
1559,0.004648326,-11493.701,-11493.701,-11054.73
1560,0.004649917,-12208.087,-10415.419,-14378.012
1561,0.00465154,-13486.832,-13486.832,-13486.832
1562,0.004653168,-15341.826,-15341.826,-14091.872
1563,0.004654759,-17220.14,-11964.778,-13661.27
1564,0.004656295,-18528.7,-18528.7,-14217.277
1565,0.004657847,-18791.209,-18791.209,-15385.911
1566,0.004659437,-17376.121,-20018.611,-17376.121
1567,0.004661054,-13847.377,-13847.377,-16295.746
1568,0.004662692,-8866.58,-8866.58,-10613.262
1569,0.004664328,-3504.3655,-6113.9175,-8787.223
1570,0.004665962,1211.5901,1211.5901,-620.51904
1571,0.004667561,4222.5903,4222.5903,4222.5903
1572,0.004669135,4976.7876,3393.987,-422.3315
1573,0.004670683,4042.8008,4042.8008,270.32477
1574,0.004672223,2185.2827,2185.2827,256.67633
1575,0.004673795,75.076485,1652.479,-1856.7925
1576,0.004675376,-1505.0347,-1505.0347,-1505.0347
1577,0.004676956,-1956.5619,-1956.5619,-2156.4878
1578,0.004678548,-1424.1858,-1246.6449,703.72327
1579,0.004680145,-237.37244,-237.37244,-2383.4019
1580,0.004681764,1279.638,1279.638,-1097.6831
1581,0.004683399,2767.8796,1629.4012,2767.8796
1582,0.00468505,3944.3406,3944.3406,9395.052
1583,0.004686634,4846.8574,4846.8574,9112.466
1584,0.004688178,5669.848,3657.8296,7332.4893
1585,0.004689761,6613.5566,6613.5566,7880.4893
1586,0.004691375,7845.7466,7845.7466,7845.7466
1587,0.004692934,9391.263,8476.616,13283.591
1588,0.004694491,11123.469,11123.469,16179.178
1589,0.004696049,12822.078,12822.078,20448.67
1590,0.004697604,14260.12,12218.227,16596.146
1591,0.004699206,15237.911,15237.911,15237.911
1592,0.004700794,15503.409,15503.409,14307.412
1593,0.004702352,15034.985,11025.547,13620.373
1594,0.004703914,13829.779,13829.779,12665.966
1595,0.004705483,11866.81,11866.81,14111.747
1596,0.004707059,9124.958,12726.694,9124.958
1597,0.004708629,5684.2886,5684.2886,2917.9734
1598,0.004710179,1920.0156,1920.0156,432.10605
1599,0.004711708,-1770.0249,1408.2229,-225.1362
1600,0.004713235,-5058.116,-5058.116,-4926.1836
1601,0.00471478,-7600.9883,-7600.9883,-7600.9883
1602,0.004716316,-9085.639,-7133.724,-5274.5815
1603,0.004717827,-9734.496,-9734.496,-10315.34
1604,0.00471934,-9892.885,-9892.885,-12153.676
1605,0.004720834,-9873.539,-8777.793,-6779.09
1606,0.004722316,-9980.965,-9980.965,-9980.965
1607,0.004723823,-10420.401,-10420.401,-15037.043
1608,0.004725382,-10998.763,-8918.619,-17783.05
1609,0.004726952,-11358.911,-11358.911,-16872.871
1610,0.004728523,-11140.101,-11140.101,-13037.996
1611,0.004730102,-9976.105,-11909.173,-9976.105
1612,0.004731691,-7642.0234,-7642.0234,-7062.051
1613,0.004733277,-4572.792,-4572.792,145.68414
1614,0.004734861,-1349.3677,-4022.6538,8377.356
1615,0.004736442,1449.0505,1449.0505,7600.8564
1616,0.004738019,3250.8718,3250.8718,3250.8718
1617,0.004739605,3667.54,3517.6262,-2598.23
1618,0.004741131,3035.9966,3035.9966,-5087.136
1619,0.004742648,1841.6356,1841.6356,-7379.3164
1620,0.004744217,468.8381,1963.953,-4264.9175
1621,0.00474584,-599.34717,-599.34717,-599.34717
1622,0.004747452,-935.16437,-935.16437,-2377.2456
1623,0.004749042,-745.5726,-1202.4402,-2542.3394
1624,0.004750645,-358.30862,-358.30862,-1869.3394
1625,0.004752212,-104.25455,-104.25455,-3793.2144
1626,0.004753749,-273.67523,-632.74396,-273.67523
1627,0.004755258,-1020.6664,-1020.6664,545.067
1628,0.004756741,-2074.0518,-2074.0518,-5681.183
1629,0.004758262,-3127.7312,-2090.5322,-6141.761
1630,0.004759807,-3798.9001,-3798.9001,-4623.691
1631,0.004761368,-3681.769,-3681.769,-3681.769
1632,0.004762958,-2476.321,-2888.92,2546.7
1633,0.004764555,-456.16586,-456.16586,5948.8564
1634,0.004766147,1931.0708,1931.0708,3363.1218
1635,0.004767696,4199.3594,3608.5842,3197.3953
1636,0.004769222,5989.731,5989.731,5989.731
1637,0.004770739,7041.985,7041.985,7349.137
1638,0.004772288,7439.139,6405.833,7336.716
1639,0.004773881,7308.5737,7308.5737,2310.95
1640,0.004775483,6808.096,6808.096,5236.669
1641,0.004777067,6130.028,6666.1724,6130.028
1642,0.00477865,5416.2783,5416.2783,8072.747
1643,0.004780219,4684.9526,4684.9526,8621.341
1644,0.004781764,3921.139,2211.0547,4057.1921
1645,0.004783308,3094.434,3094.434,-612.19867
1646,0.004784826,2200.5125,2200.5125,2200.5125
1647,0.00478633,1250.2888,2734.7456,5849.497
1648,0.004787812,396.42377,396.42377,4607.5127
1649,0.004789317,-206.02776,-206.02776,5397.934
1650,0.004790898,-351.95892,255.91824,336.8482
1651,0.004792586,279.00446,279.00446,279.00446
1652,0.004794288,1830.0975,1830.0975,5029.7393
1653,0.004795983,3733.486,1974.0176,5346.294
1654,0.004797679,5279.9033,5279.9033,5126.786
1655,0.004799322,5761.0073,5761.0073,8167.458
1656,0.004800946,4609.012,6054.1875,4609.012
1657,0.004802578,1463.937,1463.937,-1215.1987
1658,0.00480422,-2942.89,-2942.89,-2425.9722
1659,0.004805787,-7341.787,-2950.2786,-6872.84
1660,0.004807298,-10888.643,-10888.643,-13894.191
1661,0.004808814,-12922.621,-12922.621,-12922.621
1662,0.004810367,-12812.617,-13421.77,-12271.341
1663,0.004811973,-10795.377,-10795.377,-12318.043
1664,0.004813604,-7505.7397,-7505.7397,-7780.2383
1665,0.004815197,-3811.251,-5960.444,-1796.4487
1666,0.004816776,-383.4487,-383.4487,-383.4487
1667,0.00481837,2286.9412,2286.9412,-826.5503
1668,0.004819983,4232.275,1989.3213,517.37164
1669,0.004821605,5628.859,5628.859,4983.2705
1670,0.004823233,6677.699,6677.699,7904.6064
1671,0.004824838,7572.5674,7323.205,7572.5674
1672,0.00482646,8474.471,8474.471,8500.38
1673,0.004828085,9230.87,9230.87,7717.966
1674,0.004829665,9620.158,6773.8203,4703.4263
1675,0.00483124,9469.403,9469.403,9425.114
1676,0.004832827,8573.888,8573.888,8573.888
1677,0.004834437,6803.894,7841.1743,2839.9028
1678,0.004836041,4501.3613,4501.3613,-95.097115
1679,0.004837655,2074.9253,2074.9253,2566.8718
1680,0.004839294,-53.746323,1064.2389,3754.5515
1681,0.004840861,-1354.1909,-1354.1909,-1354.1909
1682,0.004842362,-1668.0125,-1668.0125,-2130.777
1683,0.004843842,-1307.1041,-1250.4104,-1133.6128
1684,0.004845347,-603.0475,-603.0475,-667.28467
1685,0.004846887,105.40264,105.40264,3964.8171
1686,0.004848517,427.89508,256.0063,427.89508
1687,0.004850176,-10.547781,-10.547781,-2725.2222
1688,0.004851819,-997.51154,-997.51154,-6341.676
1689,0.004853436,-2176.032,-701.40424,-8304.254
1690,0.004855065,-3242.2039,-3242.2039,-6085.879
1691,0.004856692,-3857.3083,-3857.3083,-3857.3083
1692,0.004858348,-3778.3103,-3250.642,-3667.5662
1693,0.004860038,-3106.031,-3106.031,-1359.9331
1694,0.004861706,-2094.4844,-2094.4844,-433.394
1695,0.00486335,-990.0201,-2150.7654,557.0904
1696,0.004864926,-41.31587,-41.31587,-41.31587
1697,0.004866478,617.60736,617.60736,1673.6998
1698,0.004868015,942.5669,783.873,2171.778
1699,0.004869554,909.87384,909.87384,-1831.6364
1700,0.004871118,477.25464,477.25464,-2380.066
1701,0.004872703,-405.5034,505.394,-405.5034
1702,0.004874319,-1736.2273,-1736.2273,93.17632
1703,0.004875956,-3231.3022,-3231.3022,-2015.0737
1704,0.004877611,-4518.7285,-1932.6348,-1792.9175
1705,0.004879281,-5203.5063,-5203.5063,-4054.8628
1706,0.004880951,-4880.9487,-4880.9487,-4880.9487
1707,0.004882622,-3330.4475,-3692.5388,-4870.715
1708,0.004884304,-1005.14777,-1005.14777,-7314.379
1709,0.004886001,1454.2852,1454.2852,-4965.3315
1710,0.004887688,3348.9663,2327.1755,1197.2701
1711,0.004889384,4032.3875,4032.3875,4032.3875
1712,0.004891084,3045.1099,3045.1099,2795.7312
1713,0.004892767,881.05914,1461.8148,2828.3013
1714,0.004894412,-1720.3297,-1720.3297,-3074.0115
1715,0.004895987,-4069.9175,-4069.9175,-216.76901
1716,0.00489755,-5707.09,-4952.808,-5707.09
1717,0.004899101,-6261.7153,-6261.7153,-8037.1753
1718,0.004900649,-5981.601,-5981.601,-11633.238
1719,0.004902232,-5231.326,-3929.7117,-7986.871
1720,0.004903812,-4418.07,-4418.07,-4894.652
1721,0.004905378,-3947.6052,-3947.6052,-3947.6052
1722,0.004906996,-4068.5166,-3764.0283,-1762.73
1723,0.004908689,-4430.778,-4430.778,1069.153
1724,0.004910362,-4417.61,-4417.61,-80.394
1725,0.004911976,-3482.9353,-4658.0933,1028.4889
1726,0.004913588,-1093.8081,-1093.8081,-1093.8081
1727,0.004915198,3011.1604,3011.1604,839.817
1728,0.004916802,7974.412,3173.5254,2233.661
1729,0.004918434,12777.238,12777.238,1904.8951
1730,0.004920105,16228.127,16228.127,13510.6455
1731,0.004921768,16960.504,17850.23,16960.504
1732,0.004923428,14257.502,14257.502,5369.552
1733,0.004925114,9229.243,9229.243,-238.144
1734,0.00492674,3835.369,5428.113,-548.6753
1735,0.004928311,-386.60724,-386.60724,-5234.8394
1736,0.004929858,-2196.7534,-2196.7534,-2196.7534
1737,0.004931406,-776.5671,-2725.112,-6892.91
1738,0.004932984,2994.867,2994.867,-2237.5269
1739,0.004934608,7738.459,7738.459,2958.8716
1740,0.00493624,11735.699,7873.9136,7489.2627
1741,0.004937855,13290.154,13290.154,13290.154
1742,0.004939489,11276.69,11276.69,9002.442
1743,0.004941159,6402.3027,10934.029,8403.0205
1744,0.004942856,36.359222,36.359222,2828.0513
1745,0.004944536,-6161.5464,-6161.5464,-6972.59
1746,0.00494623,-10780.613,-6680.36,-10780.613
1747,0.004947888,-12617.972,-12617.972,-11704.598
1748,0.0049495,-12257.664,-12257.664,-13500.223
1749,0.004951123,-10511.353,-9105.14,-12903.277
1750,0.00495277,-8092.389,-8092.389,-5913.7144
1751,0.004954442,-5775.8394,-5775.8394,-5775.8394
1752,0.004956122,-4230.3203,-6604.529,-3960.2302
1753,0.004957753,-3391.3523,-3391.3523,-5378.6284
1754,0.004959376,-2946.5547,-2946.5547,-10038.293
1755,0.004960994,-2638.6055,-2956.246,-4165.324
1756,0.004962636,-2206.7456,-2206.7456,-2206.7456
1757,0.00496431,-1426.9524,-1426.9524,-1254.7457
1758,0.004965957,-319.88864,-748.2618,2283.4497
1759,0.004967554,1032.206,1032.206,4684.481
1760,0.004969147,2612.5032,2612.5032,5580.177
1761,0.004970748,4392.192,2300.0938,4392.192
1762,0.004972352,6295.0522,6295.0522,7961.45
1763,0.004973942,8107.079,8107.079,8719.927
1764,0.004975496,9594.341,5440.7847,12040.692
1765,0.004977042,10589.883,10589.883,10374.192
1766,0.004978629,10896.333,10896.333,10896.333
1767,0.004980245,10328.469,10904.895,9860.349
1768,0.004981843,9107.503,9107.503,9530.864
1769,0.004983461,7508.7876,7508.7876,9441.294
1770,0.004985088,5844.216,7234.718,9598.0205
1771,0.004986703,4444.739,4444.739,4444.739
1772,0.004988303,3534.4204,3534.4204,-2232.2222
1773,0.0049899,3023.1147,1904.8329,-4685.4956
1774,0.004991484,2759.885,2759.885,-2124.7065
1775,0.004993049,2594.5017,2594.5017,3918.8015
1776,0.004994611,2381.739,2188.3865,2381.739
1777,0.004996203,2014.3103,2014.3103,-1677.4331
1778,0.004997843,1554.0253,1554.0253,-1345.3472
1779,0.004999502,1132.5956,1386.6182,-3656.2456
1780,0.005001175,885.7974,885.7974,864.0436
1781,0.005002829,949.5435,949.5435,949.5435
1782,0.005004426,1372.0251,1583.9999,2920.2312
1783,0.005006005,1998.1299,1998.1299,8950.755
1784,0.005007571,2636.2996,2636.2996,3911.0515
1785,0.005009143,3107.4207,2696.3848,1602.2389
1786,0.005010718,3221.661,3221.661,3221.661
1787,0.005012301,2859.931,2859.931,2066.0513
1788,0.005013893,2195.8054,2212.9482,-4458.222
1789,0.005015527,1470.8555,1470.8555,793.51227
1790,0.005017162,978.1887,978.1887,3089.3328
1791,0.005018732,983.46545,1505.8656,983.46545
1792,0.005020258,1590.8611,1590.8611,4027.0906
1793,0.005021771,2586.209,2586.209,9821.247
1794,0.005023326,3727.058,2627.7207,8110.177
1795,0.00502494,4720.6704,4720.6704,4359.1846
1796,0.005026547,5190.0283,5190.0283,5190.0283
1797,0.005028177,4898.55,6483.2725,6710.0596
1798,0.005029764,4026.2903,4026.2903,6258.059
1799,0.005031391,2785.764,2785.764,4243.747
1800,0.005033031,1443.8341,2221.08,3073.7546
1801,0.005034647,291.82477,291.82477,291.82477
1802,0.005036258,-500.16266,-500.16266,-2679.535
1803,0.005037893,-1028.4083,-839.5511,-3093.4097
1804,0.00503954,-1442.0125,-1442.0125,-593.36273
1805,0.005041137,-1884.4066,-1884.4066,1909.942
1806,0.005042745,-2524.2534,-2807.598,-2524.2534
1807,0.005044367,-3452.7083,-3452.7083,-6608.511
1808,0.005045954,-4452.9927,-4452.9927,-12720.512
1809,0.005047523,-5290.372,-3580.7986,-11097.449
1810,0.005049089,-5739.862,-5739.862,-6381.9644
1811,0.005050667,-5564.3706,-5564.3706,-5564.3706
1812,0.005052261,-4584.305,-4636.2827,-6249.043
1813,0.005053855,-2958.1926,-2958.1926,-8300.573
1814,0.005055475,-892.85785,-892.85785,-5757.215
1815,0.005057016,1227.2544,-298.28235,-102.52681
1816,0.005058533,3246.3716,3246.3716,3246.3716
1817,0.005060067,5030.083,5030.083,5832.3325
1818,0.005061648,6499.5415,3435.6782,9576.747
1819,0.005063194,7503.0713,7503.0713,12111.513
1820,0.00506477,8011.7812,8011.7812,7149.3486
1821,0.005066378,7919.0674,8580.557,7919.0674
1822,0.005067965,7179.1826,7179.1826,6851.661
1823,0.005069541,5899.676,5899.676,620.0748
1824,0.005071127,4191.1816,3732.409,-1382.0269
1825,0.005072728,2168.0842,2168.0842,-1444.3082
1826,0.005074318,-8.464302,-8.464302,-8.464302
1827,0.005075862,-2164.7566,531.58356,-1507.0504
1828,0.00507737,-4223.4355,-4223.4355,-1155.7534
1829,0.005078875,-6151.612,-6151.612,-324.15964
1830,0.005080396,-7891.4316,-5866.233,-6021.1206
1831,0.005081959,-9375.168,-9375.168,-9375.168
1832,0.005083585,-10499.28,-10499.28,-9961.074
1833,0.005085185,-11102.172,-8299.816,-10582.199
1834,0.005086778,-11123.313,-11123.313,-13131.02
1835,0.005088385,-10475.389,-10475.389,-10192.191
1836,0.005090001,-9060.863,-10482.993,-9060.863
1837,0.005091609,-6872.714,-6872.714,-8155.0195
1838,0.005093204,-4163.716,-4163.716,-2050.019
1839,0.005094836,-1141.0377,-3397.4792,164.36383
1840,0.005096525,1924.8159,1924.8159,367.0357
1841,0.005098176,4532.6763,4532.6763,4532.6763
1842,0.005099795,6434.7334,4585.64,4823.8486
1843,0.005101394,7533.5254,7533.5254,5282.723
1844,0.005102977,7751.2725,7751.2725,6159.1216
1845,0.005104555,7001.977,8469.328,6771.575
1846,0.00510609,5248.3247,5248.3247,5248.3247
1847,0.005107553,2628.9895,2628.9895,721.07477
1848,0.005109025,-612.3902,1420.255,-2026.9254
1849,0.00511051,-4080.2615,-4080.2615,-4608.2617
1850,0.005112036,-7407.3022,-7407.3022,-7782.7534
1851,0.00511358,-10064.535,-8868.332,-10064.535
1852,0.005115128,-11628.163,-11628.163,-8629.214
1853,0.005116658,-12069.561,-12069.561,-11173.434
1854,0.005118149,-11508.3125,-8169.987,-12324.801
1855,0.005119606,-10074.848,-10074.848,-9800.598
1856,0.00512108,-7794.4336,-7794.4336,-7794.4336
1857,0.00512261,-4676.8057,-6380.606,-280.3237
1858,0.005124227,-1002.9438,-1002.9438,-353.5659
1859,0.005125853,2525.0762,2525.0762,-45.526806
1860,0.005127468,5299.428,2718.5715,4434.427
1861,0.005129052,6771.005,6771.005,6771.005
1862,0.00513061,6674.3164,6674.3164,3336.1765
1863,0.0051322,5408.821,5243.8345,4689.88
1864,0.005133844,3508.9822,3508.9822,1502.0436
1865,0.005135506,1661.4531,1661.4531,58.988827
1866,0.005137132,595.77014,2029.1135,595.77014
1867,0.005138743,698.47455,698.47455,-1521.1675
1868,0.005140368,1527.5914,1527.5914,-3631.7534
1869,0.005142048,2442.538,1887.0507,-2699.5193
1870,0.005143613,2705.9143,2705.9143,-368.09714
1871,0.005145096,1876.7155,1876.7155,1876.7155
1872,0.005146613,-372.62143,1328.0288,-227.72212
1873,0.00514822,-3652.711,-3652.711,-5583.918
1874,0.005149876,-7010.7866,-7010.7866,-8980.949
1875,0.005151534,-9316.397,-8143.8335,-10096.691
1876,0.005153185,-9524.41,-9524.41,-9524.41
1877,0.00515479,-7095.4546,-7095.4546,-3840.652
1878,0.005156356,-2975.7805,-4811.8867,2055.9497
1879,0.00515789,1706.9797,1706.9797,4278.1533
1880,0.005159442,6072.5527,6072.5527,7703.3403
1881,0.005161042,9095.122,6712.847,9095.122
1882,0.005162637,9849.42,9849.42,2452.5278
1883,0.005164243,8951.782,8951.782,4561.1064
1884,0.005165853,7365.192,6249.9263,7755.294
1885,0.005167398,6111.341,6111.341,6683.981
1886,0.005168903,5986.5044,5986.5044,5986.5044
1887,0.005170424,7505.5005,6497.8604,6787.6143
1888,0.005171978,10151.016,10151.016,8486.747
1889,0.005173605,13100.96,13100.96,6893.505
1890,0.005175132,15101.524,14507.383,13113.053
1891,0.005176569,15497.967,15497.967,15497.967
1892,0.005177996,13968.599,13968.599,13935.084
1893,0.005179489,10862.126,11145.204,8845.583
1894,0.005181039,6904.665,6904.665,1855.6608
1895,0.005182544,3238.1843,3238.1843,2051.1921
1896,0.005184089,577.33264,3565.409,577.33264
1897,0.00518568,-296.82455,-296.82455,1920.0592
1898,0.005187222,273.244,273.244,1792.5045
1899,0.005188693,1528.6067,13.814293,1618.0201
1900,0.005190121,2881.4653,2881.4653,9032.099
1901,0.005191545,3855.653,3855.653,3855.653
1902,0.005193028,4050.3347,4044.8047,5110.0205
1903,0.005194597,3377.7114,3377.7114,5556.958
1904,0.005196272,1845.0416,1845.0416,713.8561
1905,0.005197914,-285.0273,2594.2263,-4902.144
1906,0.005199518,-2783.8472,-2783.8472,-2783.8472
1907,0.005201086,-5441.929,-5441.929,-6877.215
1908,0.005202678,-8116.071,-3778.819,-10571.973
1909,0.00520432,-10574.471,-10574.471,-14160.685
1910,0.00520594,-12426.305,-12426.305,-14451.551
1911,0.00520752,-13420.785,-15311.171,-13420.785
1912,0.005209128,-13432.688,-13432.688,-9324.113
1913,0.00521075,-12594.953,-12594.953,-14656.887
1914,0.005212336,-11202.035,-11417.819,-12508.043
1915,0.005213921,-9490.399,-9490.399,-9578.628
1916,0.005215478,-7735.277,-7735.277,-7735.277
1917,0.005217003,-6138.3066,-6589.427,-5458.613
1918,0.005218527,-4721.657,-4721.657,-4912.9565
1919,0.005220043,-3515.2295,-3515.2295,-2182.4644
1920,0.005221566,-2531.9631,-4629.753,-685.9799
1921,0.005223073,-1809.3315,-1809.3315,-1809.3315
1922,0.005224588,-1339.2578,-1339.2578,-259.3862
1923,0.005226097,-1055.5052,-1612.0475,4066.0437
1924,0.005227505,-877.4415,-877.4415,8053.3564
1925,0.005228942,-704.4362,-704.4362,7349.2236
1926,0.005230482,-441.2065,-684.2825,-441.2065
1927,0.005232045,-39.50855,-39.50855,-6000.754
1928,0.005233625,382.69107,382.69107,-4067.6365
1929,0.005235209,654.044,814.30194,1601.7701
1930,0.005236769,608.1204,608.1204,2864.3875
1931,0.005238314,96.629456,96.629456,96.629456
1932,0.005239858,-976.541,620.349,6049.802
1933,0.005241381,-2452.395,-2452.395,4633.333
1934,0.005242915,-4166.8164,-4166.8164,761.31696
1935,0.005244484,-5957.5786,-3454.7397,-4165.1597
1936,0.005246049,-7578.582,-7578.582,-7578.582
1937,0.005247668,-8894.224,-8894.224,-9997.59
1938,0.005249329,-9781.456,-5652.5244,-9672.363
1939,0.005251,-10147.206,-10147.206,-14802.238
1940,0.005252668,-9930.644,-9930.644,-10931.473
1941,0.005254282,-9116.363,-11511.531,-9116.363
1942,0.005255901,-7708.365,-7708.365,-10092.301
1943,0.005257524,-5937.245,-5937.245,-4536.3237
1944,0.005259075,-4177.2397,-4393.5835,709.80133
1945,0.005260604,-2630.1934,-2630.1934,-683.95654
1946,0.00526216,-1501.1832,-1501.1832,-1501.1832
1947,0.005263743,-1002.5985,-1875.6351,1351.2623
1948,0.005265328,-1053.1116,-1053.1116,-1758.73
1949,0.005266918,-1473.3842,-1473.3842,-2635.316
1950,0.005268533,-2090.2449,-1739.8785,-588.9565
1951,0.005270171,-2714.769,-2714.769,-2714.769
1952,0.005271863,-3167.8552,-3167.8552,-4838.0347
1953,0.005273571,-3313.5288,-3234.8286,-5810.629
1954,0.005275248,-3060.269,-3060.269,-2851.5269
1955,0.005276825,-2382.9463,-2382.9463,-4533.027
1956,0.00527837,-1232.9956,-2410.388,-1232.9956
1957,0.005279914,409.36542,409.36542,1061.0748
1958,0.005281503,2379.4053,2379.4053,5758.7
1959,0.005283157,4405.0693,2123.3633,7094.1997
1960,0.005284865,6108.697,6108.697,6688.997
1961,0.005286535,7032.1846,7032.1846,7032.1846
1962,0.005288159,7010.752,7506.125,4462.716
1963,0.005289774,6381.7856,6381.7856,5181.1216
1964,0.005291344,5583.0244,5583.0244,5765.247
1965,0.005292897,4987.304,5707.0386,2504.395
1966,0.005294458,4955.973,4955.973,4955.973
1967,0.005296048,5740.5933,5740.5933,5082.637
1968,0.005297657,6988.091,4394.7285,7604.1216
1969,0.005299265,8144.6475,8144.6475,12175.294
1970,0.00530087,8663.224,8663.224,12736.63
1971,0.005302492,7986.317,8471.061,7986.317
1972,0.00530411,5772.5894,5772.5894,8397.083
1973,0.005305787,2448.6875,2448.6875,6368.052
1974,0.005307414,-971.90576,2841.056,6756.5435
1975,0.005308982,-3707.6958,-3707.6958,1105.5123
1976,0.005310524,-5169.5815,-5169.5815,-5169.5815
1977,0.005312047,-4977.664,-3949.3225,-2682.7925
1978,0.005313569,-3607.5237,-3607.5237,-3345.3552
1979,0.005315045,-1782.5126,-1782.5126,-62.862743
1980,0.005316492,-109.93433,-1904.9923,2414.2622
1981,0.005317976,883.02014,883.02014,883.02014
1982,0.005319537,682.16736,682.16736,1314.0592
1983,0.00532111,-440.99094,55.116653,-4417.48
1984,0.00532265,-1872.4515,-1872.4515,-872.0112
1985,0.005324167,-3063.556,-3063.556,-1250.4253
1986,0.005325713,-3505.6365,-3049.9429,-3505.6365
1987,0.005327304,-2751.173,-2751.173,-5521.9097
1988,0.005328947,-1043.5295,-1043.5295,-4645.269
1989,0.005330575,1020.219,315.98303,-4674.761
1990,0.005332194,2884.6008,2884.6008,-688.58154
1991,0.005333807,4008.778,4008.778,4008.778
1992,0.005335407,3989.683,3381.097,11106.497
1993,0.005336956,2982.3792,2982.3792,10468.872
1994,0.005338477,1241.9652,1241.9652,576.47327
1995,0.005339988,-1036.214,-106.74841,-2800.1128
1996,0.005341501,-3679.6833,-3679.6833,-3679.6833
1997,0.005343045,-6543.0977,-6543.0977,-7002.84
1998,0.005344629,-9370.856,-5196.91,-12269.918
1999,0.005346253,-11832.769,-11832.769,-11090.98
2000,0.00534784,-13493.324,-13493.324,-11808.395
2001,0.005349405,-14103.23,-14167.692,-14103.23
2002,0.005350973,-13477.384,-13477.384,-14333.09
2003,0.005352573,-11707.003,-11707.003,-15347.34
2004,0.005354206,-8969.358,-9375.117,-15784.816
2005,0.005355848,-5525.1475,-5525.1475,-10956.652
2006,0.005357467,-1703.1675,-1703.1675,-1703.1675
2007,0.005359078,2261.3452,-2091.5557,-993.75336
2008,0.005360729,6179.8076,6179.8076,2980.4968
2009,0.005362354,9574.686,9574.686,8416.45
2010,0.005363955,12162.403,8942.096,11326.661
2011,0.005365525,13677.49,13677.49,13677.49
2012,0.005367088,13967.785,13967.785,12251.216
2013,0.005368622,13146.834,9106.332,13072.45
2014,0.005370151,11381.405,11381.405,11884.536
2015,0.005371648,8873.141,8873.141,6543.2314
2016,0.005373143,5731.716,10584.187,5731.716
2017,0.005374634,2144.8274,2144.8274,5944.7393
2018,0.005376133,-1543.3926,-1543.3926,-1285.605
2019,0.005377662,-4949.607,-778.92505,-6251.16
2020,0.005379206,-7567.746,-7567.746,-6330.41
2021,0.005380757,-8899.176,-8899.176,-8899.176
2022,0.0053823,-8642.927,-8755.616,-6989.6836
2023,0.005383837,-7237.1587,-7237.1587,-3264.066
2024,0.005385408,-5229.2686,-5229.2686,-2465.183
2025,0.005387024,-3221.109,-4600.761,-3116.4956
2026,0.005388655,-1944.8784,-1944.8784,-1944.8784
2027,0.005390317,-1940.0533,-1940.0533,-769.7221
2028,0.00539196,-2930.0789,-902.8492,-4912.6987
2029,0.005393568,-4387.374,-4387.374,457.48883
2030,0.005395135,-5834.255,-5834.255,2866.9656
2031,0.0053967,-6881.066,-5160.137,-6881.066
2032,0.005398269,-7205.375,-7205.375,-14325.324
2033,0.005399853,-6858.0483,-6858.0483,-11839.957
2034,0.005401479,-5965.2793,-5833.9946,-10220.41
2035,0.005403112,-4696.4453,-4696.4453,-6402.996
2036,0.00540476,-3217.4568,-3217.4568,-3217.4568
2037,0.005406399,-1724.4773,-2359.3972,1552.692
2038,0.005407933,-449.39453,-449.39453,2181.614
2039,0.005409463,574.2743,574.2743,5982.677
2040,0.005411018,1229.7981,870.20856,3151.403
2041,0.005412572,1364.778,1364.778,1364.778
2042,0.005414158,898.037,898.037,2261.1528
2043,0.005415779,7.031901,-113.70631,-744.5034
2044,0.005417452,-1039.4679,-1039.4679,7103.3174
2045,0.005419118,-1889.675,-1889.675,2943.4656
2046,0.005420648,-2225.6284,-2534.1257,-2225.6284
2047,0.005422129,-1973.6332,-1973.6332,-1501.7378
2048,0.005423614,-1276.0818,-1276.0818,-2201.6206
2049,0.005425133,-307.766,-1075.3141,-3914.9956
2050,0.005426741,764.512,764.512,-1106.6675
2051,0.005428365,1645.6295,1645.6295,1645.6295
2052,0.00542998,2121.8193,1689.1528,2399.2156
2053,0.005431598,2226.3257,2226.3257,3753.0828
2054,0.005433243,2037.4043,2037.4043,2248.0203
2055,0.005434938,1624.822,1876.1404,5349.958
2056,0.005436677,1072.5905,1072.5905,1072.5905
2057,0.005438411,494.9521,494.9521,6008.387
2058,0.005440084,7.209146,222.46573,5637.9575
2059,0.005441729,-316.79675,-316.79675,3573.9656
2060,0.005443344,-401.04608,-401.04608,3931.3875
2061,0.005444935,-177.66743,-940.3652,-177.66743
2062,0.005446516,366.93225,366.93225,3086.7234
2063,0.005448126,1041.0444,1041.0444,6369.927
2064,0.005449743,1564.6553,354.0442,87.69977
2065,0.005451353,1657.941,1657.941,-2059.027
2066,0.005452955,1054.6139,1054.6139,1054.6139
2067,0.005454531,-363.47232,902.98254,-1242.0581
2068,0.005456098,-2266.857,-2266.857,-4416.6284
2069,0.005457668,-4235.1943,-4235.1943,-7942.2456
2070,0.005459261,-5851.443,-3020.9382,-6002.16
2071,0.005460858,-6635.207,-6635.207,-6635.207
2072,0.005462448,-6250.3447,-6250.3447,-8669.706
2073,0.005464063,-4813.524,-4387.367,-1957.9097
2074,0.00546571,-2541.252,-2541.252,-2644.894
2075,0.005467298,154.94743,154.94743,5272.5825
2076,0.005468823,2969.6296,-104.343376,2969.6296
2077,0.005470361,5809.9307,5809.9307,5732.614
2078,0.005471912,8501.013,8501.013,9853.138
2079,0.005473447,10831.763,5692.397,10756.114
2080,0.005474986,12675.32,12675.32,15180.646
2081,0.005476516,13859.318,13859.318,13859.318
2082,0.005478011,14277.123,14816.821,13740.794
2083,0.005479514,14001.522,14001.522,10792.317
2084,0.005481054,13079.23,13079.23,8348.536
2085,0.005482635,11548.25,12353.773,11193.575
2086,0.005484264,9449.349,9449.349,9449.349
2087,0.005485956,6857.653,6857.653,10586.63
2088,0.005487668,4129.885,5618.3315,6368.0674
2089,0.005489287,1785.5541,1785.5541,1660.8795
2090,0.005490828,58.093826,58.093826,438.42636
2091,0.005492353,-898.4253,231.42087,-898.4253
2092,0.005493938,-921.293,-921.293,4179.7935
2093,0.005495565,-156.78954,-156.78954,6120.4106
2094,0.005497201,1057.1504,223.49692,2224.8328
2095,0.005498834,2350.801,2350.801,2672.2856
2096,0.005500479,3368.4265,3368.4265,3368.4265
2097,0.005502112,3810.2837,2683.625,708.7779
2098,0.005503714,3730.3796,3730.3796,1408.9264
2099,0.005505311,3257.822,3257.822,2910.7231
2100,0.005506918,2499.7703,3176.3853,1702.1373
2101,0.005508534,1566.7623,1566.7623,1566.7623
2102,0.005510161,562.6981,562.6981,-713.9331
2103,0.005511751,-411.39215,238.3876,1915.7936
2104,0.005513333,-1313.9807,-1313.9807,741.94196
2105,0.005514943,-2103.5208,-2103.5208,-1006.1128
2106,0.005516544,-2698.6052,-1820.746,-2698.6052
2107,0.005518161,-3071.7954,-3071.7954,-1650.0425
2108,0.005519716,-3280.2598,-3280.2598,-1455.8315
2109,0.005521228,-3424.911,-1867.6952,60.027885
2110,0.005522753,-3594.4558,-3594.4558,-3134.3706
2111,0.005524324,-3879.9724,-3879.9724,-3879.9724
2112,0.005525892,-4321.332,-4020.6726,-6022.699
2113,0.005527477,-4792.7803,-4792.7803,-6684.4644
2114,0.005529051,-5108.692,-5108.692,-7110.1597
2115,0.005530592,-5100.6587,-5208.362,-7135.0195
2116,0.005532158,-4598.9097,-4598.9097,-4598.9097
2117,0.005533766,-3446.8638,-3446.8638,18.73101
2118,0.005535373,-1776.1191,-2347.5996,2891.2234
2119,0.005536967,209.96819,209.96819,3257.6218
2120,0.005538536,2307.144,2307.144,5676.2
2121,0.005540087,4347.794,2502.2837,4347.794
2122,0.005541609,6164.5454,6164.5454,4740.223
2123,0.005543099,7652.322,7652.322,10185.981
2124,0.005544607,8761.33,4982.5596,10041.325
2125,0.005546173,9378.928,9378.928,12707.841
2126,0.005547749,9334.122,9334.122,9334.122
2127,0.005549281,8593.079,8966.695,7846.1455
2128,0.005550819,7330.482,7330.482,4587.45
2129,0.005552365,5770.4497,5770.4497,8009.302
2130,0.005553885,4179.3604,6222.689,6286.458
2131,0.005555436,2729.9421,2729.9421,2729.9421
2132,0.005557008,1600.9319,1600.9319,2681.661
2133,0.005558576,659.63336,1659.1962,2692.3406
2134,0.005560173,-352.79816,-352.79816,-1040.7222
2135,0.005561807,-1702.4459,-1702.4459,-1395.7925
2136,0.005563445,-3639.285,-1862.7404,-3639.285
2137,0.005565112,-6348.893,-6348.893,-4331.597
2138,0.005566721,-9287.901,-9287.901,-7187.1987
2139,0.005568304,-12005.568,-6988.4067,-8930.652
2140,0.005569872,-14063.757,-14063.757,-13354.395
2141,0.00557146,-15037.043,-15037.043,-15037.043
2142,0.005573082,-14555.6455,-15356.872,-15526.16
2143,0.005574737,-12885.384,-12885.384,-12034.621
2144,0.005576396,-10557.862,-10557.862,-9665.902
2145,0.005578079,-8089.7837,-10699.107,-8113.1367
2146,0.005579731,-6112.0273,-6112.0273,-6112.0273
2147,0.005581339,-4996.821,-4996.821,-2861.4722
2148,0.00558294,-4527.911,-3667.9429,-1968.8159
2149,0.00558453,-4415.1343,-4415.1343,-2543.48
2150,0.005586063,-4378.818,-4378.818,-2356.7144
2151,0.005587564,-4169.511,-5270.759,-4169.511
2152,0.005589084,-3604.4058,-3604.4058,-246.60493
2153,0.005590663,-2719.975,-2719.975,2912.4653
2154,0.005592202,-1709.0881,-2260.9304,1580.7311
2155,0.005593774,-671.9516,-671.9516,715.5514
2156,0.005595364,230.1451,230.1451,230.1451
2157,0.005596947,861.16974,135.95998,-226.5112
2158,0.005598534,1236.3529,1236.3529,-963.519
2159,0.005600104,1396.0665,1396.0665,1390.3717
2160,0.005601635,1389.2354,1124.361,819.4185
2161,0.005603168,1260.6295,1260.6295,1260.6295
2162,0.005604728,1043.7241,1043.7241,-1169.4722
2163,0.005606313,771.12415,216.42271,2455.2312
2164,0.005607887,484.20587,484.20587,2410.2466
2165,0.005609374,230.64162,230.64162,1173.1842
2166,0.005610826,28.895073,113.702675,28.895073
2167,0.005612265,-105.60897,-105.60897,1801.6921
2168,0.005613697,-182.86357,-182.86357,225.75446
2169,0.005615169,-219.33466,472.70642,-788.70654
2170,0.005616625,-228.50618,-228.50618,347.2232
2171,0.005618085,-226.83931,-226.83931,-226.83931
2172,0.005619604,-226.46634,-115.37651,1275.6373
2173,0.005621069,-224.14348,-224.14348,-490.8237
2174,0.005622519,-213.09581,-213.09581,561.27014
2175,0.005623959,-186.88588,-370.55096,-211.67525
2176,0.005625404,-138.71431,-138.71431,-138.71431
2177,0.0056269,-66.777626,-66.777626,-748.6284
2178,0.00562844,-4.078623,520.4679,-1039.0894
2179,0.005630008,2.0956912,2.0956912,-2255.4568
2180,0.005631612,-100.76227,-100.76227,-622.58936
2181,0.005633237,-368.97214,135.71257,-368.97214
2182,0.00563488,-816.701,-816.701,3321.0828
2183,0.005636514,-1270.6659,-1270.6659,-901.4331
2184,0.005638093,-1519.5499,-1968.5164,-3747.23
2185,0.005639676,-1388.8344,-1388.8344,-1884.8862
2186,0.005641272,-677.58154,-677.58154,-677.58154
2187,0.005642851,707.2555,-1314.1256,260.13727
2188,0.005644438,2553.8882,2553.8882,7577.1064
2189,0.005646068,4596.1577,4596.1577,6409.9736
2190,0.005647724,6475.1763,4233.5625,7339.427
2191,0.005649375,7799.38,7799.38,7799.38
2192,0.005650939,8314.742,8314.742,4601.1997
2193,0.005652466,8249.853,6815.222,2838.661
2194,0.005654004,7828.531,7828.531,3718.4265
2195,0.005655564,7252.7544,7252.7544,5282.989
2196,0.005657106,6751.7075,7845.7266,6751.7075
2197,0.005658669,6493.478,6493.478,11596.81
2198,0.005660272,6518.14,6518.14,6136.9966
2199,0.005661861,6820.818,5160.309,10847.716
2200,0.005663437,7383.6997,7383.6997,4662.2935
2201,0.005665007,8193.786,8193.786,8193.786
2202,0.005666592,9197.847,7522.7,6507.4893
2203,0.005668116,10072.895,10072.895,13814.427
2204,0.00566963,10549.218,10549.218,15413.693
2205,0.005671194,10311.925,9516.237,12900.888
2206,0.005672802,8952.067,8952.067,8952.067
2207,0.005674382,6320.633,6320.633,7806.6455
2208,0.005675994,2740.5908,5470.2886,5672.0283
2209,0.005677619,-1181.461,-1181.461,-962.3706
2210,0.005679253,-4825.847,-4825.847,-4971.8555
2211,0.005680845,-7495.7847,-5115.348,-7495.7847
2212,0.005682427,-8867.745,-8867.745,-5755.761
2213,0.005684006,-9165.68,-9165.68,-3969.3318
2214,0.005685615,-8736.128,-7693.559,-12653.871
2215,0.005687241,-7931.028,-7931.028,-11720.762
2216,0.005688891,-7129.886,-7129.886,-7129.886
2217,0.005690545,-6652.958,-6877.883,-5543.0977
2218,0.005692167,-6438.3022,-6438.3022,-5050.207
2219,0.005693756,-6323.022,-6323.022,-4156.1675
2220,0.005695357,-6155.469,-6242.6484,-4217.441
2221,0.00569696,-5789.2695,-5789.2695,-5789.2695
2222,0.005698586,-5124.1694,-5124.1694,-3690.988
2223,0.005700176,-4329.86,-3928.611,-4407.402
2224,0.005701735,-3602.3564,-3602.3564,-7291.519
2225,0.005703306,-3108.2842,-3108.2842,-8869.637
2226,0.005704909,-3046.1519,-3446.1184,-3046.1519
2227,0.005706558,-3569.173,-3569.173,1625.7155
2228,0.005708232,-4478.9194,-4478.9194,-2879.23
2229,0.005709947,-5468.708,-3933.7217,-4915.933
2230,0.005711616,-6158.305,-6158.305,-4891.246
2231,0.005713254,-6258.613,-6258.613,-6258.613
2232,0.005714887,-5579.7275,-5062.254,-170.17525
2233,0.005716507,-4304.256,-4304.256,750.1451
2234,0.005718107,-2708.1511,-2708.1511,3561.1062
2235,0.005719685,-1049.2218,-1791.8389,1119.1686
2236,0.005721235,431.05133,431.05133,431.05133
2237,0.005722776,1564.6982,1564.6982,-900.22217
2238,0.005724322,2305.5178,2123.6248,-3526.769
2239,0.005725892,2626.154,2626.154,-415.04245
2240,0.005727491,2479.1086,2479.1086,696.9498
2241,0.005729105,1818.5201,2741.5237,1818.5201
2242,0.005730683,692.4188,692.4188,11.301323
2243,0.005732243,-697.81683,-697.81683,-5107.23
2244,0.005733788,-2119.7012,-1060.6511,-4090.5972
2245,0.005735339,-3366.8381,-3366.8381,-3530.1206
2246,0.0057369,-4211.644,-4211.644,-4211.644
2247,0.005738448,-4478.856,-4715.075,-6290.3867
2248,0.00574,-4262.3325,-4262.3325,-6178.6445
2249,0.005741594,-3691.4475,-3691.4475,-3773.0972
2250,0.005743213,-2914.8079,-3201.2686,-1309.9019
2251,0.005744786,-2129.9565,-2129.9565,-2129.9565
2252,0.005746289,-1475.8202,-1475.8202,-2092.933
2253,0.00574778,-953.1229,-1489.4292,1629.0201
2254,0.005749278,-566.3818,-566.3818,4320.4263
2255,0.005750825,-325.1554,-325.1554,162.24664
2256,0.005752441,-258.78464,-105.2486,-258.78464
2257,0.005754037,-391.66492,-391.66492,749.39514
2258,0.00575562,-722.2895,-722.2895,-880.72217
2259,0.005757207,-1254.4673,209.59302,-2715.0193
2260,0.005758809,-1997.4905,-1997.4905,-2999.199
2261,0.005760434,-2964.4958,-2964.4958,-2964.4958
2262,0.005761985,-4052.5469,-3213.1262,-877.6909
2263,0.00576352,-5106.6226,-5106.6226,-4162.121
2264,0.00576511,-5944.7363,-5944.7363,-5358.1675
2265,0.005766766,-6288.88,-5930.192,-4532.3086
2266,0.005768451,-5810.6445,-5810.6445,-5810.6445
2267,0.005770132,-4359.2593,-4359.2593,-4725.472
2268,0.005771805,-2360.0928,-2536.5261,-3853.2144
2269,0.005773406,-434.45746,-434.45746,-1153.3784
2270,0.005774948,977.3643,977.3643,583.05133
2271,0.005776468,1521.2389,2062.8206,1521.2389
2272,0.005778004,940.77124,940.77124,2173.692
2273,0.005779572,-507.48996,-507.48996,1266.5592
2274,0.005781199,-2417.7466,-408.93887,4638.411
2275,0.005782838,-4228.867,-4228.867,2083.7312
2276,0.005784433,-5365.9253,-5365.9253,-5365.9253
2277,0.005786027,-5496.8174,-4843.9126,-2118.9177
2278,0.005787633,-4694.509,-4694.509,-1394.2222
2279,0.005789212,-3186.61,-3186.61,-2127.0737
2280,0.005790789,-1161.3816,-1925.1892,-1424.8706
2281,0.005792372,1200.9966,1200.9966,1200.9966
2282,0.005793965,3713.3557,3713.3557,3263.7468
2283,0.005795561,6154.393,3220.4922,4095.7156
2284,0.005797148,8292.774,8292.774,12471.083
2285,0.005798745,9938.826,9938.826,14091.412
2286,0.005800361,10867.5205,8184.898,10867.5205
2287,0.005802001,10896.449,10896.449,15464.865
2288,0.005803665,10123.538,10123.538,10616.122
2289,0.005805342,8745.598,8488.275,6528.544
2290,0.005807029,6976.231,6976.231,7064.216
2291,0.005808732,5029.38,5029.38,5029.38
2292,0.005810412,3166.9822,3990.9495,-2157.3628
2293,0.005812009,1611.8148,1611.8148,-6475.9883
2294,0.005813585,425.05652,425.05652,-6587.004
2295,0.005815171,-280.3255,330.11273,-3256.605
2296,0.005816713,-362.85495,-362.85495,-362.85495
2297,0.005818246,227.2825,227.2825,4658.427
2298,0.00581979,1393.1833,571.3956,12054.685
2299,0.005821333,2977.8215,2977.8215,11037.255
2300,0.00582284,4782.9727,4782.9727,12756.177
2301,0.005824386,6747.911,5639.5225,6747.911
2302,0.005825954,8688.942,8688.942,11798.888
2303,0.005827514,10352.598,10352.598,15486.544
2304,0.005829016,11490.609,6820.744,13834.708
2305,0.005830518,11968.891,11968.891,9817.364
2306,0.005832035,11576.458,11576.458,11576.458
2307,0.00583357,10165.754,11309.717,10303.833
2308,0.005835146,7924.867,7924.867,8489.441
2309,0.005836706,5282.982,5282.982,5005.895
2310,0.005838267,2584.936,5227.6235,694.26227
2311,0.005839823,205.62946,205.62946,205.62946
2312,0.005841341,-1519.4924,-1519.4924,-5114.5815
2313,0.005842868,-2568.9404,-563.26654,-5775.676
2314,0.005844407,-2890.1633,-2890.1633,-3416.519
2315,0.005845917,-2447.383,-2447.383,-2973.1833
2316,0.005847407,-1236.6675,-1663.2457,-1236.6675
2317,0.005848888,690.7222,690.7222,132.42633
2318,0.005850335,2949.0815,2949.0815,2794.3406
2319,0.005851773,5179.0005,1973.873,6694.653
2320,0.005853215,7021.9263,7021.9263,13379.661
2321,0.005854656,8091.8486,8091.8486,8091.8486
2322,0.005856087,8120.229,10427.941,5647.6143
2323,0.00585751,7269.05,7269.05,6273.325
2324,0.005858945,5770.462,5770.462,4153.387
2325,0.005860409,3837.4873,5477.9224,2683.3015
2326,0.005861919,1695.153,1695.153,1695.153
2327,0.005863412,-338.8507,-338.8507,2308.4421
2328,0.005864908,-2258.6226,-606.3141,85.19195
2329,0.005866429,-4105.7646,-4105.7646,-2050.6206
2330,0.005867972,-5889.151,-5889.151,-4759.886
2331,0.005869538,-7624.1523,-6904.7085,-7624.1523
2332,0.005871138,-9264.84,-9264.84,-7186.4253
2333,0.005872743,-10428.834,-10428.834,-7441.4805
2334,0.005874332,-10690.41,-8116.772,-7560.0503
2335,0.005875925,-9648.63,-9648.63,-9611.684
2336,0.005877488,-6957.816,-6957.816,-6957.816
2337,0.005879045,-2458.0005,-5316.8345,-751.2378
2338,0.00588065,3351.7803,3351.7803,815.1607
2339,0.005882317,9595.108,9595.108,8518.8955
2340,0.005883963,14900.066,11641.6,14376.8955
2341,0.005885597,18264.771,18264.771,18264.771
2342,0.005887258,19021.43,19021.43,15159.028
2343,0.005888882,17821.273,12201.0205,15329.475
2344,0.005890413,15812.876,15812.876,13806.231
2345,0.005891934,13795.474,13795.474,10207.466
2346,0.005893509,12536.239,15823.772,12536.239
2347,0.005895144,12769.576,12769.576,16700.865
2348,0.005896752,14073.471,14073.471,11664.677
2349,0.005898331,15690.559,9934.722,12147.935
2350,0.005899906,16953.42,16953.42,17248.38
2351,0.005901488,17187.428,17187.428,17187.428
2352,0.005903067,15920.9,16684.86,13704.864
2353,0.005904635,13571.545,13571.545,17081.889
2354,0.005906194,10752.46,10752.46,18441.535
2355,0.00590778,8000.1133,10102.604,13398.514
2356,0.005909381,5968.286,5968.286,5968.286
2357,0.005910962,5137.9097,5137.9097,4682.8716
2358,0.005912499,5172.2197,2670.4106,4705.083
2359,0.005914007,5583.0625,5583.0625,1840.7311
2360,0.005915518,5949.5103,5949.5103,3132.6372
2361,0.005917003,5860.684,6638.9272,5860.684
2362,0.005918466,5024.135,5024.135,2572.0906
2363,0.005919924,3443.5654,3443.5654,-3215.183
2364,0.005921395,1162.6985,3464.415,-4554.1523
2365,0.005922887,-1783.1348,-1783.1348,-6135.7305
2366,0.005924418,-5391.769,-5391.769,-5391.769
2367,0.005925937,-9392.155,-5089.292,-6822.902
2368,0.005927409,-13174.372,-13174.372,-9604.152
2369,0.005928898,-16330.666,-16330.666,-14452.113
2370,0.00593044,-18276.71,-16059.891,-16569.207
2371,0.00593204,-18195.527,-18195.527,-18195.527
2372,0.005933621,-15605.787,-15605.787,-18015.293
2373,0.005935192,-11277.569,-11848.623,-15880.621
2374,0.005936777,-6146.7886,-6146.7886,-13362.621
2375,0.005938386,-1195.8953,-1195.8953,-3416.6753
2376,0.005940036,2502.7546,-1215.4481,2502.7546
2377,0.005941701,3947.0332,3947.0332,2876.1997
2378,0.005943337,3360.6453,3360.6453,249.5826
2379,0.005944979,1276.6313,2771.0645,254.9732
2380,0.005946594,-1747.6361,-1747.6361,-2669.4253
2381,0.005948183,-5199.6675,-5199.6675,-5199.6675
2382,0.005949777,-8683.772,-5268.618,-4056.5894
2383,0.005951378,-11776.668,-11776.668,-7407.558
2384,0.005952898,-13951.344,-13951.344,-10237.715
2385,0.005954409,-15012.858,-12135.742,-12443.996
2386,0.005955952,-14593.996,-14593.996,-14593.996
2387,0.005957524,-12411.266,-12411.266,-10460.605
2388,0.005959135,-8940.137,-9878.786,-8213.176
2389,0.005960751,-5030.909,-5030.909,-4789.2144
2390,0.005962335,-1590.4222,-1590.4222,-3265.019
2391,0.005963867,621.31696,-2420.6094,621.31696
2392,0.005965367,1232.8217,1232.8217,407.62946
2393,0.005966879,643.6223,643.6223,-97.55806
2394,0.005968399,-600.405,-230.63147,-1921.1519
2395,0.005969896,-1907.7069,-1907.7069,-2963.1912
2396,0.005971379,-2741.9956,-2741.9956,-2741.9956
2397,0.005972843,-2727.2397,-2103.4688,-2184.558
2398,0.005974318,-2024.7767,-2024.7767,-1507.9176
2399,0.005975816,-906.05426,-906.05426,-2178.2615
2400,0.005977351,344.20746,877.4277,2374.4734
2401,0.005978972,1415.9108,1415.9108,1415.9108
2402,0.005980577,1923.6906,1923.6906,1084.4108
2403,0.005982229,1862.0745,1206.0582,1364.0514
2404,0.005983926,1255.7357,1255.7357,2101.942
2405,0.005985628,171.72862,171.72862,1053.0123
2406,0.005987333,-1314.0112,-583.50726,-1314.0112
2407,0.005989049,-3113.1553,-3113.1553,-5834.2456
2408,0.005990761,-5027.6206,-5027.6206,-7395.019
2409,0.005992475,-6858.3916,-3424.408,-8121.965
2410,0.005994117,-8341.533,-8341.533,-12745.121
2411,0.0059957,-9348.957,-9348.957,-9348.957
2412,0.005997232,-9801.933,-10161.838,-8858.879
2413,0.00599879,-9724.783,-9724.783,-8083.699
2414,0.006000407,-9090.816,-9090.816,54.520077
2415,0.006002041,-7897.829,-9977.485,-4089.8865
2416,0.006003649,-6202.3477,-6202.3477,-6202.3477
2417,0.006005234,-4099.737,-4099.737,-1917.1832
2418,0.006006822,-1859.6956,-3192.4966,685.95764
2419,0.006008393,143.38805,143.38805,3249.7937
2420,0.006009954,1586.3257,1586.3257,-1.8080521
2421,0.006011487,2148.6375,1904.8937,2148.6375
2422,0.006013009,1669.0637,1669.0637,-1983.5425
2423,0.006014516,430.72083,430.72083,2132.8406
2424,0.006016039,-1220.4385,313.53397,3290.6375
2425,0.006017586,-2923.7957,-2923.7957,210.30135
2426,0.006019161,-4280.402,-4280.402,-4280.402
2427,0.006020707,-4906.13,-3677.398,-2532.644
2428,0.006022266,-4751.6665,-4751.6665,1211.6685
2429,0.006023851,-3774.739,-3774.739,1941.6764
2430,0.006025424,-1976.5693,-3061.2153,70.67633
2431,0.006027012,687.606,687.606,687.606
2432,0.006028592,4106.8325,4106.8325,5766.239
2433,0.006030161,7830.497,3045.6416,7336.6924
2434,0.006031745,11396.87,11396.87,14558.474
2435,0.00603332,14228.667,14228.667,15787.623
2436,0.006034914,15836.481,15115.759,15836.481
2437,0.006036554,15764.807,15764.807,11890.224
2438,0.00603819,14170.193,14170.193,11497.357
2439,0.006039802,11478.598,10948.056,7749.1533
2440,0.006041371,8136.097,8136.097,7451.1846
2441,0.006042929,4443.169,4443.169,4443.169
2442,0.006044501,657.9233,4241.68,3546.2935
2443,0.006046089,-2955.4675,-2955.4675,-1727.0581
2444,0.00604772,-6173.49,-6173.49,-9027.84
2445,0.006049304,-8554.814,-5293.985,-9016.66
2446,0.006050794,-9891.723,-9891.723,-9891.723
2447,0.006052261,-10227.318,-10227.318,-4489.6367
2448,0.006053734,-9823.669,-7280.5156,-5773.324
2449,0.006055219,-8999.413,-8999.413,-4138.402
2450,0.00605675,-8067.02,-8067.02,-4700.683
2451,0.006058367,-7396.316,-10150.151,-7396.316
2452,0.006060009,-7345.928,-7345.928,-11613.832
2453,0.006061612,-7677.3555,-7677.3555,-12000.285
2454,0.006063243,-8030.117,-5063.612,-9898.363
2455,0.00606488,-8024.65,-8024.65,-7320.66
2456,0.006066511,-7284.926,-7284.926,-7284.926
2457,0.006068124,-5625.9976,-7450.3276,-5557.199
2458,0.006069707,-3528.7476,-3528.7476,-4265.332
2459,0.006071286,-1546.7711,-1546.7711,357.9029
2460,0.006072857,-246.76247,-1559.6361,1858.8873
2461,0.006074455,-189.88618,-189.88618,-189.88618
2462,0.006076103,-1836.534,-1836.534,1308.6998
2463,0.006077744,-4590.663,-1968.4983,-1454.3862
2464,0.006079364,-7570.5776,-7570.5776,-7413.644
2465,0.006080957,-9958.763,-9958.763,-12313.176
2466,0.006082551,-11029.043,-10780.668,-11029.043
2467,0.006084162,-10223.506,-10223.506,-9107.059
2468,0.006085798,-7908.6655,-7908.6655,4058.77
2469,0.006087468,-4721.6924,-5284.9634,3035.9575
2470,0.006089112,-1498.0267,-1498.0267,-2696.7065
2471,0.006090747,1077.8326,1077.8326,1077.8326
2472,0.006092378,2505.108,326.91052,499.10602
2473,0.006094009,3033.3218,3033.3218,385.5904
2474,0.006095617,3093.8186,3093.8186,-956.09717
2475,0.006097181,3108.673,3185.8582,3169.442
2476,0.006098758,3469.1218,3469.1218,3469.1218
2477,0.006100345,4464.5645,4464.5645,5174.216
2478,0.006101964,5971.6,3732.4417,4648.052
2479,0.006103607,7720.3296,7720.3296,5306.7075
2480,0.006105267,9412.315,9412.315,11678.481
2481,0.006106896,10706.567,10825.476,10706.567
2482,0.006108506,11361.024,11361.024,5759.809
2483,0.006110136,11182.421,11182.421,8786.786
2484,0.006111756,9974.208,8514.248,7576.45
2485,0.006113283,7722.278,7722.278,5581.4736
2486,0.006114748,4394.7314,4394.7314,4394.7314
2487,0.0061162,-21.70996,4107.404,2978.528
2488,0.006117702,-5105.169,-5105.169,117.14508
2489,0.006119289,-10117.353,-10117.353,-2774.1753
2490,0.006120901,-13820.434,-9253.013,-9899.27
2491,0.006122518,-15081.441,-15081.441,-15081.441
2492,0.006124087,-13298.595,-13298.595,-15850.863
2493,0.006125662,-9277.402,-8244.709,-9669.098
2494,0.006127244,-4095.7068,-4095.7068,-757.53467
2495,0.006128833,1139.0343,1139.0343,1929.7078
2496,0.006130359,5146.4736,2194.145,5146.4736
2497,0.006131841,7354.295,7354.295,8938.95
2498,0.006133314,8150.227,8150.227,7056.2236
2499,0.006134766,8038.99,6191.525,7268.7783
2500,0.00613625,7487.3716,7487.3716,5861.6997
2501,0.006137753,6976.52,6976.52,6976.52
2502,0.006139314,6912.283,5891.142,6414.95
2503,0.006140919,7256.2686,7256.2686,9422.5205
2504,0.00614254,7801.092,7801.092,8881.512
2505,0.006144176,8319.706,7510.097,8973.724
2506,0.006145758,8570.356,8570.356,8570.356
2507,0.006147296,8440.871,8440.871,5453.6606
2508,0.00614884,8085.241,7677.407,9023.208
2509,0.006150426,7709.8335,7709.8335,8543.192
2510,0.006152044,7555.5947,7555.5947,7405.372
2511,0.006153636,7867.5986,8145.8394,7867.5986
2512,0.006155213,8753.453,8753.453,10905.864
2513,0.006156797,9900.784,9900.784,9930.997
2514,0.006158413,10888.906,6942.054,12596.325
2515,0.006160061,11233.542,11233.542,10757.411
2516,0.006161688,10443.942,10443.942,10443.942
2517,0.006163315,8234.716,11698.409,10128.161
2518,0.006164935,5022.225,5022.225,8907.0205
2519,0.006166566,1342.69,1342.69,4099.481
2520,0.006168178,-2167.1213,1714.9312,-1843.8237
2521,0.006169763,-4950.6753,-4950.6753,-4950.6753
2522,0.006171366,-6663.38,-6663.38,-7010.3784
2523,0.006172975,-7302.508,-5594.9277,-7173.543
2524,0.006174579,-7013.112,-7013.112,-6215.535
2525,0.006176181,-5950.594,-5950.594,-3628.7065
2526,0.006177755,-4298.621,-7338.1777,-4298.621
2527,0.006179344,-2200.14,-2200.14,-4570.715
2528,0.006180984,77.617676,77.617676,-2214.2222
2529,0.006182672,2129.6833,-208.26704,910.8248
2530,0.006184312,3435.8098,3435.8098,-1315.1753
2531,0.006185946,3668.1375,3668.1375,3668.1375
2532,0.00618754,2623.5295,3677.3564,2273.4578
2533,0.006189052,729.6984,729.6984,-347.8315
2534,0.006190575,-1699.7205,-1699.7205,182.11383
2535,0.006192128,-4340.418,-748.7545,-5022.0503
2536,0.006193745,-6852.769,-6852.769,-6852.769
2537,0.006195357,-8760.881,-8760.881,-11128.113
2538,0.00619699,-10009.893,-7768.129,-10822.809
2539,0.006198623,-10566.713,-10566.713,-5781.9097
2540,0.006200188,-10447.258,-10447.258,-7866.8477
2541,0.006201683,-9733.051,-10459.247,-9733.051
2542,0.006203129,-8509.912,-8509.912,-5896.2305
2543,0.006204588,-6886.9863,-6886.9863,-4420.183
2544,0.006206105,-4969.4644,-4172.7925,-1389.9253
2545,0.006207641,-2984.001,-2984.001,2274.7078
2546,0.006209197,-1132.0503,-1132.0503,-1132.0503
2547,0.006210773,388.99515,-2360.8564,2448.9185
2548,0.00621237,1453.8859,1453.8859,2146.1062
2549,0.006213992,1949.4231,1949.4231,-2243.355
2550,0.006215581,1768.9912,1791.989,915.4967
2551,0.006217153,851.6764,851.6764,851.6764
2552,0.006218705,-777.3034,-777.3034,-1139.5425
2553,0.006220283,-2822.7407,-298.83047,-5531.2144
2554,0.006221905,-4871.261,-4871.261,-7171.91
2555,0.006223484,-6359.5923,-6359.5923,-4662.965
2556,0.006225081,-6900.4956,-6721.3887,-6900.4956
2557,0.006226681,-6185.065,-6185.065,-6909.8315
2558,0.006228251,-4652.4253,-4652.4253,-6107.644
2559,0.00622983,-2839.6694,-3386.2166,-290.49554
2560,0.006231404,-1316.2437,-1316.2437,-2694.613
2561,0.006232935,-632.7456,-632.7456,-632.7456
2562,0.006234495,-1087.5994,-1235.3933,-1146.7534
2563,0.006236105,-2333.2708,-2333.2708,-5823.0503
2564,0.006237728,-3719.8071,-3719.8071,-6674.8784
2565,0.006239365,-4561.81,-3422.4563,-855.47217
2566,0.006240941,-4194.7065,-4194.7065,-4194.7065
2567,0.006242524,-2283.2327,-2283.2327,-2466.2144
2568,0.006244135,574.43744,-905.20953,-500.8237
2569,0.006245782,3455.9768,3455.9768,2868.6843
2570,0.00624741,5270.2534,5270.2534,2625.9656
2571,0.006249037,5065.497,5906.175,5065.497
2572,0.006250659,2262.7698,2262.7698,6214.755
2573,0.006252285,-2172.1921,-2172.1921,7577.153
2574,0.00625388,-6777.3086,-2729.546,2798.278
2575,0.006255433,-10259.346,-10259.346,-6625.855
2576,0.006256957,-11547.495,-11547.495,-11547.495
2577,0.006258478,-9951.03,-11038.981,-5588.0737
2578,0.006260015,-6079.647,-6079.647,-155.30025
2579,0.006261584,-863.883,-863.883,375.74667
2580,0.006263167,4574.3223,634.5159,1043.9576
2581,0.006264704,8949.028,8949.028,8949.028
2582,0.006266281,11679.02,11679.02,7610.4424
2583,0.006267913,12883.658,9660.581,5219.872
2584,0.006269559,12986.883,12986.883,4556.88
2585,0.006271222,12536.354,12536.354,8309.544
2586,0.006272858,12117.349,12313.096,12117.349
2587,0.006274498,12152.009,12152.009,11984.474
2588,0.006276154,12537.291,12537.291,16866.84
2589,0.006277776,13015.346,8598.78,19043.834
2590,0.006279375,13353.091,13353.091,14105.56
2591,0.006280879,13346.927,13346.927,13346.927
2592,0.006282356,12900.372,14143.413,16451.326
2593,0.00628388,12061.148,12061.148,18130.654
2594,0.006285433,10951.5625,10951.5625,15664.614
2595,0.006286997,9721.216,8825.365,11590.0205
2596,0.006288571,8518.7705,8518.7705,8518.7705
2597,0.00629017,7469.3823,7469.3823,5349.348
2598,0.006291796,6638.4575,6551.0015,2207.5356
2599,0.006293448,6077.9,6077.9,-2007.5581
2600,0.006295117,5843.178,5843.178,2407.0906
2601,0.006296794,5985.247,6746.672,5985.247
2602,0.006298468,6511.17,6511.17,7543.3643
2603,0.006300043,7233.481,7233.481,6887.3486
2604,0.00630161,8024.3213,6825.7354,9249.825
2605,0.006303225,8763.5205,8763.5205,11179.599
2606,0.006304865,9276.122,9276.122,9276.122
2607,0.006306521,9385.204,9178.325,6811.434
2608,0.006308171,8922.142,8922.142,2989.8406
2609,0.00630984,7706.846,7706.846,2645.0981
2610,0.006311547,5512.0845,7955.299,3383.575
2611,0.00631324,2208.5593,2208.5593,2208.5593
2612,0.006314874,-2055.096,-2055.096,-1045.7925
2613,0.006316441,-6570.0605,-1982.173,-5341.6675
2614,0.006317995,-10784.567,-10784.567,-8511.315
2615,0.006319583,-14132.989,-14132.989,-12602.16
2616,0.006321214,-15830.215,-15961.672,-15830.215
2617,0.006322821,-15290.123,-15290.123,-17537.426
2618,0.006324402,-13114.074,-13114.074,-15619.309
2619,0.006325962,-10083.283,-9458.874,-10939.66
2620,0.006327529,-6864.4966,-6864.4966,-8297.309
2621,0.006329106,-4165.761,-4165.761,-4165.761
2622,0.006330706,-2570.245,-4562.0776,-4638.894
2623,0.006332322,-2114.004,-2114.004,-6789.1445
2624,0.006333925,-2643.7656,-2643.7656,-6276.6597
2625,0.006335514,-3972.9912,-2707.911,-7528.3394
2626,0.006337102,-5941.488,-5941.488,-5941.488
2627,0.006338658,-8293.869,-8293.869,-5897.4097
2628,0.006340198,-10671.739,-6478.8174,-8164.8945
2629,0.006341732,-12691.01,-12691.01,-9986.559
2630,0.00634328,-13972.813,-13972.813,-11129.621
2631,0.006344822,-14092.621,-15822.139,-14092.621
2632,0.00634638,-12794.865,-12794.865,-11968.02
2633,0.006347951,-10453.993,-10453.993,-8386.332
2634,0.006349478,-7736.805,-6321.4907,-5931.355
2635,0.006351001,-5130.353,-5130.353,-3164.3003
2636,0.006352581,-3104.1443,-3104.1443,-3104.1443
2637,0.006354238,-2167.1929,-2702.263,-3256.2534
2638,0.006355895,-2159.818,-2159.818,-3174.5972
2639,0.006357534,-2602.8499,-2602.8499,-1264.8628
2640,0.00635913,-3026.501,-2339.7358,-2222.2615
2641,0.006360694,-3022.7927,-3022.7927,-3022.7927
2642,0.006362252,-2336.0996,-2336.0996,-185.05806
2643,0.006363834,-1191.7083,-1688.7856,417.14508
2644,0.006365433,29.318497,29.318497,-2536.1912
2645,0.006367021,911.9643,911.9643,-550.0737
2646,0.006368647,1064.3951,1148.3134,1064.3951
2647,0.006370235,201.55478,201.55478,-1972.8706
2648,0.006371766,-1375.4191,-1375.4191,-5433.0737
2649,0.006373344,-3439.577,-1191.0656,-6223.2925
2650,0.006374997,-5718.878,-5718.878,-6476.2065
2651,0.006376661,-7751.199,-7751.199,-7751.199
2652,0.006378222,-9106.8545,-8855.432,-9280.238
2653,0.006379745,-9774.322,-9774.322,-9815.754
2654,0.006381274,-9694.444,-9694.444,-10363.684
2655,0.006382795,-8771.822,-7497.4956,-9195.659
2656,0.006384372,-6823.2695,-6823.2695,-6823.2695
2657,0.006385971,-3816.2485,-3816.2485,-8862.121
2658,0.006387581,-179.92393,-3619.0134,-6601.808
2659,0.006389196,3523.4177,3523.4177,925.63727
2660,0.006390801,6704.92,6704.92,4780.7075
2661,0.006392413,8843.349,7119.3145,8843.349
2662,0.006394001,9519.517,9519.517,12287.513
2663,0.006395585,8980.522,8980.522,8878.106
2664,0.006397142,7607.3633,6775.302,2837.3562
2665,0.006398689,5743.7256,5743.7256,3715.6921
2666,0.006400208,3744.0046,3744.0046,3744.0046
2667,0.00640172,1870.8694,3211.1533,6851.1763
2668,0.006403236,304.8908,304.8908,3249.0513
2669,0.006404748,-774.0172,-774.0172,2106.0513
2670,0.006406263,-1199.281,-667.5038,-1611.8394
2671,0.006407802,-781.9409,-781.9409,-781.9409
2672,0.006409385,607.17456,607.17456,-2347.5269
2673,0.006410996,2589.9062,1066.4404,-2544.7769
2674,0.006412596,4570.195,4570.195,-3895.7769
2675,0.006414183,5996.4414,5996.4414,630.7232
2676,0.006415739,6350.028,6434.3955,6350.028
2677,0.006417279,5362.053,5362.053,2878.7546
2678,0.006418795,3508.2256,3508.2256,899.84827
2679,0.006420278,1418.4729,1504.0898,-2464.3862
2680,0.006421741,-368.1051,-368.1051,-2018.7144
2681,0.006423207,-1349.7378,-1349.7378,-1349.7378
2682,0.006424737,-1096.3768,-2114.2656,-6364.441
2683,0.00642637,373.72772,373.72772,-4550.558
2684,0.006428066,2743.769,2743.769,-7177.176
2685,0.006429753,5465.087,3536.326,-852.0112
2686,0.006431425,8035.8096,8035.8096,8035.8096
2687,0.006433122,10091.241,10091.241,9434.129
2688,0.006434805,11423.566,8043.6147,11016.817
2689,0.006436484,11963.254,11963.254,8409.497
2690,0.006438125,11644.05,11644.05,9975.333
2691,0.006439731,10441.419,12584.79,10441.419
2692,0.006441346,8351.458,8351.458,9934.106
2693,0.006442959,5733.537,5733.537,8007.677
2694,0.006444595,2984.5837,3080.7588,3130.8718
2695,0.006446232,593.0362,593.0362,-2965.941
2696,0.006447848,-970.2612,-970.2612,-970.2612
2697,0.006449436,-1441.8037,-1025.9332,2686.786
2698,0.006450984,-1125.5063,-1125.5063,-1960.0269
2699,0.0064525,-421.9728,-421.9728,-5598.2534
2700,0.006453989,319.59903,3.5173037,-6245.7847
2701,0.006455488,791.2311,791.2311,791.2311
2702,0.006457028,714.12616,714.12616,4769.3877
2703,0.006458623,20.668163,-149.40463,8893.505
2704,0.00646026,-1280.483,-1280.483,10895.864
2705,0.006461895,-3114.3638,-3114.3638,3019.9575
2706,0.006463535,-5427.8003,-4196.723,-5427.8003
2707,0.006465178,-8084.29,-8084.29,-9198.816
2708,0.006466821,-10645.415,-10645.415,-10868.082
2709,0.006468435,-12575.878,-6485.974,-13510.645
2710,0.006470043,-13440.123,-13440.123,-12192.184
2711,0.006471667,-12753.637,-12753.637,-12753.637
2712,0.006473265,-10301.96,-12292.781,-4526.9805
2713,0.006474867,-6755.165,-6755.165,-1816.4878
2714,0.006476502,-2957.8396,-2957.8396,56.676327
2715,0.006478122,33.849045,-2693.6968,3271.8015
2716,0.006479742,1311.5436,1311.5436,1311.5436
2717,0.006481363,261.7106,261.7106,-2884.3394
2718,0.006482969,-2372.9524,-47.98682,-6538.699
2719,0.006484516,-5457.196,-5457.196,-7336.129
2720,0.006485982,-8038.5376,-8038.5376,-7878.629
2721,0.006487415,-9483.69,-8527.232,-9483.69
2722,0.006488859,-9335.6455,-9335.6455,-11918.832
2723,0.006490352,-7839.582,-7839.582,-9445.918
2724,0.00649188,-5509.9424,-5272.195,-9773.801
2725,0.006493433,-2967.8398,-2967.8398,-6599.4097
2726,0.006495007,-895.98,-895.98,-895.98
2727,0.006496575,108.2819,-460.0314,3958.8796
2728,0.006498161,36.8294,36.8294,3328.5515
2729,0.00649979,-1039.5492,-1039.5492,-417.22214
2730,0.006501401,-2967.5662,-1473.8475,-2885.9956
2731,0.006502972,-5544.8003,-5544.8003,-5544.8003
2732,0.006504589,-8724.637,-8724.637,-10336.02
2733,0.006506182,-11966.712,-5159.2266,-12638.496
2734,0.006507755,-14818.85,-14818.85,-13020.16
2735,0.006509301,-16849.1,-16849.1,-13480.52
2736,0.006510852,-17686.691,-17954.902,-17686.691
2737,0.006512409,-17021.748,-17021.748,-21721.707
2738,0.006513992,-15040.541,-15040.541,-15967.426
2739,0.006515563,-12151.1455,-13333.583,-14961.574
2740,0.006517129,-8730.956,-8730.956,-8464.925
2741,0.006518711,-5108.8003,-5108.8003,-5108.8003
2742,0.006520268,-1721.3132,-5006.732,420.7701
2743,0.006521794,1221.5085,1221.5085,6206.3325
2744,0.006523304,3597.2886,3597.2886,8273.552
2745,0.00652481,5270.3296,4054.8606,6128.6143
2746,0.006526345,6089.731,6089.731,6089.731
2747,0.006527924,5904.958,5904.958,8008.8486
2748,0.006529495,4932.6235,4871.7915,10157.802
2749,0.006531053,3517.149,3517.149,6169.473
2750,0.006532584,2001.127,2001.127,831.3717
2751,0.006534059,710.3482,1914.098,710.3482
2752,0.006535529,-196.64104,-196.64104,4002.8718
2753,0.006537067,-779.8862,-779.8862,450.04355
2754,0.006538625,-1101.6144,110.259544,-2636.4412
2755,0.006540177,-1267.1074,-1267.1074,-1310.9175
2756,0.006541724,-1391.8472,-1391.8472,-1391.8472
2757,0.00654328,-1588.5312,-2308.0977,-6776.8633
2758,0.00654483,-1955.863,-1955.863,-2331.1753
2759,0.00654638,-2591.812,-2591.812,-1566.191
2760,0.006547941,-3602.447,-4486.7856,-2354.9412
2761,0.006549479,-5058.113,-5058.113,-5058.113
2762,0.006550994,-6941.532,-6941.532,-8240.418
2763,0.006552523,-8929.837,-4587.6074,-6771.9253
2764,0.006554077,-10567.571,-10567.571,-10561.7295
2765,0.00655567,-11342.088,-11342.088,-11270.777
2766,0.006557314,-10633.848,-12023.329,-10633.848
2767,0.006558932,-8117.858,-8117.858,-6211.5815
2768,0.00656047,-4584.1646,-4584.1646,-4554.847
2769,0.006561996,-678.67706,-4357.6064,-3493.4487
2770,0.006563502,2897.6252,2897.6252,-1274.0425
2771,0.006564983,5506.13,5506.13,5506.13
2772,0.006566483,6741.3755,4989.1606,6963.536
2773,0.006568014,6670.518,6670.518,5355.817
2774,0.006569541,5548.3896,5548.3896,4512.395
2775,0.0065711,3620.542,4772.208,3634.7312
2776,0.006572626,1262.4342,1262.4342,1262.4342
2777,0.006574096,-1168.5359,-1168.5359,-2828.7847
2778,0.006575549,-3423.077,-899.2189,-6237.332
2779,0.006577038,-5261.628,-5261.628,-7032.5977
2780,0.006578593,-6320.6367,-6320.6367,-5754.9487
2781,0.006580183,-6111.5425,-6559.789,-6111.5425
2782,0.006581797,-4331.951,-4331.951,-5028.2456
2783,0.006583395,-1463.6592,-1463.6592,-1313.7378
2784,0.00658497,1841.0419,-1351.6868,848.92633
2785,0.006586537,5014.766,5014.766,4870.942
2786,0.006588071,7453.927,7453.927,7453.927
2787,0.006589598,8813.338,7548.431,8184.591
2788,0.006591132,9218.555,9218.555,6538.958
2789,0.006592691,8896.483,8896.483,5311.8013
2790,0.006594297,8061.6865,5906.478,4974.8096
2791,0.006595924,6981.005,6981.005,6981.005
2792,0.006597573,5890.7983,5890.7983,9098.7
2793,0.00659926,4824.007,4497.4814,8804.481
2794,0.006600913,3816.5754,3816.5754,7130.739
2795,0.006602555,2843.4006,2843.4006,6119.8174
2796,0.006604133,1925.2623,2911.5962,1925.2623
2797,0.006605674,1052.3502,1052.3502,-2034.9565
2798,0.006607194,282.92285,282.92285,-2663.5115
2799,0.006608706,-310.12872,892.7849,-1596.1519
2800,0.006610238,-652.3955,-652.3955,2008.2858
2801,0.006611806,-645.355,-645.355,-645.355
2802,0.0066134,-205.03926,-606.5543,-2359.9019
2803,0.006614948,588.517,588.517,-119.2768
2804,0.006616479,1651.0302,1651.0302,3063.6453
2805,0.006618024,2926.3828,1010.88794,5595.8955
2806,0.006619616,4372.497,4372.497,4372.497
2807,0.006621247,5901.5728,5901.5728,5252.3325
2808,0.006622825,7324.1694,5096.4155,7189.575
2809,0.006624412,8593.484,8593.484,7017.114
2810,0.006626063,9629.924,9629.924,10112.888
2811,0.006627717,10261.1455,11053.212,10261.1455
2812,0.00662938,10425.278,10425.278,6340.661
2813,0.006631041,10296.532,10296.532,7650.325
2814,0.006632677,10114.954,7606.6694,11153.6455
2815,0.006634214,10098.539,10098.539,10381.739
2816,0.006635745,10421.591,10421.591,10421.591
2817,0.006637269,11189.306,10844.607,9455.56
2818,0.006638785,12205.154,12205.154,9991.731
2819,0.006640285,13200.047,13200.047,9804.919
2820,0.006641823,13942.5205,13299.451,13145.567
2821,0.006643455,14119.7705,14119.7705,14119.7705
2822,0.00664509,13431.534,13431.534,9818.622
2823,0.006646675,12035.201,10507.06,8659.177
2824,0.006648249,10112.132,10112.132,7829.762
2825,0.00664983,7814.9062,7814.9062,5751.9346
2826,0.006651467,5234.403,6615.7,5234.403
2827,0.006653155,2576.1218,2576.1218,3808.536
2828,0.006654755,323.67947,323.67947,-1052.0269
2829,0.006656281,-1334.4149,-303.2149,-1355.0659
2830,0.006657802,-2278.429,-2278.429,-1962.527
2831,0.006659332,-2283.6675,-2283.6675,-2283.6675
2832,0.006660902,-1176.5232,-1311.8225,-3474.1833
2833,0.006662541,828.8552,828.8552,-4520.722
2834,0.006664149,3164.9165,3164.9165,742.1217
2835,0.006665698,5317.7783,4836.681,4093.5593
2836,0.006667213,6921.458,6921.458,6921.458
2837,0.006668778,7715.2944,7715.2944,7854.9424
2838,0.006670357,7594.685,4922.0137,7102.184
2839,0.006671933,6595.818,6595.818,8139.052
2840,0.006673467,4823.134,4823.134,7332.098
2841,0.006674978,2345.411,3722.16,2345.411
2842,0.006676462,-681.6628,-681.6628,3942.911
2843,0.006677947,-3886.3652,-3886.3652,-1571.7926
2844,0.006679429,-6773.8574,-2050.2505,-3997.613
2845,0.006680897,-8851.253,-8851.253,-5489.6206
2846,0.00668236,-9676.684,-9676.684,-9676.684
2847,0.006683865,-8901.244,-8827.033,-4836.035
2848,0.006685423,-6700.9053,-6700.9053,393.4029
2849,0.006686976,-3612.7832,-3612.7832,-1048.4331
2850,0.006688498,-225.14265,-4202.4834,-17.901802
2851,0.006690032,3047.0828,3047.0828,3047.0828
2852,0.006691627,5894.2715,5894.2715,4047.1218
2853,0.006693282,8384.898,5227.0903,5564.1533
2854,0.006694916,10657.791,10657.791,8231.692
2855,0.006696549,13021.778,13021.778,11787.528
2856,0.006698197,15781.826,14440.205,15781.826
2857,0.006699775,18908.3,18908.3,17561.686
2858,0.006701311,22026.424,22026.424,23059.428
2859,0.006702869,24757.662,19734.434,19021.139
2860,0.006704456,26566.965,26566.965,23962.568
2861,0.006706026,26864.764,26864.764,26864.764
2862,0.006707582,25396.295,24559.057,27296.545
2863,0.006709045,22923.637,22923.637,25651.834
2864,0.006710484,20111.121,20111.121,23943.162
2865,0.006711975,17471.133,20346.05,20260.865
2866,0.006713568,15737.083,15737.083,15737.083
2867,0.00671517,15689.951,15689.951,16797.732
2868,0.006716776,16834.572,13477.901,19324.777
2869,0.006718379,18376.65,18376.65,19020.514
2870,0.006719988,19530.686,19530.686,19674.982
2871,0.006721593,19495.146,22975.832,19495.146
2872,0.006723199,17717.459,17717.459,14345.677
2873,0.006724819,14562.574,14562.574,7351.5986
2874,0.006726419,10739.259,9618.784,3494.2937
2875,0.006728025,6829.2764,6829.2764,3773.2234
2876,0.006729617,3505.7312,3505.7312,3505.7312
2877,0.006731146,1278.488,2344.8,345.86383
2878,0.006732677,-97.348656,-97.348656,1295.3405
2879,0.006734228,-852.2559,-852.2559,2542.5278
2880,0.006735806,-1203.3873,-1315.3953,177.33258
2881,0.006737392,-1382.48,-1382.48,-1382.48
2882,0.006738933,-1556.9802,-1556.9802,-2313.191
2883,0.006740449,-1606.0824,-1251.8184,-1820.5582
2884,0.006741987,-1334.6287,-1334.6287,-1312.4253
2885,0.006743568,-509.6407,-509.6407,-2344.8628
2886,0.006745179,1122.3872,-518.2787,1122.3872
2887,0.006746747,3583.3118,3583.3118,6300.942
2888,0.006748327,6583.6523,6583.6523,8497.794
2889,0.006749957,9733.136,5790.688,11723.966
2890,0.006751557,12387.545,12387.545,15688.982
2891,0.006753142,14110.325,14110.325,14110.325
2892,0.006754703,14564.76,13174.603,15523.169
2893,0.006756216,13872.33,13872.33,16705.52
2894,0.006757729,12201.457,12201.457,15653.5205
2895,0.006759276,9622.329,11857.552,12114.286
2896,0.006760828,6294.661,6294.661,6294.661
2897,0.006762411,2350.0999,2350.0999,5540.95
2898,0.006764031,-1778.0315,1987.4222,5454.0205
2899,0.006765635,-5405.8726,-5405.8726,432.3873
2900,0.006767229,-8014.146,-8014.146,-7898.558
2901,0.006768839,-9090.426,-8843.886,-9090.426
2902,0.006770418,-8275.151,-8275.151,-5598.691
2903,0.006771997,-6000.5522,-6000.5522,-708.2534
2904,0.006773615,-2761.078,-4173.428,-779.9565
2905,0.006775223,759.1057,759.1057,869.19977
2906,0.006776769,3856.286,3856.286,3856.286
2907,0.006778316,6223.618,3391.7637,9036.013
2908,0.006779918,7863.284,7863.284,9352.239
2909,0.006781513,8742.727,8742.727,8514.747
2910,0.006783051,8942.837,9204.479,8500.286
2911,0.006784559,8580.942,8580.942,8580.942
2912,0.006786087,7742.068,7742.068,4703.255
2913,0.006787678,6601.4272,6014.622,4272.348
2914,0.006789314,5441.0894,5441.0894,4545.122
2915,0.00679093,4608.3696,4608.3696,7072.317
2916,0.006792553,4388.583,5426.025,4388.583
2917,0.006794177,4992.756,4992.756,3824.0203
2918,0.006795811,6246.435,6246.435,6755.552
2919,0.00679742,7835.802,3736.7642,8210.833
2920,0.006798993,9466.036,9466.036,12051.028
2921,0.006800597,10939.13,10939.13,10939.13
2922,0.006802204,11991.138,12948.008,8144.286
2923,0.006803706,12517.724,12517.724,9918.6455
2924,0.006805175,12570.753,12570.753,8326.294
2925,0.006806676,12117.959,12742.209,10558.583
2926,0.006808229,11072.349,11072.349,11072.349
2927,0.00680983,9339.597,9339.597,8297.794
2928,0.006811439,6890.111,6483.4194,4713.309
2929,0.006812976,3852.489,3852.489,-36.88618
2930,0.0068145,134.33913,134.33913,-3925.3862
2931,0.006816051,-4405.09,-825.0229,-4405.09
2932,0.00681759,-9558.581,-9558.581,-10075.363
2933,0.006819143,-14749.138,-14749.138,-18521.246
2934,0.006820685,-19093.484,-11462.619,-22182.46
2935,0.006822211,-21816.404,-21816.404,-21393.451
2936,0.00682374,-22195.473,-22195.473,-22195.473
2937,0.006825275,-19720.871,-19845.723,-20032.113
2938,0.006826818,-15026.991,-15026.991,-16836.887
2939,0.006828329,-9223.6875,-9223.6875,-9890.223
2940,0.006829846,-3125.1504,-9922.138,-6583.386
2941,0.006831372,2349.02,2349.02,2349.02
2942,0.006832899,6413.101,6413.101,4263.934
2943,0.006834432,9086.761,5974.789,1983.1686
2944,0.006835978,10569.194,10569.194,4170.481
2945,0.006837543,11048.145,11048.145,6750.1216
2946,0.006839121,10716.451,11126.736,10716.451
2947,0.006840689,9797.24,9797.24,12938.709
2948,0.006842279,8468.566,8468.566,7184.1143
2949,0.006843908,6902.217,7136.384,7910.325
2950,0.006845543,5337.116,5337.116,7980.747
2951,0.006847165,4006.3796,4006.3796,4006.3796
2952,0.006848751,3047.8623,3962.8464,4352.302
2953,0.006850306,2262.6602,2262.6602,1963.6295
2954,0.006851892,1365.4392,1365.4392,-409.5112
2955,0.006853528,66.32953,830.23224,-1016.96436
2956,0.006855146,-1866.5425,-1866.5425,-1866.5425
2957,0.006856766,-4611.9697,-4611.9697,-5980.652
2958,0.006858451,-8023.545,-3311.28,-6273.9956
2959,0.006860145,-11584.378,-11584.378,-8641.785
2960,0.006861794,-14750.181,-14750.181,-13203.684
2961,0.006863416,-17169.527,-15946.236,-17169.527
2962,0.006865012,-18591.197,-18591.197,-14503.215
2963,0.006866537,-19165.14,-19165.14,-10925.66
2964,0.006868053,-19163.521,-15355.561,-14583.441
2965,0.006869573,-18773.953,-18773.953,-18590.719
2966,0.006871104,-18176.176,-18176.176,-18176.176
2967,0.006872683,-17502.623,-18136.201,-14578.88
2968,0.006874323,-16743.627,-16743.627,-11485.512
2969,0.006875974,-15876.939,-15876.939,-15546.997
2970,0.006877613,-14873.091,-13555.197,-14954.16
2971,0.006879201,-13724.996,-13724.996,-13724.996
2972,0.006880755,-12407.219,-12407.219,-15562.566
2973,0.006882284,-10934.7705,-10949.334,-13183.723
2974,0.006883796,-9327.543,-9327.543,-7706.23
2975,0.00688531,-7587.729,-7587.729,-7327.3945
2976,0.00688677,-5805.1284,-7824.9224,-5805.1284
2977,0.006888203,-3999.5298,-3999.5298,-6306.1367
2978,0.006889694,-2223.6316,-2223.6316,-23.55024
2979,0.006891257,-688.05695,-982.8104,589.90295
2980,0.006892824,290.4223,290.4223,2120.028
2981,0.006894365,481.77792,481.77792,481.77792
2982,0.006895915,-231.79707,-245.68808,7101.7393
2983,0.006897474,-1648.2234,-1648.2234,-1433.7847
2984,0.006899061,-3491.9995,-3491.9995,-8025.9414
2985,0.00690071,-5490.532,-4784.466,-4006.2065
2986,0.006902339,-7195.4644,-7195.4644,-7195.4644
2987,0.006903927,-8300.98,-8300.98,-7236.1836
2988,0.006905546,-8720.515,-6259.7495,-8984.987
2989,0.006907159,-8326.825,-8326.825,-11141.207
2990,0.00690877,-7023.6313,-7023.6313,-6680.73
2991,0.006910353,-4759.316,-6377.9688,-4759.316
2992,0.006911891,-1656.3665,-1656.3665,-2172.9956
2993,0.006913414,1777.7577,1777.7577,2170.7937
2994,0.006914933,4933.9634,1531.5043,5017.0513
2995,0.006916466,7212.6714,7212.6714,2544.2468
2996,0.006918039,7934.5127,7934.5127,7934.5127
2997,0.006919656,6544.2,6579.13,6442.567
2998,0.006921323,3624.5437,3624.5437,4700.0986
2999,0.006922975,335.7187,335.7187,17.01226
3000,0.006924582,-2199.1165,-479.00415,-4555.7773
3001,0.006926139,-3071.7458,-3071.7458,-3071.7458
3002,0.006927709,-1723.245,-1723.245,509.76227
3003,0.006929303,1414.4921,-704.89294,3326.5906
3004,0.006930865,5423.546,5423.546,6144.583
3005,0.006932405,9516.573,9516.573,10798.81
3006,0.006933947,13002.052,10915.599,13002.052
3007,0.006935525,15317.078,15317.078,10350.255
3008,0.006937091,16389.178,16389.178,13205.239
3009,0.006938616,16436.076,13707.958,13790.981
3010,0.006940104,15697.609,15697.609,15133.356
3011,0.006941574,14363.356,14363.356,14363.356
3012,0.006943052,12584.364,13505.177,10234.427
3013,0.006944586,10514.314,10514.314,8527.927
3014,0.006946181,8403.329,8403.329,10514.763
3015,0.006947782,6624.683,8710.296,8715.528
3016,0.006949338,5509.9893,5509.9893,5509.9893
3017,0.006950851,5165.5107,5165.5107,4031.9265
3018,0.006952378,5269.516,3733.9229,3854.2312
3019,0.006953943,5427.567,5427.567,2397.8171
3020,0.006955489,5215.0312,5215.0312,4701.5825
3021,0.006957015,4236.8096,5110.5415,4236.8096
3022,0.006958564,2193.269,2193.269,-993.97217
3023,0.006960175,-726.5864,-726.5864,-1182.7456
3024,0.006961812,-4012.186,-925.7518,-2990.1208
3025,0.006963401,-7011.6636,-7011.6636,-5270.035
3026,0.00696496,-9302.137,-9302.137,-9302.137
3027,0.006966496,-10590.773,-9248.357,-9152.785
3028,0.006968056,-11033.722,-11033.722,-8735.207
3029,0.006969627,-10835.906,-10835.906,-5590.238
3030,0.006971183,-10239.386,-11591.903,-6143.3706
3031,0.00697275,-9473.793,-9473.793,-9473.793
3032,0.006974305,-8737.421,-8737.421,-12602.973
3033,0.006975852,-8020.045,-6599.6973,-13335.566
3034,0.006977462,-7229.1455,-7229.1455,-8016.7144
3035,0.006979079,-6326.483,-6326.483,-5447.6445
3036,0.006980651,-5284.183,-7607.649,-5284.183
3037,0.006982178,-4093.0527,-4093.0527,-1781.0815
3038,0.006983696,-2844.9678,-2844.9678,-2983.4019
3039,0.006985196,-1688.6903,-2664.101,3284.7546
3040,0.006986679,-755.92737,-755.92737,2241.559
3041,0.006988144,-170.30025,-170.30025,-170.30025
3042,0.006989605,-22.470451,-523.6523,-3982.285
3043,0.006991089,-324.71094,-324.71094,-2816.7458
3044,0.006992593,-1077.1694,-1077.1694,-2777.316
3045,0.006994115,-2276.0747,-705.9627,-3004.4722
3046,0.00699566,-3922.535,-3922.535,-3922.535
3047,0.006997206,-5905.6978,-5905.6978,-5591.761
3048,0.006998752,-7821.3037,-5573.97,-1653.894
3049,0.007000269,-9171.863,-9171.863,59.731014
3050,0.007001764,-9545.93,-9545.93,-5314.613
3051,0.007003268,-8522.941,-9115.516,-8522.941
3052,0.007004803,-5766.1113,-5766.1113,-9387.551
3053,0.007006403,-1585.1346,-1585.1346,-6670.496
3054,0.007008052,3313.366,-353.4566,529.87164
3055,0.007009641,7816.024,7816.024,6418.677
3056,0.00701119,11267.169,11267.169,11267.169
3057,0.007012771,13274.297,10209.146,11015.497
3058,0.007014438,13881.358,13881.358,6867.442
3059,0.007016135,13269.509,13269.509,6904.6064
3060,0.007017853,11767.91,12469.315,7654.278
3061,0.007019547,9796.286,9796.286,9796.286
3062,0.007021219,7695.484,7695.484,7404.427
3063,0.007022869,5613.472,6085.698,5433.7705
3064,0.007024497,3645.596,3645.596,1965.2858
3065,0.007026087,1896.0399,1896.0399,1717.9264
3066,0.007027622,450.60605,992.2681,450.60605
3067,0.00702915,-684.034,-684.034,-2689.8162
3068,0.007030684,-1499.6107,-1499.6107,-1513.0425
3069,0.007032253,-1991.9089,-2027.5181,713.692
3070,0.007033845,-2131.1711,-2131.1711,817.55133
3071,0.00703545,-1897.1284,-1897.1284,-1897.1284
3072,0.007037078,-1316.286,-1891.9133,-3460.1755
3073,0.007038729,-612.55884,-612.55884,-1916.2379
3074,0.007040347,-91.5986,-91.5986,-5475.527
3075,0.007041925,-9.3299265,-27.389072,-4356.191
3076,0.007043525,-619.55804,-619.55804,-619.55804
3077,0.007045135,-2085.7454,-2085.7454,494.1529
3078,0.007046698,-4011.4548,-2112.4136,-4133.9097
3079,0.007048231,-5975.05,-5975.05,-5378.2617
3080,0.007049762,-7615.6357,-7615.6357,-10271.113
3081,0.007051282,-8541.332,-7758.5107,-8541.332
3082,0.007052816,-8483.481,-8483.481,-5148.808
3083,0.007054392,-7544.5815,-7544.5815,-7719.2227
3084,0.007055922,-6042.686,-5157.8687,-5738.582
3085,0.007057416,-4262.0547,-4262.0547,-6292.051
3086,0.007058918,-2401.3315,-2401.3315,-2401.3315
3087,0.007060457,-654.38684,-1851.5326,-2446.4878
3088,0.007062003,775.5896,775.5896,-4845.3315
3089,0.007063559,1739.2202,1739.2202,6367.075
3090,0.007065142,2077.4143,1304.6506,5144.7
3091,0.007066701,1626.6686,1626.6686,1626.6686
3092,0.007068303,313.10785,313.10785,-512.88617
3093,0.007069947,-1484.3984,317.98364,-49.440865
3094,0.007071525,-3098.7925,-3098.7925,-191.49556
3095,0.007073071,-4068.7832,-4068.7832,-2786.7144
3096,0.007074612,-3945.2847,-3916.4392,-3945.2847
3097,0.007076176,-2394.998,-2394.998,-1977.2769
3098,0.007077808,296.1387,296.1387,-1908.5659
3099,0.007079456,3437.6921,237.86871,-1297.5972
3100,0.007081088,6277.3477,6277.3477,4350.3486
3101,0.007082714,8154.661,8154.661,8154.661
3102,0.007084329,8587.233,8267.266,7452.5986
3103,0.007085937,7828.0303,7828.0303,7657.1997
3104,0.007087525,6309.2124,6309.2124,1150.1061
3105,0.007089132,4394.352,5576.7236,2856.8953
3106,0.007090751,2488.7856,2488.7856,2488.7856
3107,0.007092385,931.0404,931.0404,180.8404
3108,0.00709399,-207.03102,514.46313,-1213.5894
3109,0.007095598,-997.3115,-997.3115,-1086.8628
3110,0.007097202,-1476.0201,-1476.0201,246.68414
3111,0.007098786,-1683.6832,-2468.3127,-1683.6832
3112,0.007100367,-1680.2999,-1680.2999,-1213.0347
3113,0.007101952,-1574.7482,-1574.7482,-705.94086
3114,0.00710357,-1489.8247,-1859.2084,-2871.9097
3115,0.007105223,-1562.7854,-1562.7854,-2289.0894
3116,0.007106848,-1926.8551,-1926.8551,-1926.8551
3117,0.007108432,-2621.467,-1924.2079,820.25446
3118,0.007109958,-3410.3906,-3410.3906,-1222.0425
3119,0.00711146,-4055.7568,-4055.7568,-2781.0503
3120,0.007112992,-4331.499,-3270.1538,-4796.8945
3121,0.007114569,-3946.824,-3946.824,-3946.824
3122,0.007116139,-2728.9463,-2728.9463,-485.8237
3123,0.007117691,-976.65717,-1969.1821,-187.88618
3124,0.007119238,939.92474,939.92474,-1546.98
3125,0.00712084,2708.6606,2708.6606,-1088.48
3126,0.007122443,3852.0984,3031.9307,3852.0984
3127,0.007124041,4107.888,4107.888,6951.6064
3128,0.007125634,3817.4277,3817.4277,5175.489
3129,0.007127238,3460.7554,2548.1445,4192.9185
3130,0.007128852,3530.7595,3530.7595,4809.27
3131,0.007130485,4547.887,4547.887,4547.887
3132,0.007132145,6870.7085,4136.701,3920.6062
3133,0.007133795,9930.436,9930.436,10649.8955
3134,0.007135449,12998.751,12998.751,10516.005
3135,0.007137137,15352.57,10345.166,15415.912
3136,0.007138791,16133.365,16133.365,16133.365
3137,0.007140413,14938.288,14938.288,15087.536
3138,0.007141999,12337.572,12979.454,9232.372
3139,0.007143517,9133.705,9133.705,7805.5674
3140,0.007145044,5797.0796,5797.0796,4555.552
3141,0.007146589,2903.395,6408.4775,2903.395
3142,0.007148149,941.0903,941.0903,1514.6295
3143,0.007149721,-183.73987,-183.73987,-1454.98
3144,0.007151294,-726.8076,410.45166,-1631.7847
3145,0.007152834,-958.5891,-958.5891,-674.4878
3146,0.007154303,-1141.7456,-1141.7456,-1141.7456
3147,0.007155785,-1475.4188,-942.58136,-2893.0034
3148,0.007157358,-1997.73,-1997.73,-179.82368
3149,0.007158958,-2658.8633,-2658.8633,-376.53464
3150,0.007160593,-3418.3289,-2914.1357,-3888.113
3151,0.007162199,-4195.9097,-4195.9097,-4195.9097
3152,0.007163815,-4950.8203,-4950.8203,-3504.4724
3153,0.007165418,-5582.811,-3798.2441,-2627.777
3154,0.007166945,-5987.88,-5987.88,-1852.6519
3155,0.007168439,-6116.5713,-6116.5713,-5186.8315
3156,0.007169993,-5884.8086,-6792.457,-5884.8086
3157,0.007171584,-5210.3833,-5210.3833,-6697.121
3158,0.007173168,-4203.857,-4203.857,-7176.5894
3159,0.007174756,-3002.9993,-2937.448,-2277.8862
3160,0.007176366,-1737.0455,-1737.0455,164.2779
3161,0.007177974,-573.0268,-573.0268,-573.0268
3162,0.007179579,379.72528,-193.44034,-3972.5815
3163,0.007181184,1174.852,1174.852,-1330.0972
3164,0.007182774,1896.903,1896.903,987.3639
3165,0.007184343,2632.306,2053.1804,3280.4968
3166,0.007185883,3459.0593,3459.0593,3459.0593
3167,0.007187429,4422.697,4422.697,5615.1143
3168,0.007189005,5354.228,3838.3442,5632.7627
3169,0.007190591,5990.224,5990.224,5727.3403
3170,0.007192199,6067.267,6067.267,6257.9346
3171,0.007193804,5312.3877,6412.321,5312.3877
3172,0.007195381,3618.66,3618.66,5037.1377
3173,0.007196936,1324.585,1324.585,4871.786
3174,0.007198489,-1180.9689,1130.3914,6354.411
3175,0.007200055,-3516.654,-3516.654,-1630.8237
3176,0.00720162,-5249.3784,-5249.3784,-5249.3784
3177,0.007203181,-6090.5225,-5339.8823,-7452.715
3178,0.007204744,-6241.8066,-6241.8066,-425.7846
3179,0.007206255,-6030.11,-6030.11,-1402.1909
3180,0.007207763,-5758.0054,-6290.3594,-6377.418
3181,0.007209271,-5711.3867,-5711.3867,-5711.3867
3182,0.007210796,-6081.2505,-6081.2505,-11133.988
3183,0.007212299,-6636.2773,-4740.9956,-13291.848
3184,0.007213809,-7064.1055,-7064.1055,-8331.309
3185,0.00721535,-7034.5156,-7034.5156,-11325.496
3186,0.007216941,-6151.097,-7091.0747,-6151.097
3187,0.00721851,-4211.729,-4211.729,1968.0826
3188,0.007220067,-1582.8733,-1582.8733,3281.2625
3189,0.007221554,1139.3997,-1301.9011,1832.8405
3190,0.007223008,3592.7163,3592.7163,5149.653
3191,0.007224515,5496.364,5496.364,5496.364
3192,0.007226094,6449.354,5854.885,-686.6675
3193,0.007227672,6470.091,6470.091,-606.2456
3194,0.007229258,5809.241,5809.241,2153.0044
3195,0.007230854,4715.108,6266.9736,6418.856
3196,0.007232461,3444.4265,3444.4265,3444.4265
3197,0.007234078,2243.3728,2243.3728,4633.4966
3198,0.007235728,1265.2943,1878.0516,5278.9033
3199,0.007237399,680.23444,680.23444,1257.7155
3200,0.007239036,650.38043,650.38043,1189.6139
3201,0.007240666,1299.528,514.0088,1299.528
3202,0.007242301,2666.984,2666.984,892.731
3203,0.007243949,4368.832,4368.832,1628.4186
3204,0.00724552,5821.307,2332.984,2684.6062
3205,0.007247043,6641.2427,6641.2427,4015.8562
3206,0.00724855,6478.4346,6478.4346,6478.4346
3207,0.007250069,5079.1035,5843.459,3321.7546
3208,0.007251617,2724.0432,2724.0432,2352.8484
3209,0.007253218,-159.61816,-159.61816,-1756.73
3210,0.007254851,-2992.2644,-160.5848,-504.08932
3211,0.007256443,-5081.16,-5081.16,-5081.16
3212,0.007258037,-6095.693,-6095.693,-3199.0896
3213,0.007259642,-6217.0415,-4337.9893,-4491.308
3214,0.007261184,-5799.2295,-5799.2295,-2397.98
3215,0.007262693,-5178.1494,-5178.1494,-4857.027
3216,0.007264186,-4637.152,-6323.2637,-4637.152
3217,0.007265667,-4347.4775,-4347.4775,-6388.0273
3218,0.007267151,-4087.4558,-4087.4558,-3666.4175
3219,0.007268655,-3532.5442,-3381.2769,-3874.488
3220,0.007270152,-2365.6057,-2365.6057,-3056.98
3221,0.007271607,-336.67526,-336.67526,-336.67526
3222,0.007273071,2760.936,308.82834,11224.005
3223,0.007274585,6670.027,6670.027,13193.45
3224,0.007276122,10788.524,10788.524,11348.81
3225,0.007277689,14523.513,12042.018,12505.825
3226,0.007279307,17217.428,17217.428,17217.428
3227,0.007280899,18212.193,18212.193,12483.786
3228,0.007282439,17780.988,12292.162,8991.224
3229,0.007283958,16329.665,16329.665,5897.6763
3230,0.007285486,14154.413,14154.413,13320.231
3231,0.007287046,11518.427,16370.83,11518.427
3232,0.007288651,8664.637,8664.637,8231.997
3233,0.007290245,5782.4834,5782.4834,5456.7783
3234,0.007291801,2965.329,3880.7832,-4364.004
3235,0.007293348,201.81049,201.81049,729.44977
3236,0.007294862,-2427.8237,-2427.8237,-2427.8237
3237,0.007296371,-4922.87,-1884.1686,-3695.035
3238,0.007297907,-7220.9497,-7220.9497,-9991.387
3239,0.007299474,-9180.413,-9180.413,-11157.355
3240,0.007301105,-10659.572,-9493.41,-9423.926
3241,0.007302688,-11403.488,-11403.488,-11403.488
3242,0.00730422,-11354.516,-11354.516,-14678.535
3243,0.007305756,-10491.116,-7432.274,-17063.934
3244,0.007307321,-8732.66,-8732.66,-15478.755
3245,0.007308835,-6148.9917,-6148.9917,-9014.402
3246,0.007310355,-2644.1362,-7327.0513,-2644.1362
3247,0.007311917,1843.0964,1843.0964,-484.05026
3248,0.007313457,6676.031,6676.031,2647.0981
3249,0.00731498,11299.489,4602.52,8478.427
3250,0.007316509,15233.333,15233.333,15728.63
3251,0.007318075,17950.998,17950.998,17950.998
3252,0.007319638,18939.383,18277.764,14480.372
3253,0.007321212,18537.03,18537.03,18490.717
3254,0.007322802,17250.38,17250.38,16365.287
3255,0.007324427,15593.521,16137.413,14973.084
3256,0.007326046,14179.708,14179.708,14179.708
3257,0.007327535,13473.415,13473.415,12898.739
3258,0.007328981,13222.347,10800.017,14322.185
3259,0.007330434,13176.567,13176.567,12632.552
3260,0.007331926,13110.029,13110.029,12351.856
3261,0.007333492,12755.856,13846.279,12755.856
3262,0.007335087,11867.488,11867.488,11800.966
3263,0.007336663,10458.376,10458.376,8425.06
3264,0.007338239,8567.4375,8183.631,7483.3564
3265,0.007339781,6295.2803,6295.2803,6435.583
3266,0.007341341,3616.3171,3616.3171,3616.3171
3267,0.007342964,512.1813,3708.0356,2305.817
3268,0.007344618,-2720.4277,-2720.4277,702.5357
3269,0.00734621,-5606.859,-5606.859,-5144.082
3270,0.007347806,-7994.108,-5046.2505,-8865.503
3271,0.007349439,-9617.895,-9617.895,-9617.895
3272,0.007351062,-10211.379,-10211.379,-7728.8477
3273,0.00735267,-9979.535,-9498.761,-7015.144
3274,0.007354254,-9222.67,-9222.67,-11879.988
3275,0.007355808,-8226.516,-8226.516,-7912.152
3276,0.007357375,-7222.2695,-8601.762,-7222.2695
3277,0.007358944,-6422.0444,-6422.0444,-7414.3555
3278,0.007360495,-5837.9526,-5837.9526,-12527.793
3279,0.007362045,-5415.9736,-3470.0425,-11265.746
3280,0.00736354,-5121.3003,-5121.3003,-9223.378
3281,0.007364999,-4902.176,-4902.176,-4902.176
3282,0.00736649,-4707.64,-5011.6436,123.3482
3283,0.007368045,-4482.355,-4482.355,-4479.519
3284,0.00736959,-4177.7285,-4177.7285,-7432.715
3285,0.007371171,-3721.47,-3641.4795,-7539.676
3286,0.007372793,-3036.2222,-3036.2222,-3036.2222
3287,0.007374389,-2126.2068,-2126.2068,-3855.4724
3288,0.007375966,-1149.764,-1165.6555,-2337.1675
3289,0.007377564,-280.52435,-280.52435,6888.966
3290,0.007379152,265.754,265.754,8669.474
3291,0.007380692,306.4732,291.74774,306.4732
3292,0.007382213,-244.22823,-244.22823,646.19196
3293,0.007383759,-1278.8245,-1278.8245,1023.34827
3294,0.007385333,-2626.9104,-1505.9773,3021.45
3295,0.007386917,-4080.3618,-4080.3618,527.4732
3296,0.007388489,-5415.926,-5415.926,-5415.926
3297,0.007390106,-6533.2705,-5071.4614,-9057.84
3298,0.007391699,-7495.0854,-7495.0854,-9486.488
3299,0.00739328,-8488.851,-8488.851,-13091.574
3300,0.007394897,-9726.544,-9050.697,-13167.207
3301,0.007396529,-11389.637,-11389.637,-11389.637
3302,0.007398176,-13582.355,-13582.355,-9263.535
3303,0.007399794,-15944.002,-10223.496,-6966.6987
3304,0.007401358,-18058.244,-18058.244,-10865.207
3305,0.007402865,-19609.887,-19609.887,-15692.848
3306,0.007404335,-20363.234,-20675.701,-20363.234
3307,0.007405832,-20127.613,-20127.613,-22089.395
3308,0.007407386,-18862.023,-18862.023,-16650.629
3309,0.007409007,-16569.666,-15037.177,-8161.965
3310,0.007410621,-13442.443,-13442.443,-10857.371
3311,0.007412242,-9597.363,-9597.363,-9597.363
3312,0.007413824,-5361.632,-8750.587,-3225.6287
3313,0.007415408,-1075.8475,-1075.8475,511.45758
3314,0.007417009,2800.134,2800.134,4825.8247
3315,0.007418576,5663.615,2352.5273,8807.255
3316,0.007420122,7119.1064,7119.1064,7119.1064
3317,0.007421664,6943.4243,6943.4243,8531.419
3318,0.007423225,5591.6323,3847.8215,8379.2
3319,0.00742483,3682.4631,3682.4631,5065.5205
3320,0.007426456,1960.9851,1960.9851,2188.3638
3321,0.007428083,1218.2076,2893.9233,1218.2076
3322,0.007429711,1996.0784,1996.0784,1913.5358
3323,0.00743133,3903.8892,3903.8892,564.8482
3324,0.007432914,6288.7227,3729.6377,5459.63
3325,0.007434478,8594.425,8594.425,13582.475
3326,0.007436083,10341.403,10341.403,10341.403
3327,0.007437727,11009.245,10402.868,6834.1606
3328,0.00743933,10607.02,10607.02,5733.575
3329,0.007440925,9334.128,9334.128,9880.341
3330,0.007442507,7367.0425,7763.5728,7297.052
3331,0.007444067,4890.294,4890.294,4890.294
3332,0.007445658,2012.9939,2012.9939,-247.10493
3333,0.007447288,-907.77124,1910.8253,-5859.308
3334,0.007448943,-3380.7886,-3380.7886,-11285.316
3335,0.007450569,-4868.053,-4868.053,-7051.301
3336,0.007452155,-4984.371,-5270.142,-4984.371
3337,0.007453672,-3627.116,-3627.116,-3555.066
3338,0.007455187,-1241.1842,-1241.1842,591.05133
3339,0.007456759,1725.5342,-1289.656,6935.669
3340,0.007458374,4646.8545,4646.8545,6572.9814
3341,0.007459977,6758.716,6758.716,6758.716
3342,0.007461546,7580.5586,7840.161,9357.763
3343,0.007463059,7333.321,7333.321,8672.224
3344,0.007464557,6343.4863,6343.4863,10824.239
3345,0.007466031,4893.8193,5467.5522,4573.9966
3346,0.007467508,3212.6062,3212.6062,3212.6062
3347,0.007469022,1487.2488,1487.2488,-4278.691
3348,0.007470611,-148.4322,1574.0209,-8783.387
3349,0.007472188,-1431.9862,-1431.9862,-4139.902
3350,0.007473756,-2210.3457,-2210.3457,-4565.527
3351,0.007475307,-2333.9565,-2420.2014,-2333.9565
3352,0.007476843,-1757.1384,-1757.1384,-3761.0815
3353,0.007478337,-800.8111,-800.8111,-3796.2847
3354,0.007479843,204.281,-825.8757,-2510.4019
3355,0.007481391,909.59064,909.59064,3403.5906
3356,0.007482965,893.80133,893.80133,893.80133
3357,0.00748456,-135.09444,800.8277,-38.72993
3358,0.007486084,-1758.1512,-1758.1512,459.0123
3359,0.007487603,-3563.8599,-3563.8599,-5246.4565
3360,0.007489152,-5156.3657,-2874.8064,-3557.4956
3361,0.007490753,-6061.183,-6061.183,-6061.183
3362,0.007492367,-5871.4204,-5871.4204,-5726.2144
3363,0.007493945,-4900.187,-3563.8447,-6872.129
3364,0.007495496,-3606.3396,-3606.3396,-5335.441
3365,0.007497087,-2357.9504,-2357.9504,-4733.058
3366,0.007498703,-1619.2222,-3205.5383,-1619.2222
3367,0.007500287,-1711.267,-1711.267,-2413.5425
3368,0.007501847,-2322.8218,-2322.8218,-2810.8628
3369,0.007503414,-3050.051,-1613.8884,-1737.0347
3370,0.007504973,-3482.763,-3482.763,-1255.8237
3371,0.007506486,-3244.7456,-3244.7456,-3244.7456
3372,0.007508005,-2099.7332,-2886.3223,-6195.4805
3373,0.007509562,-220.21735,-220.21735,-4517.011
3374,0.007511102,1981.811,1981.811,-628.84717
3375,0.007512637,4158.7793,2343.4768,2251.8403
3376,0.00751418,5970.5435,5970.5435,5970.5435
3377,0.007515747,7139.4346,7139.4346,6591.841
3378,0.007517381,7694.1514,4968.8486,9714.575
3379,0.007519019,7721.1387,7721.1387,7933.7314
3380,0.007520621,7382.876,7382.876,6876.841
3381,0.00752219,6841.7705,7375.7124,6841.7705
3382,0.00752373,6215.1104,6215.1104,4933.45
3383,0.007525299,5480.8647,5480.8647,6570.1846
3384,0.007526917,4595.447,3515.1208,7084.3486
3385,0.007528545,3544.964,3544.964,6705.5825
3386,0.007530116,2352.6843,2352.6843,2352.6843
3387,0.007531635,1032.3259,2861.0835,-989.6128
3388,0.007533154,-357.11743,-357.11743,-2563.3472
3389,0.007534701,-1719.8473,-1719.8473,-94.37837
3390,0.007536267,-2917.4739,-1139.2236,-2184.2065
3391,0.007537843,-3806.363,-3806.363,-3806.363
3392,0.007539447,-4263.6357,-4263.6357,-5057.027
3393,0.007541078,-4203.151,-3675.7322,-5252.8867
3394,0.007542698,-3571.3494,-3571.3494,-3502.2847
3395,0.007544329,-2311.8364,-2311.8364,-143.94086
3396,0.007545949,-394.21432,-3014.9734,-394.21432
3397,0.00754758,2176.8462,2176.8462,1234.067
3398,0.007549188,5005.5044,5005.5044,3132.1921
3399,0.00755075,7646.256,5765.804,7664.6064
3400,0.00755231,9803.996,9803.996,8349.168
3401,0.007553899,11125.966,11125.966,11125.966
3402,0.007555489,11286.468,10358.175,11402.6455
3403,0.007557082,10448.975,10448.975,12326.811
3404,0.007558678,8888.964,8888.964,12804.606
3405,0.007560258,6910.382,6733.8643,7441.5986
3406,0.007561819,4799.7705,4799.7705,4799.7705
3407,0.00756338,2765.4763,2765.4763,1066.9186
3408,0.007564931,914.28955,2902.7522,-123.58149
3409,0.007566513,-736.16284,-736.16284,-3196.6677
3410,0.007568131,-2109.1235,-2109.1235,-1810.9331
3411,0.007569723,-3082.66,-2126.667,-3082.66
3412,0.007571283,-3616.912,-3616.912,-2617.2925
3413,0.007572817,-3710.7139,-3710.7139,-1945.2925
3414,0.00757435,-3357.9763,-3509.4326,-2401.8943
3415,0.007575927,-2509.514,-2509.514,-2158.5034
3416,0.007577477,-1175.98,-1175.98,-1175.98
3417,0.007579003,599.361,-1313.192,-1925.894
3418,0.00758064,2803.58,2803.58,-438.894
3419,0.007582333,5121.9185,5121.9185,6132.005
3420,0.007583991,7139.3027,3317.4424,9017.7705
3421,0.007585618,8596.013,8596.013,8596.013
3422,0.007587256,9329.988,9329.988,7053.5986
3423,0.007588869,9392.469,9445.63,8421.325
3424,0.007590438,8940.454,8940.454,8118.411
3425,0.007591992,8104.9497,8104.9497,11337.255
3426,0.007593554,6985.997,7116.6055,6985.997
3427,0.00759504,5766.6895,5766.6895,2118.8015
3428,0.007596483,4551.5513,4551.5513,5519.2856
3429,0.007597936,3411.7388,3462.1667,4421.325
3430,0.007599474,2423.7058,2423.7058,2264.2153
3431,0.007601033,1788.1531,1788.1531,1788.1531
3432,0.007602606,1609.1538,1823.2671,4119.856
3433,0.007604223,1775.5613,1775.5613,1369.778
3434,0.007605849,2104.7239,2104.7239,2115.3328
3435,0.007607407,2388.184,1861.0278,628.49664
3436,0.007608899,2465.786,2465.786,2465.786
3437,0.00761038,2250.9434,2250.9434,5100.0674
3438,0.007611925,1824.6389,1455.0634,1665.942
3439,0.007613458,1362.1571,1362.1571,9383.255
3440,0.007615004,1024.2999,1024.2999,6966.997
3441,0.007616547,984.34045,535.4204,984.34045
3442,0.007618071,1376.9012,1376.9012,413.57477
3443,0.007619606,2247.7356,2247.7356,-1251.7847
3444,0.007621181,3654.339,1590.5087,4761.747
3445,0.00762276,5603.778,5603.778,7613.2075
3446,0.007624339,8110.958,8110.958,8110.958
3447,0.007625945,11169.584,7426.0205,13925.95
3448,0.007627564,14375.749,14375.749,16899.154
3449,0.007629156,17180.197,17180.197,20524.693
3450,0.00763076,19186.965,17474.775,22779.982
3451,0.007632382,19900.855,19900.855,19900.855
3452,0.007634033,18959.422,18959.422,13164.95
3453,0.00763566,16818.72,13742.834,10689.942
3454,0.007637261,14131.233,14131.233,14656.264
3455,0.007638806,11538.179,11538.179,11213.442
3456,0.007640362,9461.888,11224.961,9461.888
3457,0.007641884,8291.726,8291.726,9980.3955
3458,0.007643384,7634.7705,7634.7705,7536.052
3459,0.007644905,6960.7827,6007.595,7587.309
3460,0.007646433,5757.0444,5757.0444,6532.2783
3461,0.007647977,3471.325,3471.325,3471.325
3462,0.007649553,-274.30234,2890.018,-1802.3081
3463,0.007651129,-4743.3667,-4743.3667,-9866.926
3464,0.007652679,-8915.299,-8915.299,-10504.051
3465,0.007654212,-11925.638,-9313.717,-10179.168
3466,0.007655742,-12942.098,-12942.098,-12942.098
3467,0.0076573,-11346.785,-11346.785,-7267.426
3468,0.007658897,-7653.2876,-8888.296,471.02792
3469,0.007660444,-3073.6003,-3073.6003,4150.091
3470,0.007661963,1447.1055,1447.1055,5828.208
3471,0.007663453,5024.716,1688.5162,5024.716
3472,0.007664921,7075.585,7075.585,6131.9424
3473,0.00766641,7812.1963,7812.1963,10987.325
3474,0.007667946,7530.3096,6140.615,9984.536
3475,0.007669501,6563.9165,6563.9165,8746.849
3476,0.007671013,5351.7856,5351.7856,5351.7856
3477,0.007672514,4215.4727,4823.696,3147.1606
3478,0.007674008,3318.2048,3318.2048,1658.1764
3479,0.007675497,2782.19,2782.19,482.27792
3480,0.007676978,2728.2642,3116.435,3037.7468
3481,0.007678477,3286.864,3286.864,3286.864
3482,0.00768004,4591.3613,4591.3613,4948.919
3483,0.00768162,6435.851,4482.974,5659.5356
3484,0.007683194,8501.552,8501.552,11252.731
3485,0.007684759,10486.831,10486.831,10741.966
3486,0.007686268,12062.442,11612.346,12062.442
3487,0.007687757,13074.699,13074.699,6787.5596
3488,0.007689268,13508.32,13508.32,10422.919
3489,0.007690859,13319.951,10695.513,12290.278
3490,0.007692459,12464.714,12464.714,12215.606
3491,0.007694021,10987.075,10987.075,10987.075
3492,0.007695576,8915.9795,9960.498,5706.6377
3493,0.007697142,6375.082,6375.082,4068.364
3494,0.007698725,3526.5596,3526.5596,8411.294
3495,0.007700365,477.34836,2886.9,3871.075
3496,0.007702041,-2528.1128,-2528.1128,-2528.1128
3497,0.007703699,-5161.673,-5161.673,-4602.66
3498,0.007705332,-7149.6553,-3619.8577,-5012.238
3499,0.007706931,-8239.875,-8239.875,-4270.6133
3500,0.007708521,-8218.875,-8218.875,-9876.41
3501,0.007710114,-6830.0894,-7916.7617,-6830.0894
3502,0.007711727,-3940.2776,-3940.2776,-2268.0269
3503,0.007713332,-204.29942,-204.29942,2168.0747
3504,0.007714901,3513.3171,294.97772,4916.966
3505,0.007716428,6481.049,6481.049,4242.8325
3506,0.007717909,8092.8564,8092.8564,8092.8564
3507,0.007719393,8012.318,7055.0625,8741.95
3508,0.00772087,6560.2954,6560.2954,14207.45
3509,0.007722384,4173.5576,4173.5576,1988.1921
3510,0.007723928,1354.5728,2972.508,1822.442
3511,0.007725477,-1295.4409,-1295.4409,-1295.4409
3512,0.007727045,-3337.3171,-3337.3171,-3146.7144
3513,0.007728626,-4790.2466,-1992.3706,-4518.2456
3514,0.007730168,-5789.3013,-5789.3013,-5858.2534
3515,0.007731725,-6547.17,-6547.17,-7097.652
3516,0.007733243,-7203.621,-6519.3516,-7203.621
3517,0.007734731,-7881.3335,-7881.3335,-9461.473
3518,0.007736221,-8548.551,-8548.551,-11852.184
3519,0.007737773,-9140.068,-6510.665,-7946.3477
3520,0.007739415,-9546.054,-9546.054,-7879.5894
3521,0.007741081,-9612.59,-9612.59,-9612.59
3522,0.00774275,-9270.634,-10088.358,-5215.9565
3523,0.0077444,-8700.216,-8700.216,-3716.1519
3524,0.007746056,-8121.9424,-8121.9424,-4030.6443
3525,0.007747727,-7762.667,-7033.6426,-7060.1055
3526,0.007749342,-7847.5894,-7847.5894,-7847.5894
3527,0.0077509,-8464.137,-8464.137,-10481.402
3528,0.007752414,-9428.643,-7668.171,-12480.793
3529,0.007753942,-10565.711,-10565.711,-11527.637
3530,0.007755472,-11667.392,-11667.392,-11900.363
3531,0.007757048,-12549.84,-11635.231,-12549.84
3532,0.00775869,-12993.56,-12993.56,-11392.77
3533,0.007760304,-12877.123,-12877.123,-9812.074
3534,0.00776187,-12194.06,-9011.432,-9320.402
3535,0.007763467,-10872.53,-10872.53,-10251.332
3536,0.00776513,-8775.051,-8775.051,-8775.051
3537,0.007766778,-5988.597,-9898.505,-10091.121
3538,0.007768406,-2835.0105,-2835.0105,-7830.8315
3539,0.007770013,321.2606,321.2606,-3819.8784
3540,0.007771635,3202.488,445.28937,628.0436
3541,0.007773188,5351.731,5351.731,5351.731
3542,0.00777474,6654.326,6654.326,9878.052
3543,0.007776368,7117.6357,5153.8306,10063.841
3544,0.007777984,6736.7793,6736.7793,7991.6294
3545,0.007779529,5657.973,5657.973,2499.7546
3546,0.007781016,4021.3171,6157.817,4021.3171
3547,0.007782496,1908.0226,1908.0226,-759.1284
3548,0.007783994,-458.14337,-458.14337,-5384.558
3549,0.007785518,-2781.1135,-463.9423,-6938.886
3550,0.007787093,-4747.535,-4747.535,-3738.3865
3551,0.007788687,-5923.7383,-5923.7383,-5923.7383
3552,0.007790344,-6014.631,-6196.3115,-8801.574
3553,0.007791964,-5239.1177,-5239.1177,-4914.9097
3554,0.007793544,-4015.6042,-4015.6042,-3992.535
3555,0.007795107,-2690.6384,-3697.2832,-4806.8784
3556,0.007796667,-1586.7769,-1586.7769,-1586.7769
3557,0.007798229,-948.5297,-948.5297,-3386.6128
3558,0.007799796,-693.6147,-601.6109,-3760.0112
3559,0.007801396,-657.0646,-657.0646,-4318.855
3560,0.007803028,-668.30524,-668.30524,-6034.269
3561,0.007804609,-547.8471,-1138.7893,-547.8471
3562,0.007806173,-186.51747,-186.51747,3946.4888
3563,0.007807747,305.5219,305.5219,1656.442
3564,0.007809343,758.80524,-31.976511,-798.5034
3565,0.007810927,986.1245,986.1245,1159.3483
3566,0.007812437,834.3326,834.3326,834.3326
3567,0.007813938,227.38066,1208.8654,-1894.1832
3568,0.007815441,-715.8402,-715.8402,-6416.23
3569,0.007816974,-1842.6273,-1842.6273,-3539.2458
3570,0.007818548,-2979.3386,-1368.9575,-2182.8706
3571,0.007820172,-3920.0115,-3920.0115,-3920.0115
3572,0.007821742,-4418.215,-4418.215,-5034.597
3573,0.007823273,-4408.3594,-4445.289,-4213.1987
3574,0.007824844,-3799.955,-3799.955,-5261.1206
3575,0.007826454,-2452.8308,-2452.8308,-654.1674
3576,0.007828102,-213.37056,-2397.4622,-213.37056
3577,0.007829771,2952.1428,2952.1428,-1102.519
3578,0.00783147,6714.0337,6714.0337,2997.075
3579,0.007833117,10412.421,6998.6274,7408.2705
3580,0.007834724,13631.469,13631.469,9376.231
3581,0.007836328,16037.232,16037.232,16037.232
3582,0.007837937,17299.83,17861.475,13977.692
3583,0.007839568,17388.232,17388.232,17807.543
3584,0.007841203,16341.576,16341.576,14646.631
3585,0.007842829,14241.829,12708.528,17248.084
3586,0.007844412,11248.13,11248.13,11248.13
3587,0.007845988,7478.3936,7478.3936,7056.419
3588,0.007847578,3339.1135,6310.3306,-2644.1128
3589,0.007849162,-578.7584,-578.7584,-5240.6836
3590,0.007850744,-3746.6162,-3746.6162,-8354.27
3591,0.007852329,-5633.0815,-4283.2886,-5633.0815
3592,0.00785393,-5847.537,-5847.537,-5897.7456
3593,0.007855563,-4612.592,-4612.592,-1896.1909
3594,0.007857159,-2444.9688,-3808.3967,3118.3875
3595,0.007858676,83.36652,83.36652,3164.9812
3596,0.007860151,2606.5906,2606.5906,2606.5906
3597,0.007861637,4895.275,3310.5554,5630.7935
3598,0.007863197,6872.6084,6872.6084,7251.0596
3599,0.007864864,8380.777,8380.777,5419.012
3600,0.007866509,9127.44,8566.319,6109.2153
3601,0.00786811,9022.591,9022.591,9022.591
3602,0.007869672,8084.5264,8084.5264,8308.927
3603,0.007871205,6592.897,5567.568,2833.95
3604,0.007872725,4846.2656,4846.2656,2258.4265
3605,0.007874252,3112.5918,3112.5918,-1833.5739
3606,0.007875835,1647.0748,3075.2847,1647.0748
3607,0.007877424,788.58,788.58,-210.40964
3608,0.007878975,622.54407,622.54407,429.3248
3609,0.007880499,1137.6736,1236.6823,-1763.1831
3610,0.007882028,2361.306,2361.306,-1117.2378
3611,0.007883603,4394.817,4394.817,4394.817
3612,0.007885228,7248.7505,5037.472,13300.13
3613,0.007886851,10394.67,10394.67,10908.427
3614,0.007888483,13276.684,13276.684,12972.856
3615,0.007890114,15294.155,11402.699,15526.497
3616,0.007891734,15869.7,15869.7,15869.7
3617,0.007893317,14665.829,14665.829,10763.302
3618,0.007894846,12076.379,10096.091,8185.841
3619,0.007896353,8513.379,8513.379,5091.184
3620,0.007897835,4372.684,4372.684,3379.4421
3621,0.007899251,135.231,5041.891,135.231
3622,0.007900657,-4053.3247,-4053.3247,-3926.66
3623,0.007902072,-7965.101,-7965.101,-9687.652
3624,0.007903539,-11395.062,-6355.722,-11104.504
3625,0.007905036,-13912.804,-13912.804,-13744.949
3626,0.007906543,-15105.676,-15105.676,-15105.676
3627,0.007908056,-14754.588,-15472.204,-7835.6445
3628,0.007909599,-13224.079,-13224.079,-4116.066
3629,0.007911174,-11054.875,-11054.875,-10382.652
3630,0.007912701,-8960.464,-10600.484,-9447.574
3631,0.007914221,-7462.183,-7462.183,-7462.183
3632,0.007915784,-6940.7197,-6940.7197,-7123.2065
3633,0.007917352,-7114.95,-5000.108,-10897.66
3634,0.007918904,-7453.8936,-7453.8936,-8803.824
3635,0.007920402,-7453.062,-7453.062,-7043.1753
3636,0.007921872,-6685.668,-8102.6523,-6685.668
3637,0.007923364,-4824.2505,-4824.2505,-2301.8472
3638,0.007924861,-2140.8203,-2140.8203,-419.29245
3639,0.007926402,1023.4168,-1128.1702,3793.075
3640,0.007927993,4226.9717,4226.9717,8642.224
3641,0.007929619,6904.5356,6904.5356,6904.5356
3642,0.007931259,8593.418,7313.841,-1614.6831
3643,0.007932928,9478.86,9478.86,-660.5503
3644,0.007934615,9898.334,9898.334,-2580.0112
3645,0.007936262,10214.51,7977.703,7454.177
3646,0.007937861,10776.067,10776.067,10776.067
3647,0.007939438,11769.826,11769.826,15520.653
3648,0.007941032,12880.861,9666.372,20544.857
3649,0.007942631,13626.799,13626.799,16963.287
3650,0.007944183,13544.015,13544.015,17600.209
3651,0.007945734,12224.786,15393.794,12224.786
3652,0.007947221,9549.563,9549.563,12385.083
3653,0.007948675,5972.1724,5972.1724,7771.9033
3654,0.007950147,1910.293,4956.106,-780.05023
3655,0.007951649,-2141.1648,-2141.1648,-5194.1753
3656,0.007953178,-5588.7383,-5588.7383,-5588.7383
3657,0.007954732,-7921.2954,-5451.0933,-2088.394
3658,0.007956284,-9142.054,-9142.054,-5672.566
3659,0.00795784,-9460.379,-9460.379,-7901.082
3660,0.007959397,-9078.679,-9490.147,-6488.9956
3661,0.007960953,-8204.879,-8204.879,-8204.879
3662,0.007962493,-7034.522,-7034.522,-8533.801
3663,0.007964012,-5660.044,-5549.887,-10633.98
3664,0.007965486,-4167.1475,-4167.1475,-5548.4883
3665,0.007966926,-2603.6592,-2603.6592,-2635.8472
3666,0.00796836,-988.1675,-2549.9507,-988.1675
3667,0.007969866,713.66254,713.66254,965.95764
3668,0.007971467,2420.2317,2420.2317,4637.075
3669,0.007973017,3852.8745,2219.9114,4645.63
3670,0.007974562,4948.6333,4948.6333,4284.255
3671,0.007976146,5606.52,5606.52,5606.52
3672,0.007977772,5697.6523,5122.96,3152.4421
3673,0.007979395,5242.6426,5242.6426,639.0514
3674,0.007980967,4356.4385,4356.4385,3881.3562
3675,0.007982538,3105.2756,3742.0781,3716.2234
3676,0.007984146,1520.9889,1520.9889,1520.9889
3677,0.007985704,-201.44553,-201.44553,779.62164
3678,0.007987176,-1782.8215,-223.02391,1843.1686
3679,0.007988642,-3081.306,-3081.306,-3337.6597
3680,0.007990124,-3882.1538,-3882.1538,-4406.9956
3681,0.00799161,-3934.1597,-3873.021,-3934.1597
3682,0.007993122,-3077.1113,-3077.1113,-442.3159
3683,0.00799466,-1551.3412,-1551.3412,-2709.0037
3684,0.007996239,280.60547,-1120.7181,-2638.9097
3685,0.007997828,1958.2968,1958.2968,578.49664
3686,0.007999436,3033.3328,3033.3328,3033.3328
3687,0.008001047,3135.8987,3887.4834,5330.8955
3688,0.008002628,2391.2637,2391.2637,421.47324
3689,0.008004189,1040.0956,1040.0956,1743.8796
3690,0.008005769,-744.11945,1589.696,-77.9565
3691,0.008007359,-2752.4568,-2752.4568,-2752.4568
3692,0.008008966,-4798.21,-4798.21,-1637.8159
3693,0.008010513,-6650.308,-4237.1553,-5590.222
3694,0.008011979,-8195.173,-8195.173,-7874.0347
3695,0.00801347,-9455.221,-9455.221,-6935.1675
3696,0.008015004,-10317.809,-9949.664,-10317.809
3697,0.008016618,-10666.143,-10666.143,-10667.738
3698,0.008018233,-10493.175,-10493.175,-15771.137
3699,0.008019883,-9868.514,-8335.685,-14639.863
3700,0.008021479,-8920.54,-8920.54,-11437.612
3701,0.008023044,-7744.9565,-7744.9565,-7744.9565
3702,0.008024619,-6416.098,-6234.443,-2184.2537
3703,0.008026199,-5114.208,-5114.208,-56.72212
3704,0.008027777,-4042.903,-4042.903,94.01227
3705,0.008029329,-3404.2607,-4105.4233,-1697.3862
3706,0.00803086,-3361.9722,-3361.9722,-3361.9722
3707,0.008032399,-4014.7314,-4014.7314,-5684.6836
3708,0.008033935,-5164.651,-3415.6174,-4924.4565
3709,0.00803547,-6539.654,-6539.654,-6097.582
3710,0.008036974,-7844.4854,-7844.4854,-6827.3555
3711,0.008038519,-8871.277,-8885.114,-8871.277
3712,0.00804013,-9387.896,-9387.896,-8123.8784
3713,0.008041775,-9427.918,-9427.918,-10029.668
3714,0.008043432,-9152.38,-7753.2207,-9885.559
3715,0.008045097,-8742.369,-8742.369,-8772.363
3716,0.008046748,-8388.496,-8388.496,-8388.496
3717,0.008048386,-8223.808,-8001.6104,-7524.652
3718,0.008050036,-8192.281,-8192.281,-6666.465
3719,0.008051686,-8194.566,-8194.566,-5939.0425
3720,0.008053329,-8129.9297,-8034.627,-5401.691
3721,0.008054944,-7904.2695,-7904.2695,-7904.2695
3722,0.008056504,-7473.561,-7473.561,-9091.223
3723,0.00805803,-6909.055,-5731.652,-9886.074
3724,0.008059587,-6276.9365,-6276.9365,-8525.706
3725,0.008061134,-5682.3,-5682.3,-5885.2695
3726,0.008062636,-5221.8315,-5930.477,-5221.8315
3727,0.008064101,-4959.4146,-4959.4146,-3187.1362
3728,0.008065565,-4941.506,-4941.506,-4100.152
3729,0.008067044,-5228.719,-3783.4963,-6168.4253
3730,0.008068562,-5903.215,-5903.215,-7143.191
3731,0.008070127,-7067.0195,-7067.0195,-7067.0195
3732,0.008071754,-8804.801,-7644.9585,-8164.043
3733,0.008073348,-10866.047,-10866.047,-12807.277
3734,0.00807491,-13030.447,-13030.447,-14842.707
3735,0.008076465,-15133.683,-12690.654,-13158.473
3736,0.008078003,-16975.691,-16975.691,-16975.691
3737,0.008079524,-18376.18,-18376.18,-15353.129
3738,0.008081002,-19136.158,-14944.051,-16614.496
3739,0.008082498,-19097.674,-19097.674,-16172.637
3740,0.008084032,-18000.062,-18000.062,-16925.496
3741,0.00808556,-15623.48,-20636.006,-15623.48
3742,0.008087046,-12014.09,-12014.09,-15068.207
3743,0.008088498,-7721.293,-7721.293,-11292.074
3744,0.008089984,-3162.539,-5232.5283,-7242.543
3745,0.008091537,1101.8713,1101.8713,874.5982
3746,0.008093178,4267.2856,4267.2856,4267.2856
3747,0.008094857,5465.749,5246.8125,1599.7155
3748,0.008096533,4974.0176,4974.0176,2284.403
3749,0.008098192,3434.6995,3434.6995,2356.5984
3750,0.00809984,1464.3522,3497.3323,490.27008
3751,0.008101458,-327.1909,-327.1909,-327.1909
3752,0.00810301,-1520.0376,-1520.0376,99.20757
3753,0.008104607,-2359.4028,-1254.9602,-758.75336
3754,0.008106246,-3119.44,-3119.44,-4867.894
3755,0.008107867,-4081.2703,-4081.2703,-6899.801
3756,0.008109487,-5561.9253,-4885.5635,-5561.9253
3757,0.00811109,-7738.306,-7738.306,-8399.184
3758,0.008112629,-10294.118,-10294.118,-10913.73
3759,0.008114111,-12919.036,-7642.388,-12514.395
3760,0.008115591,-15445.335,-15445.335,-15017.372
3761,0.008117094,-17654.512,-17654.512,-17654.512
3762,0.008118618,-19286.297,-19156.406,-17917.066
3763,0.008120205,-20188.48,-20188.48,-16708.918
3764,0.00812188,-20123.873,-20123.873,-14499.442
3765,0.008123579,-18845.021,-16924.975,-16355.004
3766,0.008125278,-16193.324,-16193.324,-16193.324
3767,0.008126816,-12579.521,-12579.521,-14003.363
3768,0.008128234,-8546.518,-9533.647,-9237.449
3769,0.008129648,-4231.8916,-4231.8916,-4037.144
3770,0.008131126,194.041,194.041,-1085.6517
3771,0.008132717,4391.028,293.22507,4391.028
3772,0.00813429,7566.1123,7566.1123,5735.13
3773,0.008135869,9781.693,9781.693,6834.9263
3774,0.008137464,11139.865,5578.197,13127.661
3775,0.008139062,11723.683,11723.683,15014.255
3776,0.008140607,11652.584,11652.584,11652.584
3777,0.00814215,11074.697,11360.944,6358.005
3778,0.00814371,10158.64,10158.64,5181.4736
3779,0.008145287,9098.714,9098.714,2035.6842
3780,0.008146807,8144.011,7664.1196,1844.9498
3781,0.008148312,7449.145,7449.145,7449.145
3782,0.008149837,7109.0312,7109.0312,15204.607
3783,0.008151441,6931.8916,4440.887,13756.802
3784,0.008153065,6624.3657,6624.3657,11201.552
3785,0.008154604,5918.867,5918.867,6790.88
3786,0.008156092,4587.255,6665.51,4587.255
3787,0.008157557,2518.4138,2518.4138,1292.4889
3788,0.008159067,-55.80122,-55.80122,-54.03462
3789,0.008160586,-2617.0417,-230.59656,1194.9811
3790,0.008162141,-4700.0054,-4700.0054,-2487.0034
3791,0.008163705,-5718.8555,-5718.8555,-5718.8555
3792,0.008165267,-5330.5527,-5610.9824,-10278.996
3793,0.008166806,-4042.5527,-4042.5527,-6522.6836
3794,0.008168352,-2508.317,-2508.317,-6696.0586
3795,0.008169928,-1383.873,-3496.1787,-1848.6285
3796,0.008171508,-1404.98,-1404.98,-1404.98
3797,0.008173052,-3004.179,-3004.179,-8805.582
3798,0.008174577,-5730.2046,-1268.0282,-11279.098
3799,0.008176094,-8988.276,-8988.276,-9516.145
3800,0.008177632,-12253.776,-12253.776,-10580.152
3801,0.00817918,-14895.293,-12569.115,-14895.293
3802,0.008180744,-16438.607,-16438.607,-19304.988
3803,0.008182311,-17001.45,-17001.45,-15556.895
3804,0.008183857,-16891.805,-14426.177,-15331.005
3805,0.008185385,-16424.752,-16424.752,-18223.238
3806,0.008186894,-15893.231,-15893.231,-15893.231
3807,0.008188445,-15528.7,-14085.189,-20443.508
3808,0.008190011,-15468.537,-15468.537,-20916.74
3809,0.008191586,-15808.966,-15808.966,-22703.2
3810,0.008193149,-16632.654,-14751.775,-20160.07
3811,0.008194667,-17979.316,-17979.316,-17979.316
3812,0.00819619,-19860.816,-19860.816,-21476.023
3813,0.008197691,-21863.543,-14891.85,-21841.281
3814,0.008199188,-23553.383,-23553.383,-21656.559
3815,0.008200681,-24483.928,-24483.928,-23855.367
3816,0.008202218,-24182.445,-25068.918,-24182.445
3817,0.008203764,-22264.383,-22264.383,-18974.336
3818,0.008205326,-19004.938,-19004.938,-14414.402
3819,0.008206855,-15000.924,-11882.81,-10696.496
3820,0.008208397,-10621.47,-10621.47,-8838.082
3821,0.008209951,-6341.4565,-6341.4565,-6341.4565
3822,0.008211533,-2558.1362,-7822.7993,-7902.871
3823,0.008213127,480.01288,480.01288,-3381.1287
3824,0.008214693,2586.414,2586.414,-349.519
3825,0.008216226,3689.305,2604.8235,6841.7627
3826,0.008217781,3722.4656,3722.4656,3722.4656
3827,0.008219365,2622.286,2622.286,3143.9653
3828,0.008220953,802.5391,2443.0522,-1226.4019
3829,0.008222529,-1175.919,-1175.919,-212.519
3830,0.008224074,-2767.1045,-2767.1045,-3005.9724
3831,0.00822561,-3507.152,-2285.76,-3507.152
3832,0.008227199,-3049.293,-3049.293,992.7779
3833,0.008228815,-1707.5868,-1707.5868,1467.4186
3834,0.008230473,-37.73835,-2115.8992,1076.153
3835,0.008232101,1270.1193,1270.1193,1381.9967
3836,0.008233657,1644.9889,1644.9889,1644.9889
3837,0.008235226,785.17377,569.6196,2584.8875
3838,0.008236852,-1039.1525,-1039.1525,-3715.4956
3839,0.00823851,-3271.802,-3271.802,-4480.183
3840,0.008240073,-5161.495,-3757.536,-4971.6597
3841,0.00824154,-6267.5815,-6267.5815,-6267.5815
3842,0.008243006,-6405.248,-6405.248,-7802.7305
3843,0.008244512,-5721.981,-4073.3787,-4077.0427
3844,0.008246011,-4525.088,-4525.088,-3889.9724
3845,0.008247508,-3129.2026,-3129.2026,-4102.3003
3846,0.008249057,-1807.269,-2380.778,-1807.269
3847,0.008250613,-861.58044,-861.58044,-2138.5503
3848,0.008252183,-200.52365,-200.52365,-3747.8474
3849,0.008253733,345.21368,-1051.7382,-203.65962
3850,0.008255217,934.98236,934.98236,404.41855
3851,0.008256683,1738.8014,1738.8014,1738.8014
3852,0.008258134,2848.4453,1452.3064,5354.2627
3853,0.008259604,4174.33,4174.33,4130.5356
3854,0.008261103,5556.791,5556.791,2489.9656
3855,0.008262633,6810.165,5750.5493,6379.6997
3856,0.008264176,7715.9814,7715.9814,7715.9814
3857,0.00826566,8124.4316,8124.4316,11765.091
3858,0.008267122,8212.674,4833.941,13540.083
3859,0.008268576,8178.686,8178.686,13707.739
3860,0.008270049,8210.651,8210.651,9810.864
3861,0.008271572,8518.06,7760.967,8518.06
3862,0.008273168,9246.743,9246.743,13226.45
3863,0.008274789,10033.078,10033.078,12455.936
3864,0.008276403,10355.618,7071.7837,11463.989
3865,0.008277976,9743.739,9743.739,8649.989
3866,0.008279528,7782.247,7782.247,7782.247
3867,0.008281059,4295.315,7084.2217,2362.4578
3868,0.008282574,-63.684807,-63.684807,-3204.5815
3869,0.008284086,-4508.2256,-4508.2256,-4957.926
3870,0.008285519,-8079.37,-4990.567,-8891.223
3871,0.008286945,-10324.395,-10324.395,-10324.395
3872,0.008288437,-10795.171,-10795.171,-9445.785
3873,0.008290014,-9758.318,-7841.168,-3920.433
3874,0.008291571,-8027.345,-8027.345,-5698.8003
3875,0.008293066,-6489.737,-6489.737,-5441.1914
3876,0.008294515,-5830.1133,-6537.589,-5830.1133
3877,0.008295952,-6471.9272,-6471.9272,-7510.3867
3878,0.008297414,-8165.188,-8165.188,-10951.582
3879,0.00829893,-10510.945,-6583.6187,-11237.34
3880,0.008300526,-13038.961,-13038.961,-11202.051
3881,0.008302131,-15011.738,-15011.738,-15011.738
3882,0.008303733,-15913.196,-15311.164,-16007.816
3883,0.008305356,-15816.312,-15816.312,-14246.879
3884,0.008306967,-14938.004,-14938.004,-15263.41
3885,0.008308522,-13560.145,-12990.863,-15122.942
3886,0.008310053,-11891.559,-11891.559,-11891.559
3887,0.008311599,-10075.141,-10075.141,-8912.972
3888,0.008313182,-8216.691,-8254.76,-8677.206
3889,0.008314785,-6467.5435,-6467.5435,-3723.402
3890,0.008316386,-4987.3457,-4987.3457,-3024.2458
3891,0.008318003,-3899.2534,-5370.6377,-3899.2534
3892,0.008319584,-3332.9053,-3332.9053,-4093.363
3893,0.00832104,-3230.895,-3230.895,-2531.5815
3894,0.008322467,-3483.1643,-2276.7773,-1129.4956
3895,0.008323883,-4042.2637,-4042.2637,-2706.738
3896,0.008325287,-4865.418,-4865.418,-4865.418
3897,0.008326706,-5890.535,-3623.9622,-5871.8237
3898,0.00832819,-6894.8833,-6894.8833,-5631.121
3899,0.008329699,-7500.0713,-7500.0713,-8226.425
3900,0.008331241,-7315.5967,-6138.796,-10877.48
3901,0.008332798,-5920.8237,-5920.8237,-5920.8237
3902,0.008334383,-3014.4668,-3014.4668,1779.1061
3903,0.008335994,1051.9784,-2620.3677,11010.013
3904,0.008337617,5674.1445,5674.1445,16696.035
3905,0.008339284,10323.902,10323.902,17595.473
3906,0.008340944,14197.958,11245.798,14197.958
3907,0.008342538,16729.879,16729.879,17765.035
3908,0.008344102,18169.918,18169.918,24440.06
3909,0.008345651,18793.936,12957.377,19167.855
3910,0.008347193,18834.588,18834.588,19039.139
3911,0.008348717,18512.06,18512.06,18512.06
3912,0.008350236,17981.896,18899.512,5921.4497
3913,0.008351744,17188.037,17188.037,6701.505
3914,0.008353265,16002.4375,16002.4375,10878.505
3915,0.008354766,14340.817,14236.147,14487.263
3916,0.008356255,12099.856,12099.856,12099.856
3917,0.008357741,9217.527,9217.527,10432.341
3918,0.008359243,5798.9653,8385.246,5522.0127
3919,0.008360791,1960.1172,1960.1172,456.1451
3920,0.008362317,-1921.343,-1921.343,1478.9655
3921,0.008363838,-5671.418,-1491.4407,-5671.418
3922,0.008365393,-9152.021,-9152.021,-4710.4023
3923,0.008366976,-12048.989,-12048.989,-5478.035
3924,0.008368586,-14022.487,-9910.2,-13814.129
3925,0.008370205,-14704.331,-14704.331,-16814.527
3926,0.0083718,-13790.621,-13790.621,-13790.621
3927,0.00837337,-11220.543,-11882.009,-15693.231
3928,0.008374928,-7545.4727,-7545.4727,-15292.113
3929,0.008376456,-3499.8042,-3499.8042,-10831.059
3930,0.008378003,392.13657,-4093.6172,-4800.136
3931,0.008379554,3433.1997,3433.1997,3433.1997
3932,0.00838105,5081.5645,5081.5645,1999.2311
3933,0.008382573,5617.2124,4143.3066,6632.6924
3934,0.008384121,5305.809,5305.809,7519.216
3935,0.008385692,4448.526,4448.526,3856.911
3936,0.008387329,3349.45,5389.2744,3349.45
3937,0.008389008,2343.4807,2343.4807,214.38727
3938,0.008390675,1546.7349,1546.7349,1524.5123
3939,0.008392354,963.4436,1051.6877,-1987.9254
3940,0.008394039,615.086,615.086,982.61383
3941,0.008395691,519.44196,519.44196,519.44196
3942,0.008397333,646.45215,-417.29547,3297.8015
3943,0.008398914,832.6915,832.6915,5121.794
3944,0.00840047,910.2395,910.2395,199.64508
3945,0.008402051,714.067,324.47552,-3880.2144
3946,0.008403639,67.79351,67.79351,67.79351
3947,0.00840521,-1104.4651,-1104.4651,-2147.7068
3948,0.008406681,-2483.6672,232.11954,-1404.3784
3949,0.008408114,-3845.2441,-3845.2441,-735.6675
3950,0.00840958,-5013.3774,-5013.3774,-4620.582
3951,0.008411091,-5719.6836,-5606.82,-5719.6836
3952,0.00841264,-5721.719,-5721.719,-10821.645
3953,0.008414221,-5101.2373,-5101.2373,-11604.168
3954,0.008415843,-4041.1025,-4457.982,-5896.7695
3955,0.008417432,-2814.379,-2814.379,-2339.566
3956,0.008419028,-1622.48,-1622.48,-1622.48
3957,0.008420672,-634.40674,-1475.1852,-729.1284
3958,0.008422357,88.76267,88.76267,3304.1687
3959,0.008423974,511.6258,511.6258,5965.083
3960,0.00842557,672.8748,1401.1769,4320.6763
3961,0.008427177,582.36383,582.36383,582.36383
3962,0.00842877,274.1482,274.1482,-1857.4565
3963,0.008430365,-108.866165,698.4526,-673.7925
3964,0.008431984,-397.6017,-397.6017,4076.8796
3965,0.00843361,-406.2576,-406.2576,-2925.941
3966,0.008435205,34.324764,-687.5781,34.324764
3967,0.008436803,1012.77594,1012.77594,3237.7468
3968,0.008438394,2284.5913,2284.5913,1601.0123
3969,0.008439984,3535.8872,1986.2247,1829.942
3970,0.008441556,4444.3433,4444.3433,3928.6843
3971,0.008443099,4722.169,4722.169,4722.169
3972,0.008444689,4187.991,4440.497,5379.1143
3973,0.008446305,3099.981,3099.981,4301.1685
3974,0.008447905,1911.8375,1911.8375,4731.4106
3975,0.008449513,1039.7418,2314.3418,756.51227
3976,0.00845109,916.3404,916.3404,916.3404
3977,0.008452629,1756.9196,1756.9196,6624.591
3978,0.008454183,3285.1392,1098.8854,6192.5283
3979,0.008455777,5119.026,5119.026,6155.997
3980,0.008457332,6734.167,6734.167,8221.2
3981,0.008458886,7748.7236,7284.683,7748.7236
3982,0.008460473,7847.221,7847.221,8989.731
3983,0.008462065,7154.74,7154.74,9747.942
3984,0.008463629,5975.681,5997.989,5474.942
3985,0.008465176,4587.062,4587.062,6884.911
3986,0.008466741,3222.8015,3222.8015,3222.8015
3987,0.008468346,2076.2485,2392.418,-718.5424
3988,0.008469925,1139.7524,1139.7524,-1793.2612
3989,0.008471497,274.22574,274.22574,-6990.113
3990,0.008473095,-661.7034,-367.3936,-2431.5269
3991,0.008474688,-1776.2065,-1776.2065,-1776.2065
3992,0.008476238,-3100.187,-3100.187,-601.98
3993,0.008477804,-4521.381,-1758.665,666.3404
3994,0.008479401,-5836.131,-5836.131,-2173.3706
3995,0.008481044,-6809.364,-6809.364,-4375.4883
3996,0.008482663,-7153.715,-7122.177,-7153.715
3997,0.008484238,-6757.262,-6757.262,-8614.137
3998,0.008485814,-5820.118,-5820.118,-8328.207
3999,0.008487411,-4588.2407,-4747.304,-6020.2305
4000,0.00848904,-3321.3455,-3321.3455,-4038.23
4001,0.008490693,-2321.3003,-2321.3003,-2321.3003
4002,0.008492344,-1854.4199,-1707.1887,2548.2468
4003,0.00849399,-1939.1825,-1939.1825,1409.9264
4004,0.008495621,-2530.6938,-2530.6938,-1772.6519
4005,0.008497273,-3609.9185,-2117.8638,-5606.7456
4006,0.008498933,-5145.5737,-5145.5737,-5145.5737
4007,0.008500572,-7034.207,-7034.207,-9199.332
4008,0.008502221,-9088.444,-5379.457,-16146.535
4009,0.008503838,-11004.96,-11004.96,-16643.191
4010,0.008505398,-12533.147,-12533.147,-15552.582
4011,0.008506934,-13515.52,-14166.965,-13515.52
4012,0.008508462,-13836.906,-13836.906,-17595.715
4013,0.008510025,-13617.287,-13617.287,-14710.473
4014,0.008511569,-13051.58,-11926.23,-13033.473
4015,0.008513093,-12343.902,-12343.902,-13438.098
4016,0.00851465,-11663.043,-11663.043,-11663.043
4017,0.00851625,-11162.801,-11257.998,-7528.418
4018,0.008517887,-10807.205,-10807.205,-8011.3784
4019,0.008519533,-10499.115,-10499.115,-5882.9336
4020,0.008521173,-10131.034,-10017.041,-6899.082
4021,0.008522796,-9598.488,-9598.488,-9598.488
4022,0.008524383,-8858.508,-8858.508,-9346.027
4023,0.008525962,-8033.183,-7949.287,-10815.504
4024,0.008527535,-7292.1973,-7292.1973,-10022.488
4025,0.008529058,-6811.053,-6811.053,-11313.684
4026,0.008530563,-6715.2617,-7534.3843,-6715.2617
4027,0.008532056,-7062.716,-7062.716,-9726.98
4028,0.008533558,-7616.11,-7616.11,-11792.816
4029,0.008535098,-8061.0728,-5308.9277,-12107.551
4030,0.008536646,-8037.7373,-8037.7373,-9350.457
4031,0.0085382,-7187.191,-7187.191,-7187.191
4032,0.008539768,-5259.8364,-6849.3247,-8881.793
4033,0.008541337,-2547.6218,-2547.6218,-3051.8237
4034,0.008542926,565.9911,565.9911,5277.137
4035,0.008544532,3642.6133,492.6314,5118.3096
4036,0.008546131,6187.966,6187.966,6187.966
4037,0.008547719,7848.9214,7848.9214,10070.317
4038,0.008549313,8641.421,6259.6177,12719.591
4039,0.008550891,8643.265,8643.265,6075.8096
4040,0.008552456,7954.6855,7954.6855,6168.575
4041,0.008554057,6620.083,8451.123,6620.083
4042,0.008555654,4751.734,4751.734,1284.2311
4043,0.008557222,2551.0422,2551.0422,1661.8561
4044,0.008558698,298.55096,2552.8176,-345.77682
4045,0.008560124,-1910.6062,-1910.6062,-3373.3003
4046,0.00856155,-4024.9722,-4024.9722,-4024.9722
4047,0.008563039,-6014.1953,-4519.0317,-5008.1055
4048,0.008564585,-7792.418,-7792.418,-4998.215
4049,0.008566179,-9283.812,-9283.812,-6096.402
4050,0.008567752,-10378.909,-8239.552,-9297.176
4051,0.008569303,-11057.098,-11057.098,-11057.098
4052,0.008570853,-11314.536,-11314.536,-8662.815
4053,0.008572374,-11186.743,-8699.368,-3789.0115
4054,0.008573881,-10727.603,-10727.603,-8118.6836
4055,0.00857538,-9980.731,-9980.731,-9892.323
4056,0.008576875,-8985.332,-10517.361,-8985.332
4057,0.008578403,-7763.1255,-7763.1255,-9537.41
4058,0.008579978,-6405.806,-6405.806,-9427.683
4059,0.008581585,-5062.477,-4513.028,-6194.3394
4060,0.008583175,-3919.3098,-3919.3098,-4314.6836
4061,0.008584761,-3106.9333,-3106.9333,-3106.9333
4062,0.008586328,-2723.5444,-3945.159,-5342.355
4063,0.008587898,-2684.4863,-2684.4863,-5612.2534
4064,0.008589499,-2880.542,-2880.542,-2703.1597
4065,0.008591078,-3188.4119,-3026.6045,628.77795
4066,0.008592667,-3493.4565,-3493.4565,-3493.4565
4067,0.008594268,-3707.7268,-3707.7268,-5290.5195
4068,0.00859589,-3873.659,-2270.9219,-7394.191
4069,0.008597502,-4065.1958,-4065.1958,-8508.238
4070,0.008599071,-4350.949,-4350.949,-4808.9956
4071,0.008600598,-4791.691,-4491.841,-4791.691
4072,0.008602126,-5428.1714,-5428.1714,-1913.1207
4073,0.008603678,-6179.765,-6179.765,-6767.09
4074,0.008605206,-6897.803,-5305.216,-10592.652
4075,0.008606745,-7472.919,-7472.919,-7026.6597
4076,0.008608284,-7773.222,-7773.222,-7773.222
4077,0.008609863,-7705.7056,-6353.4414,-9468.738
4078,0.008611475,-7324.5986,-7324.5986,-9407.832
4079,0.008613079,-6756.912,-6756.912,-7286.84
4080,0.008614697,-6120.736,-4680.8325,-7358.4644
4081,0.008616316,-5548.0894,-5548.0894,-5548.0894
4082,0.008617925,-5119.0317,-5119.0317,-2945.394
4083,0.008619514,-4710.9473,-4706.0977,-334.3159
4084,0.008621085,-4157.3804,-4157.3804,3778.192
4085,0.008622649,-3296.2231,-3296.2231,-2871.9802
4086,0.008624223,-1954.7456,-4912.3516,-1954.7456
4087,0.008625777,-75.41256,-75.41256,-1320.5581
4088,0.008627373,2216.7988,2216.7988,-1322.6519
4089,0.008628986,4607.3506,2136.2224,-561.81586
4090,0.008630486,6630.557,6630.557,2802.4497
4091,0.008631931,8162.286,8162.286,8162.286
4092,0.008633399,9089.372,8341.645,2315.739
4093,0.008634932,9236.285,9236.285,2964.4421
4094,0.00863653,8356.109,8356.109,6482.5903
4095,0.008638098,6325.0835,8030.0835,3433.161
4096,0.008639673,2977.934,2977.934,2977.934
4097,0.008641263,-1710.228,-1710.228,-269.24554
4098,0.008642868,-7088.014,-1976.69,-4815.691
4099,0.008644496,-12319.73,-12319.73,-13362.465
4100,0.00864606,-16298.698,-16298.698,-15082.629
4101,0.008647592,-18419.793,-16039.621,-18419.793
4102,0.008649133,-18254.744,-18254.744,-19459.484
4103,0.008650691,-16194.18,-16194.18,-13565.309
4104,0.008652302,-12806.249,-10766.744,-11294.145
4105,0.008653938,-8848.445,-8848.445,-10953.66
4106,0.008655595,-5137.6206,-5137.6206,-5137.6206
4107,0.008657241,-2418.96,-4830.0063,-7194.082
4108,0.008658841,-725.12274,-725.12274,-2923.2144
4109,0.008660422,155.1382,155.1382,-3617.3628
4110,0.008662001,369.6903,-19.397696,-1544.3784
4111,0.008663526,60.918514,60.918514,60.918514
4112,0.00866502,-638.46014,-638.46014,-4413.3633
4113,0.008666506,-1681.7917,-681.85114,-6385.5034
4114,0.008668021,-3072.3794,-3072.3794,-8177.2065
4115,0.008669608,-4849.7573,-4849.7573,-8312.488
4116,0.008671212,-6944.1523,-5892.4087,-6944.1523
4117,0.008672808,-9238.455,-9238.455,-9605.434
4118,0.008674419,-11470.908,-11470.908,-10366.059
4119,0.008676064,-13299.844,-9700.919,-13215.746
4120,0.008677733,-14308.396,-14308.396,-13410.691
4121,0.008679442,-14050.668,-14050.668,-14050.668
4122,0.008681152,-12274.567,-13919.796,-12518.043
4123,0.008682831,-9638.949,-9638.949,-14639.277
4124,0.00868449,-6924.0234,-6924.0234,-13398.199
4125,0.008686136,-4855.959,-5846.6367,-5922.41
4126,0.008687763,-4135.48,-4135.48,-4135.48
4127,0.008689393,-5186.6475,-5186.6475,-4872.1597
4128,0.008691002,-7423.9307,-3502.1362,-4787.0894
4129,0.008692597,-10051.501,-10051.501,-8702.621
4130,0.008694215,-12355.874,-12355.874,-10584.824
4131,0.008695845,-13513.934,-13925.867,-13513.934
4132,0.008697446,-12967.355,-12967.355,-14733.176
4133,0.008699058,-11125.099,-11125.099,-14950.02
4134,0.008700691,-8586.177,-7727.65,-12399.496
4135,0.008702325,-6026.439,-6026.439,-10134.824
4136,0.008703954,-4113.1987,-4113.1987,-4113.1987
4137,0.008705567,-3302.798,-4058.8435,-1478.9956
4138,0.008707213,-3268.452,-3268.452,377.63727
4139,0.008708881,-3513.4807,-3513.4807,2334.9106
4140,0.008710569,-3489.576,-2507.1238,892.317
4141,0.008712225,-2653.1675,-2653.1675,-2653.1675
4142,0.008713866,-679.975,-679.975,-6857.6523
4143,0.008715492,2021.003,141.13535,-5008.0664
4144,0.008717094,4869.582,4869.582,-2390.316
4145,0.008718659,7323.9136,7323.9136,3137.9968
4146,0.008720212,8949.653,8006.5713,8949.653
4147,0.008721809,9406.642,9406.642,5979.567
4148,0.008723417,8773.621,8773.621,4758.4424
4149,0.00872503,7323.4575,7037.7065,8092.575
4150,0.008726652,5333.13,5333.13,5115.825
4151,0.008728248,3138.2468,3138.2468,3138.2468
4152,0.008729792,1040.7281,2881.187,7052.6846
4153,0.008731361,-881.3309,-881.3309,2631.6216
4154,0.008732996,-2479.374,-2479.374,381.04352
4155,0.008734648,-3483.2598,-2469.605,-1425.019
4156,0.008736298,-3678.1753,-3678.1753,-3678.1753
4157,0.008737965,-2940.7075,-2940.7075,-4445.402
4158,0.008739615,-1502.8936,-2003.9534,-3285.8787
4159,0.008741231,301.59827,301.59827,1212.0436
4160,0.008742739,2091.9065,2091.9065,3259.059
4161,0.008744206,3711.778,1493.4941,3711.778
4162,0.008745681,5046.9004,5046.9004,4434.13
4163,0.008747189,6095.109,6095.109,5153.653
4164,0.00874876,6877.728,4370.8525,9355.661
4165,0.008750348,7381.1826,7381.1826,12449.474
4166,0.008751918,7627.919,7627.919,7627.919
4167,0.008753455,7683.605,6359.556,7667.716
4168,0.008754949,7705.435,7705.435,9654.364
4169,0.008756437,7857.004,7857.004,10259.794
4170,0.008757968,8316.165,6775.7437,9261.56
4171,0.008759562,9306.036,9306.036,9306.036
4172,0.00876113,10864.894,10864.894,12425.169
4173,0.008762655,12585.103,8696.773,10331.326
4174,0.00876418,14057.3545,14057.3545,8816.161
4175,0.008765733,14841.646,14841.646,11054.239
4176,0.008767337,14398.427,15566.439,14398.427
4177,0.00876893,12390.167,12390.167,9864.061
4178,0.008770543,9260.209,9260.209,5841.403
4179,0.00877218,5680.5977,7471.2896,2240.6138
4180,0.008773798,2464.8948,2464.8948,-3237.1597
4181,0.008775354,343.26227,343.26227,343.26227
4182,0.008776891,-355.15268,1108.2167,7155.8174
4183,0.008778397,94.39374,94.39374,3036.8562
4184,0.008779902,1294.7501,1294.7501,8890.388
4185,0.008781398,2868.708,2040.0461,11247.716
4186,0.008782908,4474.6846,4474.6846,4474.6846
4187,0.008784467,5835.5586,5835.5586,9511.192
4188,0.008786032,6876.608,4765.0327,9130.419
4189,0.008787586,7640.3687,7640.3687,5566.2075
4190,0.008789117,8180.401,8180.401,4281.692
4191,0.008790665,8562.989,9832.347,8562.989
4192,0.008792163,8812.041,8812.041,6405.3877
4193,0.008793672,8924.584,8924.584,10368.997
4194,0.008795178,8867.235,5403.3374,11469.131
4195,0.008796713,8601.978,8601.978,7717.3096
4196,0.008798267,8087.1455,8087.1455,8087.1455
4197,0.008799791,7336.9116,8303.238,3281.2078
4198,0.008801247,6493.407,6493.407,3248.2312
4199,0.008802712,5642.893,5642.893,5707.4736
4200,0.008804245,4883.565,6223.9595,5993.1143
4201,0.008805899,4373.0044,4373.0044,4373.0044
4202,0.008807563,4319.038,4319.038,2213.1763
4203,0.008809199,4709.02,2499.008,2116.7544
4204,0.008810792,5471.0283,5471.0283,6070.3955
4205,0.00881236,6551.801,6551.801,7315.02
4206,0.008813917,7913.3174,6408.2886,7913.3174
4207,0.008815485,9473.241,9473.241,15665.231
4208,0.008817092,10889.051,10889.051,14758.224
4209,0.008818748,11671.648,8918.193,16840.693
4210,0.008820454,11232.969,11232.969,14456.153
4211,0.008822133,9037.911,9037.911,9037.911
4212,0.008823759,4941.556,7834.0225,-758.1518
4213,0.008825365,-525.5018,-525.5018,-4997.605
4214,0.008826914,-6510.7485,-6510.7485,-8887.738
4215,0.008828483,-12667.284,-8088.4653,-10943.605
4216,0.008830072,-18366.129,-18366.129,-18366.129
4217,0.008831652,-22971.422,-22971.422,-20261.297
4218,0.008833234,-26432.752,-18401.734,-21430.703
4219,0.008834857,-28809.84,-28809.84,-22344.205
4220,0.008836505,-30029.746,-30029.746,-24087.84
4221,0.00883819,-30057.547,-31572.564,-30057.547
4222,0.00883985,-28936.104,-28936.104,-32279.137
4223,0.008841492,-26889.219,-26889.219,-27389.656
4224,0.008843115,-24159.21,-18412.086,-28049.533
4225,0.008844677,-21061.057,-21061.057,-22978.207
4226,0.008846186,-17804.191,-17804.191,-17804.191
4227,0.008847735,-14372.593,-19913.238,-14616.121
4228,0.00884934,-10941.657,-10941.657,-9226.152
4229,0.00885095,-7862.442,-7862.442,-1124.48
4230,0.008852585,-5351.9805,-6398.8174,-73.51899
4231,0.008854224,-3708.6052,-3708.6052,-3708.6052
4232,0.008855819,-3093.1257,-3093.1257,2098.153
4233,0.008857413,-3206.3152,-3598.6152,-1083.0737
4234,0.008858968,-3696.5645,-3696.5645,-5507.41
4235,0.008860541,-4252.374,-4252.374,-10099.926
4236,0.008862146,-4547.2227,-4659.842,-4547.2227
4237,0.008863682,-4333.2075,-4333.2075,129.4732
4238,0.008865199,-3721.1018,-3721.1018,1773.7233
4239,0.008866752,-2840.3086,-2741.3394,-1458.9331
4240,0.008868312,-1858.8157,-1858.8157,-329.38617
4241,0.008869837,-962.9956,-962.9956,-962.9956
4242,0.00887136,-254.8878,-1025.4783,-4278.277
4243,0.00887291,274.31454,274.31454,3414.9578
4244,0.008874463,642.75494,642.75494,7131.552
4245,0.008876039,884.1284,560.02,6036.3486
4246,0.008877621,1025.8561,1025.8561,1025.8561
4247,0.008879223,1120.0723,1120.0723,1562.7701
4248,0.008880827,1293.1063,848.7162,219.2154
4249,0.008882408,1684.3453,1684.3453,-339.16745
4250,0.00888398,2431.0662,2431.0662,645.5279
4251,0.00888554,3661.903,2368.107,3661.903
4252,0.008887114,5437.2847,5437.2847,5386.825
4253,0.008888729,7440.4224,7440.4224,7498.2
4254,0.008890367,9157.875,5342.996,8782.974
4255,0.008891997,10045.143,10045.143,9113.106
4256,0.008893633,9599.935,9599.935,9599.935
4257,0.008895255,7536.4043,8883.743,10222.1455
4258,0.008896857,4415.674,4415.674,7750.458
4259,0.008898404,1033.4349,1033.4349,3741.2156
4260,0.008899932,-2045.8839,473.34238,32.254448
4261,0.008901463,-4265.113,-4265.113,-4265.113
4262,0.008902984,-5156.8228,-5156.8228,-4379.386
4263,0.008904509,-4855.9834,-5262.9717,-1218.4878
4264,0.008906013,-3644.1604,-3644.1604,1913.528
4265,0.008907473,-1839.1079,-1839.1079,1064.4108
4266,0.008908942,365.91074,-1782.8206,365.91074
4267,0.008910463,2805.8103,2805.8103,1581.1608
4268,0.008912047,5218.905,5218.905,4233.2153
4269,0.008913655,7211.454,4271.3413,4154.817
4270,0.008915273,8415.623,8415.623,7282.4346
4271,0.008916909,8470.169,8470.169,8470.169
4272,0.00891855,7146.3994,8997.414,2454.0906
4273,0.008920207,4804.411,4804.411,-5030.8237
4274,0.008921875,1983.8732,1983.8732,-6915.691
4275,0.008923565,-771.7832,1897.2616,-6083.316
4276,0.008925246,-2833.0815,-2833.0815,-2833.0815
4277,0.008926858,-3735.4912,-3735.4912,-5763.1445
4278,0.008928421,-3580.9685,-2920.1643,-8940.465
4279,0.008929967,-2500.7117,-2500.7117,-9248.113
4280,0.008931516,-561.94244,-561.94244,-2078.2847
4281,0.008933032,2099.739,-836.3322,2099.739
4282,0.008934524,5321.7817,5321.7817,996.62164
4283,0.008936014,8710.974,8710.974,3953.9734
4284,0.008937486,11742.193,6130.9014,11404.614
4285,0.00893894,13957.51,13957.51,17781.152
4286,0.008940407,14937.763,14937.763,14937.763
4287,0.008941952,14290.156,15202.256,13683.075
4288,0.008943527,12335.686,12335.686,7268.5596
4289,0.008945071,9821.052,9821.052,4315.7627
4290,0.008946629,7356.887,10765.311,1579.8639
4291,0.008948196,5634.52,5634.52,5634.52
4292,0.008949735,5176.051,5176.051,6511.4185
4293,0.008951254,5733.2114,4333.013,5874.622
4294,0.008952749,6917.6045,6917.6045,11342.95
4295,0.008954233,8384.479,8384.479,12498.755
4296,0.008955716,9811.575,8647.557,9811.575
4297,0.008957217,10918.754,10918.754,11228.349
4298,0.008958736,11538.1045,11538.1045,11236.036
4299,0.008960268,11530.113,8339.126,16008.583
4300,0.008961819,10748.572,10748.572,7307.0596
4301,0.008963391,9031.247,9031.247,9031.247
4302,0.008964943,6421.673,9376.045,7940.4185
4303,0.008966441,3527.4424,3527.4424,3725.0906
4304,0.008967922,882.1725,882.1725,3631.2
4305,0.008969406,-984.4671,625.8407,-4068.8706
4306,0.0089709,-1496.6753,-1496.6753,-1496.6753
4307,0.008972453,-186.96996,-186.96996,-2829.035
4308,0.00897401,2493.2085,185.17444,494.24667
4309,0.008975553,5762.8794,5762.8794,6319.3174
4310,0.008977107,8931.673,8931.673,7640.63
4311,0.008978693,11265.099,10716.577,11265.099
4312,0.008980287,12119.326,12119.326,10450.013
4313,0.008981841,11795.074,11795.074,10217.0205
4314,0.008983377,10824.545,9451.214,10257.919
4315,0.0089849,9680.972,9680.972,9497.544
4316,0.008986361,8833.185,8833.185,8833.185
4317,0.008987801,8538.361,7934.9316,8075.45
4318,0.008989247,8709.559,8709.559,7198.7153
4319,0.008990717,9192.254,9192.254,7561.8174
4320,0.008992223,9827.689,8476.54,12795.2705
4321,0.00899376,10429.638,10429.638,10429.638
4322,0.008995339,10819.695,10819.695,8547.7705
4323,0.008996937,10908.555,8714.01,9675.356
4324,0.00899849,10659.756,10659.756,4904.411
4325,0.009000038,10043.703,10043.703,5998.458
4326,0.009001605,9006.153,10440.306,9006.153
4327,0.009003202,7492.2515,7492.2515,9785.231
4328,0.009004776,5573.4653,5573.4653,6383.0674
4329,0.00900631,3330.987,3799.999,2281.6997
4330,0.009007824,790.6465,790.6465,-287.62057
4331,0.009009365,-2094.8628,-2094.8628,-2094.8628
4332,0.009010985,-5340.3706,-2284.0652,-4054.8628
4333,0.009012612,-8394.775,-8394.775,-10410.074
4334,0.009014188,-10680.577,-10680.577,-13281.941
4335,0.009015745,-11833.811,-11982.963,-13644.043
4336,0.009017322,-11426.355,-11426.355,-11426.355
4337,0.009018887,-9225.016,-9225.016,-5876.027
4338,0.009020462,-5875.2686,-5727.996,-3433.7222
4339,0.009022065,-2230.5103,-2230.5103,-400.7143
4340,0.009023651,678.94196,678.94196,3030.0046
4341,0.009025157,1956.0358,803.53394,1956.0358
4342,0.009026639,1282.5519,1282.5519,1181.3639
4343,0.009028093,-692.89575,-692.89575,-5887.41
4344,0.009029545,-3174.6162,-1082.7166,-5548.3784
4345,0.009031079,-5480.7534,-5480.7534,-5422.6753
4346,0.009032628,-6555.644,-6555.644,-6555.644
4347,0.009034172,-5703.173,-6561.9453,146.58258
4348,0.009035717,-3351.0498,-3351.0498,3149.0046
4349,0.009037275,-169.4461,-169.4461,7509.1606
4350,0.009038846,3137.0256,544.2463,3658.1062
4351,0.009040423,5818.2544,5818.2544,5818.2544
4352,0.009041972,7284.1113,7284.1113,7994.3877
4353,0.009043497,7745.365,6534.1714,5812.145
4354,0.009044995,7555.046,7555.046,4179.1455
4355,0.009046461,7038.8574,7038.8574,5284.45
4356,0.009047917,6480.255,6681.881,6480.255
4357,0.009049402,6078.634,6078.634,3499.45
4358,0.009050908,5789.502,5789.502,3064.0747
4359,0.009052414,5494.114,3351.1953,1716.4498
4360,0.009053974,5047.263,5047.263,2295.4812
4361,0.00905557,4297.5596,4297.5596,4297.5596
4362,0.00905716,3179.4536,3237.746,2474.2078
4363,0.009058789,1864.5328,1864.5328,1373.4576
4364,0.009060414,674.7294,674.7294,1481.3405
4365,0.00906201,-90.42836,605.7291,435.9029
4366,0.009063632,-169.5815,-169.5815,-169.5815
4367,0.009065214,622.96405,622.96405,1623.192
4368,0.009066788,2105.3818,138.41911,4682.5435
4369,0.009068368,4043.2493,4043.2493,8410.927
4370,0.009069945,6181.0186,6181.0186,12886.856
4371,0.00907154,8299.185,6807.6133,8299.185
4372,0.009073155,10156.7705,10156.7705,11836.833
4373,0.009074798,11566.289,11566.289,16760.78
4374,0.009076435,12320.198,6711.6245,15770.38
4375,0.009078056,12260.8125,12260.8125,12233.106
4376,0.009079668,11243.536,11243.536,11243.536
4377,0.009081247,9290.345,11662.928,3277.9265
4378,0.009082769,6954.339,6954.339,-2919.8784
4379,0.009084281,4730.7646,4730.7646,-4907.3394
4380,0.009085806,3122.5898,3704.4363,-2895.7146
4381,0.009087349,2694.8953,2694.8953,2694.8953
4382,0.009088891,3811.9656,3811.9656,11869.481
4383,0.009090446,5961.871,3628.422,10373.583
4384,0.009092008,8383.413,8383.413,10425.942
4385,0.009093553,10274.542,10274.542,9845.044
4386,0.009095093,10908.622,11033.679,10908.622
4387,0.009096692,9710.941,9710.941,8348.349
4388,0.009098311,7086.09,7086.09,3115.2546
4389,0.009099899,3892.202,4190.29,2559.9343
4390,0.009101487,837.0457,837.0457,344.18414
4391,0.00910306,-1318.1753,-1318.1753,-1318.1753
4392,0.009104622,-2098.6052,-1118.9543,7187.216
4393,0.009106085,-1929.3096,-1929.3096,11376.56
4394,0.009107513,-1401.103,-1401.103,6276.5596
4395,0.009108991,-963.5196,-102.7604,-3480.9487
4396,0.009110543,-1167.269,-1167.269,-1167.269
4397,0.009112099,-2441.6995,-2441.6995,3219.8953
4398,0.009113669,-4457.4287,-2264.794,-4595.254
4399,0.009115282,-6714.0938,-6714.0938,-8305.699
4400,0.009116873,-8546.5,-8546.5,-8100.6445
4401,0.009118359,-9395.801,-8865.725,-9395.801
4402,0.009119817,-9095.433,-9095.433,-4917.277
4403,0.009121294,-7899.3496,-7899.3496,-4186.4565
4404,0.009122767,-6210.195,-5700.7104,-6299.113
4405,0.009124261,-4399.591,-4399.591,-4990.9097
4406,0.009125808,-2862.2458,-2862.2458,-2862.2458
4407,0.009127336,-2044.3511,-2900.5022,1240.1764
4408,0.009128851,-1955.4319,-1955.4319,990.3482
4409,0.009130385,-2549.371,-2549.371,-1940.5425
4410,0.009131963,-3826.9548,-2801.4238,-4050.1208
4411,0.009133544,-5731.7847,-5731.7847,-5731.7847
4412,0.009135095,-8082.511,-8082.511,-12773.168
4413,0.009136576,-10386.922,-6848.457,-12769.168
4414,0.009138035,-12289.4795,-12289.4795,-15383.332
4415,0.009139528,-13427.89,-13427.89,-13106.105
4416,0.009140993,-13328.004,-14415.932,-13328.004
4417,0.0091424,-11858.542,-11858.542,-10443.862
4418,0.009143797,-9442.958,-9442.958,-5999.66
4419,0.009145251,-6478.816,-5603.7173,-3231.5815
4420,0.009146789,-3487.2788,-3487.2788,-3148.9878
4421,0.009148286,-1367.2222,-1367.2222,-1367.2222
4422,0.009149706,-496.95743,-1559.06,4249.552
4423,0.00915115,-448.97076,-448.97076,782.83264
4424,0.009152651,-770.1505,-770.1505,1203.028
4425,0.009154216,-920.59906,-1581.861,-392.6909
4426,0.009155767,-278.47214,-278.47214,-278.47214
4427,0.009157318,1575.4625,1575.4625,6193.6143
4428,0.009158839,4264.4575,1157.8065,6385.583
4429,0.009160384,7386.9893,7386.9893,4470.216
4430,0.009161904,10363.185,10363.185,9617.849
4431,0.009163428,12773.067,11129.095,12773.067
4432,0.009165002,14244.133,14244.133,8363.685
4433,0.009166609,14615.212,14615.212,12976.006
4434,0.009168221,13867.125,10766.49,19946.264
4435,0.009169774,12111.218,12111.218,16061.818
4436,0.009171318,9383.364,9383.364,9383.364
4437,0.009172838,5868.0054,8581.684,9787.286
4438,0.009174332,2131.3982,2131.3982,5982.5986
4439,0.009175839,-1299.1178,-1299.1178,979.16077
4440,0.009177383,-3810.6606,-1959.5682,-3890.6365
4441,0.009178955,-4636.582,-4636.582,-4636.582
4442,0.009180528,-3289.9563,-3289.9563,-4597.3164
4443,0.00918211,-442.02567,-1712.836,-3922.4487
4444,0.009183675,2882.4507,2882.4507,321.29352
4445,0.009185236,5745.5923,5745.5923,7613.0596
4446,0.009186826,7214.473,6825.5977,7214.473
4447,0.00918846,6471.8438,6471.8438,3417.653
4448,0.009190081,3978.2344,3978.2344,1648.5359
4449,0.009191609,746.1257,2304.2812,2301.692
4450,0.00919312,-2621.3213,-2621.3213,1286.0983
4451,0.00919467,-5570.9487,-5570.9487,-5570.9487
4452,0.009196233,-7478.3037,-5152.867,-6623.0586
4453,0.009197827,-8382.448,-8382.448,-8938.27
4454,0.009199456,-8453.931,-8453.931,-9001.495
4455,0.009201079,-7905.9326,-6187.2646,-8537.113
4456,0.009202668,-7000.3477,-7000.3477,-7000.3477
4457,0.009204236,-5958.318,-5958.318,-7339.5503
4458,0.00920581,-4928.8467,-5798.8335,-8881.926
4459,0.009207361,-4080.4402,-4080.4402,-8422.293
4460,0.009208911,-3545.2126,-3545.2126,-5654.238
4461,0.009210473,-3471.2925,-4742.7065,-3471.2925
4462,0.009212011,-3941.472,-3941.472,-2834.9878
4463,0.009213532,-4785.7734,-4785.7734,-6525.4956
4464,0.00921509,-5824.844,-2271.9883,-8818.074
4465,0.009216679,-6837.66,-6837.66,-10581.246
4466,0.009218303,-7580.066,-7580.066,-7580.066
4467,0.009219989,-7850.051,-9000.054,-10638.23
4468,0.009221699,-7726.678,-7726.678,-13775.605
4469,0.009223397,-7411.73,-7411.73,-12125.199
4470,0.009225017,-7118.949,-7408.7544,-9753.426
4471,0.00922656,-7010.746,-7010.746,-7010.746
4472,0.009228099,-7172.1094,-7172.1094,-2101.7847
4473,0.00922968,-7511.07,-5168.9253,-1827.6128
4474,0.009231275,-7865.1885,-7865.1885,-3220.855
4475,0.009232877,-8063.3794,-8063.3794,-2471.9565
4476,0.009234467,-7935.4727,-8812.961,-7935.4727
4477,0.00923608,-7372.821,-7372.821,-3989.6362
4478,0.009237671,-6560.6,-6560.6,-2479.1987
4479,0.009239219,-5748.8447,-4623.4126,604.32477
4480,0.009240752,-5137.8745,-5137.8745,-523.40186
4481,0.009242278,-4928.73,-4928.73,-4928.73
4482,0.009243837,-5231.5015,-5315.504,-6773.5034
4483,0.00924538,-5722.1216,-5722.1216,-5117.058
4484,0.009246945,-5975.409,-5975.409,-4285.941
4485,0.009248557,-5512.2397,-6158.9683,524.75446
4486,0.009250124,-3901.3318,-3901.3318,-3901.3318
4487,0.009251654,-968.12585,-968.12585,-293.7534
4488,0.009253177,2833.8818,302.3036,13833.903
4489,0.009254722,6948.5884,6948.5884,16247.169
4490,0.009256275,10691.776,10691.776,16801.326
4491,0.0092578,13345.427,11067.11,13345.427
4492,0.009259373,14561.0625,14561.0625,13100.231
4493,0.009260912,14589.925,14589.925,12258.903
4494,0.009262387,14023.222,11306.283,11279.3955
4495,0.009263862,13337.2705,13337.2705,12092.678
4496,0.009265365,12987.567,12987.567,12987.567
4497,0.00926689,13328.065,11570.19,9165.45
4498,0.009268396,14074.505,14074.505,11971.7
4499,0.009269941,14817.521,14817.521,13404.091
4500,0.009271528,15079.727,14362.557,14972.521
4501,0.009273109,14347.638,14347.638,14347.638
4502,0.009274663,12351.923,12351.923,11016.028
4503,0.009276235,9417.394,8573.297,8477.083
4504,0.00927784,6039.363,6039.363,7018.552
4505,0.009279442,2861.2378,2861.2378,3810.95
4506,0.009281052,448.9029,2578.9314,448.9029
4507,0.009282704,-779.9226,-779.9226,2892.309
4508,0.00928436,-1039.6046,-1039.6046,3323.6687
4509,0.00928599,-810.1604,-217.33534,4959.3486
4510,0.009287593,-561.07874,-561.07874,2474.2778
4511,0.009289182,-721.6362,-721.6362,-721.6362
4512,0.009290787,-1581.4565,-895.23395,-368.9565
4513,0.009292354,-2812.4536,-2812.4536,542.44977
4514,0.009293885,-3988.6077,-3988.6077,-1231.0034
4515,0.009295474,-4764.691,-4864.236,-2355.2378
4516,0.009297078,-4654.7305,-4654.7305,-4654.7305
4517,0.00929871,-3348.7588,-3348.7588,-5062.636
4518,0.009300348,-1284.6729,-2166.9976,-847.20654
4519,0.009301947,842.06616,842.06616,2376.5828
4520,0.009303545,2473.9065,2473.9065,2155.1216
4521,0.009305164,3010.7466,2988.6396,3010.7466
4522,0.009306812,1983.5972,1983.5972,1896.528
4523,0.009308478,-208.77415,-208.77415,-385.1362
4524,0.009310146,-2876.1418,-610.46826,-1834.5347
4525,0.009311778,-5277.323,-5277.323,-2058.6987
4526,0.009313399,-6811.8086,-6811.8086,-6811.8086
4527,0.00931505,-7015.112,-7014.403,-10138.91
4528,0.009316681,-6051.463,-6051.463,-12234.652
4529,0.009318294,-4298.348,-4298.348,-12025.262
4530,0.009319927,-2054.322,-3010.9856,-5742.261
4531,0.00932159,360.79355,360.79355,360.79355
4532,0.009323286,2633.8218,2633.8218,-56.151806
4533,0.009325013,4615.204,1960.9312,5283.442
4534,0.009326683,6129.168,6129.168,2866.3875
4535,0.009328322,7152.9165,7152.9165,4801.809
4536,0.009329916,7637.505,6734.104,7637.505
4537,0.009331513,7577.482,7577.482,4179.8325
4538,0.009333068,7070.3613,7070.3613,271.30133
4539,0.009334611,6230.5703,6689.0186,-1026.98
4540,0.009336166,5145.923,5145.923,-2652.988
4541,0.009337732,3914.3953,3914.3953,3914.3953
4542,0.009339331,2624.826,4271.595,4730.3247
4543,0.009340965,1411.3092,1411.3092,1253.9655
4544,0.009342645,427.10413,427.10413,1678.9498
4545,0.009344361,-137.8381,17.198357,1662.9498
4546,0.009346019,-102.23775,-102.23775,-102.23775
4547,0.009347651,555.1164,555.1164,1524.942
4548,0.009349277,1539.2137,377.96347,6796.4966
4549,0.009350897,2478.9265,2478.9265,5561.755
4550,0.009352536,3014.4397,3014.4397,6798.5205
4551,0.009354222,2732.3796,3495.8137,2732.3796
4552,0.009355903,1387.5203,1387.5203,2645.7466
4553,0.009357573,-498.92783,-498.92783,-2951.3005
4554,0.009359215,-2230.1775,-361.8452,-2465.441
4555,0.009360812,-3180.7112,-3180.7112,-4940.191
4556,0.009362416,-2804.6052,-2804.6052,-2804.6052
4557,0.009364044,-703.1104,-2796.1802,2506.0122
4558,0.009365719,2554.2815,2554.2815,5084.2935
4559,0.009367418,5959.5566,5959.5566,5686.1533
4560,0.009369092,8386.973,5894.4956,9049.911
4561,0.00937074,8886.294,8886.294,8886.294
4562,0.009372372,6919.3164,6919.3164,4072.1218
4563,0.009373926,3471.3103,5147.4106,-3452.644
4564,0.009375443,-438.35577,-438.35577,-1865.6753
4565,0.009376999,-4059.1619,-4059.1619,-4408.933
4566,0.009378603,-6363.715,-4812.1943,-6363.715
4567,0.009380174,-6500.002,-6500.002,-9858.543
4568,0.009381698,-5072.67,-5072.67,-5210.3706
4569,0.00938323,-2809.9592,-4119.93,-4.36274
4570,0.009384772,-418.7668,-418.7668,2834.9343
4571,0.009386222,1281.4186,1281.4186,1281.4186
4572,0.00938765,1980.8263,2443.7278,6949.3096
4573,0.009389097,1866.0444,1866.0444,6457.333
4574,0.009390619,1202.2047,1202.2047,7282.6846
4575,0.009392171,333.33124,2588.423,1713.0125
4576,0.00939373,-337.2065,-337.2065,-337.2065
4577,0.009395275,-484.5206,-484.5206,4702.802
4578,0.009396856,-98.920364,121.579094,4419.958
4579,0.009398449,757.7809,757.7809,5556.45
4580,0.009400059,2017.8417,2017.8417,4178.5747
4581,0.009401676,3597.3796,1827.7567,3597.3796
4582,0.009403298,5382.0923,5382.0923,5852.653
4583,0.009404908,7119.657,7119.657,10698.3955
4584,0.009406464,8522.155,5591.724,8340.653
4585,0.009408014,9413.252,9413.252,12842.2705
4586,0.009409602,9559.841,9559.841,9559.841
4587,0.009411142,8806.872,9819.879,10959.341
4588,0.009412622,7408.6284,7408.6284,8802.208
4589,0.00941409,5589.491,5589.491,5954.9033
4590,0.009415569,3540.9126,5448.856,3179.1843
4591,0.009417122,1397.7467,1397.7467,1397.7467
4592,0.009418651,-482.76367,-482.76367,1376.6764
4593,0.009420159,-1986.9073,-38.651695,-1049.4487
4594,0.00942169,-3052.2107,-3052.2107,-4565.152
4595,0.009423199,-3543.188,-3543.188,-4633.988
4596,0.009424708,-3376.1987,-3634.708,-3376.1987
4597,0.009426254,-2474.855,-2474.855,-4295.23
4598,0.009427821,-998.26434,-998.26434,-6074.277
4599,0.009429396,800.2397,-813.2991,-4390.8706
4600,0.009430991,2677.6921,2677.6921,-137.21431
4601,0.009432623,4377.231,4377.231,4377.231
4602,0.009434273,5633.288,4455.9404,5323.0205
4603,0.009435939,6421.5283,6421.5283,8731.075
4604,0.009437643,6780.7437,6780.7437,8961.013
4605,0.009439318,6744.717,7190.144,7343.45
4606,0.00944095,6387.2783,6387.2783,6387.2783
4607,0.009442503,5776.2715,5776.2715,5022.1216
4608,0.009443997,4889.9414,4030.6396,152.76227
4609,0.009445495,3641.97,3641.97,-1288.0112
4610,0.009447046,1901.8751,1901.8751,-1960.8394
4611,0.009448616,-396.29245,1879.297,-396.29245
4612,0.009450221,-3296.0544,-3296.0544,-10201.371
4613,0.009451792,-6341.5522,-6341.5522,-12220.293
4614,0.009453335,-9138.312,-5667.9434,-14787.668
4615,0.009454872,-11350.06,-11350.06,-12591.418
4616,0.009456427,-12617.387,-12617.387,-12617.387
4617,0.009458029,-12614.737,-10738.933,-10248.1045
4618,0.009459604,-11509.037,-11509.037,-2223.3003
4619,0.009461147,-9660.263,-9660.263,2327.8403
4620,0.009462677,-7362.8965,-6866.3687,2944.0984
4621,0.009464214,-4872.019,-4872.019,-4872.019
4622,0.009465746,-2461.4517,-2461.4517,-3146.73
4623,0.009467288,-259.05466,-2435.8643,1714.8093
4624,0.009468862,1627.5422,1627.5422,8098.411
4625,0.009470486,3051.0645,3051.0645,1929.5514
4626,0.009472156,3808.4343,2989.8928,3808.4343
4627,0.009473866,3756.2737,3756.2737,-488.9409
4628,0.009475562,3099.9033,3099.9033,-866.02686
4629,0.009477249,2145.2407,2385.2031,-4790.176
4630,0.009478823,1241.8629,1241.8629,-192.97212
4631,0.00948041,565.9732,565.9732,565.9732
4632,0.009482087,311.7882,282.03085,1522.4186
4633,0.009483796,493.38757,493.38757,-2023.6128
4634,0.009485513,1011.2708,1011.2708,-341.10492
4635,0.009487221,1747.4669,1025.0444,3065.1843
4636,0.0094889,2577.2546,2577.2546,2577.2546
4637,0.009490584,3399.5308,3399.5308,1687.0358
4638,0.009492273,4066.0718,2278.6333,1416.8483
4639,0.00949394,4415.629,4415.629,2066.3403
4640,0.009495607,4307.448,4307.448,-275.0737
4641,0.009497301,3573.286,4966.181,3573.286
4642,0.009498968,2189.8818,2189.8818,4019.614
4643,0.009500575,589.9192,589.9192,3237.4812
4644,0.009502171,-822.35803,284.42123,-953.76904
4645,0.009503813,-1640.8772,-1640.8772,-4125.4253
4646,0.009505521,-1314.4175,-1314.4175,-1314.4175
4647,0.009507215,508.28918,-1264.1647,-652.22217
4648,0.009508879,3299.2844,3299.2844,941.1451
4649,0.009510566,6490.361,6490.361,7694.5513
4650,0.009512287,9442.011,5494.07,16152.661
4651,0.009514024,11404.872,11404.872,11404.872
4652,0.009515768,11827.468,11827.468,5231.6846
4653,0.009517494,10984.665,8091.9004,5586.841
4654,0.009519204,9363.07,9363.07,5569.583
4655,0.009520911,7407.467,7407.467,7846.794
4656,0.009522629,5546.684,6373.391,5546.684
4657,0.009524344,4169.419,4169.419,5954.3174
4658,0.009525976,3371.6545,3371.6545,6580.231
4659,0.009527606,3071.4941,3165.922,4406.4736
4660,0.009529255,3270.2766,3270.2766,1320.4811
4661,0.00953089,3963.7312,3963.7312,3963.7312
4662,0.00953253,5085.251,3447.8418,292.98102
4663,0.009534203,6313.239,6313.239,4504.1997
4664,0.009535843,7181.832,7181.832,4733.3643
4665,0.009537397,7323.9863,7665.8374,7071.419
4666,0.009538918,6479.466,6479.466,6479.466
4667,0.009540454,4436.925,4436.925,3599.036
4668,0.009542038,1430.7712,3465.42,463.31696
4669,0.009543671,-2091.0364,-2091.0364,-392.5659
4670,0.009545333,-5544.7817,-5544.7817,-4131.8315
4671,0.00954698,-8261.59,-6204.336,-8261.59
4672,0.009548606,-9802.014,-9802.014,-6957.0034
4673,0.009550245,-10198.333,-10198.333,-7891.5503
4674,0.009551884,-9537.87,-6764.2075,-9527.801
4675,0.009553563,-7874.764,-7874.764,-7107.3945
4676,0.009555208,-5384.41,-5384.41,-5384.41
4677,0.009556828,-2276.4207,-5344.586,-5824.004
4678,0.009558453,1020.6448,1020.6448,-3132.9255
4679,0.009560047,3899.9485,3899.9485,-2868.8943
4680,0.00956162,5887.686,2999.7087,371.0123
4681,0.009563196,6526.825,6526.825,6526.825
4682,0.009564763,5493.4995,5493.4995,2752.239
4683,0.009566369,3075.7476,4365.8335,962.7545
4684,0.009567956,-121.84803,-121.84803,2972.7
4685,0.009569492,-3471.6472,-3471.6472,-2774.074
4686,0.00957104,-6599.6753,-3835.717,-6599.6753
4687,0.009572642,-9136.733,-9136.733,-7080.7847
4688,0.009574269,-10902.308,-10902.308,-6812.238
4689,0.009575924,-11869.352,-8991.341,-9230.527
4690,0.00957757,-12011.707,-12011.707,-8722.668
4691,0.00957923,-11337.535,-11337.535,-11337.535
4692,0.009580846,-9951.214,-10028.764,-7617.3477
4693,0.009582388,-8191.7964,-8191.7964,-6199.097
4694,0.009583899,-6313.7896,-6313.7896,-3058.1519
4695,0.009585395,-4550.9536,-5275.6313,-1765.4176
4696,0.009586896,-3123.1912,-3123.1912,-3123.1912
4697,0.009588451,-2177.9126,-2177.9126,-2195.6597
4698,0.009590084,-1587.8688,-2094.536,-1580.644
4699,0.009591725,-1122.3672,-1122.3672,-2247.4878
4700,0.009593301,-522.50037,-522.50037,656.84827
4701,0.00959484,460.9576,-1008.1367,460.9576
4702,0.009596376,1995.1401,1995.1401,2666.403
4703,0.009597898,3889.0654,3889.0654,6807.8643
4704,0.009599385,5858.189,2457.4336,6055.1533
4705,0.009600913,7756.6562,7756.6562,5528.419
4706,0.009602472,9302.747,9302.747,9302.747
4707,0.009604068,10262.269,9381.596,5530.512
4708,0.009605649,10626.357,10626.357,9491.864
4709,0.0096072,10509.866,10509.866,8929.935
4710,0.009608751,10015.933,8109.236,7562.036
4711,0.009610315,9228.169,9228.169,9228.169
4712,0.009611906,8221.638,8221.638,7777.231
4713,0.00961352,7075.0264,6516.816,10551.739
4714,0.009615155,5871.181,5871.181,8012.6064
4715,0.009616822,4691.0684,4691.0684,4923.2393
4716,0.009618496,3647.786,4566.7456,3647.786
4717,0.009620134,2827.1384,2827.1384,4039.8015
4718,0.009621741,2164.0374,2164.0374,164.44196
4719,0.00962336,1560.1393,2277.7542,-1089.1909
4720,0.009624974,944.575,944.575,2510.4968
4721,0.009626578,242.69977,242.69977,242.69977
4722,0.009628173,-594.99,397.88446,-0.8314895
4723,0.009629763,-1519.8704,-1519.8704,1301.0905
4724,0.00963138,-2476.6511,-2476.6511,-446.55026
4725,0.009633013,-3381.3066,-3327.4385,-1613.6831
4726,0.009634642,-4143.1836,-4143.1836,-4143.1836
4727,0.009636247,-4687.999,-4687.999,-5502.5273
4728,0.009637889,-4998.4644,-2984.1658,-4890.0815
4729,0.009639565,-5029.755,-5029.755,-3330.4568
4730,0.009641191,-4757.1494,-4757.1494,-4562.6445
4731,0.009642707,-4210.6753,-4626.1177,-4210.6753
4732,0.009644223,-3383.6882,-3383.6882,-5288.668
4733,0.009645769,-2351.2756,-2351.2756,-5215.7847
4734,0.009647324,-1247.7108,-2332.4246,-3513.6206
4735,0.009648876,-209.56772,-209.56772,-3269.7537
4736,0.009650442,643.23883,643.23883,643.23883
4737,0.009652044,1192.9982,754.6973,837.20764
4738,0.009653647,1360.28,1360.28,2211.4968
4739,0.009655277,1096.2289,1096.2289,263.31696
4740,0.009656858,382.09424,1469.4462,387.567
4741,0.009658409,-794.42523,-794.42523,-794.42523
4742,0.009659963,-2432.381,-2432.381,-4713.863
4743,0.009661539,-4341.765,-2284.8179,-7699.847
4744,0.009663123,-6234.2817,-6234.2817,-10788.348
4745,0.009664695,-7809.0913,-7809.0913,-10175.668
4746,0.009666306,-8820.949,-9105.663,-8820.949
4747,0.009667953,-8989.22,-8989.22,-8061.191
4748,0.009669553,-8345.056,-8345.056,-5500.5737
4749,0.009671122,-7031.0244,-7218.9595,1014.4342
4750,0.009672633,-5209.3154,-5209.3154,2114.7622
4751,0.009674136,-2934.363,-2934.363,-2934.363
4752,0.009675663,-282.05606,-2886.3777,-4365.722
4753,0.009677201,2390.9292,2390.9292,-936.97217
4754,0.00967869,4601.4067,4601.4067,5289.5127
4755,0.009680119,6030.76,3651.5027,7965.223
4756,0.009681558,6453.27,6453.27,6453.27
4757,0.009683037,5612.109,5612.109,-4133.3706
4758,0.009684457,3877.8225,3864.0244,-7960.301
4759,0.009685851,1679.8739,1679.8739,-8005.4487
4760,0.009687275,-680.7261,-680.7261,-7344.4336
4761,0.009688786,-2871.1284,-515.64777,-2871.1284
4762,0.00969038,-4417.0376,-4417.0376,-2556.9487
4763,0.009691951,-5130.8306,-5130.8306,-4238.6987
4764,0.009693482,-5101.556,-3687.8127,-6991.5034
4765,0.009694999,-4413.319,-4413.319,-3938.6833
4766,0.009696529,-3101.019,-3101.019,-3101.019
4767,0.009698117,-1170.5474,-3499.689,-2989.4019
4768,0.009699763,1182.9062,1182.9062,2103.8796
4769,0.009701431,3616.8293,3616.8293,3743.7312
4770,0.009703116,5795.238,4108.84,5165.567
4771,0.009704717,7299.122,7299.122,7299.122
4772,0.009706224,8031.8965,8031.8965,7659.8955
4773,0.009707728,8277.953,6661.9067,12006.685
4774,0.009709224,8299.617,8299.617,13016.514
4775,0.009710705,8353.737,8353.737,9901.31
4776,0.009712187,8690.02,9230.834,8690.02
4777,0.009713717,9495.519,9495.519,7237.161
4778,0.009715312,10574.923,10574.923,9482.3955
4779,0.00971694,11538.847,10233.799,6551.7783
4780,0.009718539,11960.846,11960.846,7424.255
4781,0.009720111,11494.56,11494.56,11494.56
4782,0.009721647,9975.48,10728.042,6093.591
4783,0.009723159,7762.1196,7762.1196,2456.9263
4784,0.009724689,5239.6143,5239.6143,6421.262
4785,0.009726272,2803.4636,4402.436,6096.88
4786,0.009727934,970.5045,970.5045,970.5045
4787,0.00972962,271.91064,271.91064,-3037.105
4788,0.009731274,450.95697,-356.8556,-3888.4644
4789,0.009732896,1039.3811,1039.3811,2151.0122
4790,0.009734528,1630.2571,1630.2571,5236.208
4791,0.009736136,1809.1609,2609.725,1809.1609
4792,0.009737719,1304.5033,1304.5033,-3760.3003
4793,0.009739255,268.45438,268.45438,-5860.8784
4794,0.009740769,-1095.924,1609.584,-11773.934
4795,0.009742302,-2640.9749,-2640.9749,-6913.699
4796,0.00974386,-4189.6597,-4189.6597,-4189.6597
4797,0.009745454,-5565.2676,-4550.68,-10378.363
4798,0.009747033,-6592.3057,-6592.3057,-12606.02
4799,0.009748549,-7159.5522,-7159.5522,-10098.887
4800,0.00975005,-7218.106,-7038.6904,-10006.137
4801,0.009751584,-6660.0977,-6660.0977,-6660.0977
4802,0.009753174,-5362.0537,-5362.0537,-3948.152
4803,0.009754777,-3443.0146,-3797.2188,-4713.2847
4804,0.009756349,-1140.6995,-1140.6995,-4432.066
4805,0.009757909,1385.5155,1385.5155,-1485.8159
4806,0.009759428,3916.5906,1735.0453,3916.5906
4807,0.009760929,6342.1133,6342.1133,6793.2236
4808,0.00976246,8624.971,8624.971,11203.067
4809,0.009764049,10675.877,7902.095,12050.014
4810,0.009765704,12339.237,12339.237,15612.154
4811,0.009767332,13374.942,13374.942,13374.942
4812,0.009768933,13725.446,12366.943,16063.825
4813,0.009770481,13500.499,13500.499,16831.613
4814,0.00977201,12832.292,12832.292,12558.294
4815,0.009773538,11817.64,9932.3125,10103.747
4816,0.009775062,10555.278,10555.278,10555.278
4817,0.009776546,9179.562,9179.562,3505.911
4818,0.009778034,7761.2026,7484.9033,3264.2703
4819,0.009779585,6359.048,6359.048,5858.5674
4820,0.00978117,5133.518,5133.518,5509.395
4821,0.009782735,4257.1143,5484.7896,4257.1143
4822,0.009784297,3807.6753,3807.6753,3122.9578
4823,0.009785907,3750.9087,3750.9087,2005.0826
4824,0.009787562,4044.7917,3992.9175,724.65295
4825,0.0097892,4608.32,4608.32,2523.2234
4826,0.009790798,5343.989,5343.989,5343.989
4827,0.009792327,6129.6763,5438.28,5500.2
4828,0.009793848,6816.3765,6816.3765,6697.505
4829,0.009795391,7217.28,7217.28,6672.9033
4830,0.009796982,7106.004,5512.5933,7465.575
4831,0.009798619,6204.4106,6204.4106,6204.4106
4832,0.009800257,4367.317,4367.317,5018.1846
4833,0.009801902,1858.5886,4446.3755,5733.4497
4834,0.009803564,-961.4891,-961.4891,3404.489
4835,0.009805244,-3701.7717,-3701.7717,373.21542
4836,0.009806876,-5871.6284,-3333.7944,-5871.6284
4837,0.009808461,-7210.774,-7210.774,-6562.808
4838,0.009810056,-7720.116,-7720.116,-9230.901
4839,0.009811682,-7356.6123,-6108.09,-8597.598
4840,0.009813355,-6033.902,-6033.902,-6193.551
4841,0.009815008,-3763.3862,-3763.3862,-3763.3862
4842,0.009816599,-719.4164,-3057.2957,-52.768993
4843,0.009818151,2774.1729,2774.1729,3066.7388
4844,0.009819697,6431.219,6431.219,7723.6846
4845,0.009821287,10025.011,7080.8022,14230.654
4846,0.009822948,13208.474,13208.474,13208.474
4847,0.009824605,15460.969,15460.969,13939.442
4848,0.009826262,16698.99,12862.666,19810.16
4849,0.009827912,16895.617,16895.617,19295.154
4850,0.009829552,16038.763,16038.763,17721.387
4851,0.009831174,14132.459,15774.162,14132.459
4852,0.009832775,11260.453,11260.453,6590.216
4853,0.009834377,7718.5186,7718.5186,5837.7153
4854,0.009836029,3773.4358,5508.0103,4210.3877
4855,0.009837695,-81.46409,-81.46409,4139.528
4856,0.009839336,-3337.113,-3337.113,-3337.113
4857,0.009840901,-5641.7163,-3284.8137,-8848.098
4858,0.009842393,-7152.6006,-7152.6006,-8322.113
4859,0.009843845,-8090.533,-8090.533,-12358.613
4860,0.009845333,-8618.162,-7531.8555,-12500.957
4861,0.009846894,-8823.012,-8823.012,-8823.012
4862,0.009848495,-8771.236,-8771.236,-5620.3237
4863,0.009850133,-8453.522,-6803.998,-8179.9097
4864,0.009851759,-7856.675,-7856.675,-6035.316
4865,0.00985337,-6972.401,-6972.401,824.1607
4866,0.009854996,-5767.7456,-7157.0835,-5767.7456
4867,0.009856625,-4257.3667,-4257.3667,-4250.527
4868,0.009858272,-2545.2158,-2545.2158,1793.6842
4869,0.00985993,-788.7471,-2472.7014,749.9967
4870,0.009861585,841.4497,841.4497,3087.3562
4871,0.009863247,2197.4578,2197.4578,2197.4578
4872,0.009864866,3122.6138,1656.1696,3161.1921
4873,0.009866486,3637.7183,3637.7183,1781.8795
4874,0.009868121,3748.012,3748.012,1717.903
4875,0.009869786,3444.6516,3464.4595,2786.0828
4876,0.009871461,2723.6216,2723.6216,2723.6216
4877,0.009873135,1589.6892,1589.6892,-348.3862
4878,0.009874824,13.652235,1624.6926,-1248.9019
4879,0.009876448,-1927.1045,-1927.1045,849.4029
4880,0.009878042,-4252.7744,-4252.7744,-5996.636
4881,0.009879652,-7039.988,-4657.275,-7039.988
4882,0.009881238,-10158.979,-10158.979,-8388.034
4883,0.009882806,-13268.496,-13268.496,-9460.723
4884,0.009884401,-16040.407,-10571.557,-13601.138
4885,0.00988605,-18042.75,-18042.75,-15742.402
4886,0.009887708,-18702.562,-18702.562,-18702.562
4887,0.009889357,-17726.066,-18355.15,-13619.973
4888,0.009890986,-15604.851,-15604.851,-12299.629
4889,0.009892561,-13041.506,-13041.506,-10733.48
4890,0.009894097,-10593.309,-12258.476,-10050.941
4891,0.009895665,-8686.574,-8686.574,-8686.574
4892,0.009897287,-7728.5205,-7728.5205,-4064.4255
4893,0.009898901,-7430.4004,-7201.8726,-5236.8394
4894,0.00990048,-7236.3784,-7236.3784,-7719.261
4895,0.009902038,-6627.9937,-6627.9937,-4026.9255
4896,0.009903606,-5089.457,-6874.4224,-5089.457
4897,0.009905183,-2270.8157,-2270.8157,-2008.652
4898,0.009906777,1484.2664,1484.2664,-927.3706
4899,0.009908384,5606.4263,2205.7292,2458.8796
4900,0.009909989,9470.289,9470.289,7850.0596
4901,0.009911607,12509.2,12509.2,12509.2
4902,0.009913223,14228.358,12431.846,16986.254
4903,0.009914857,14752.423,14752.423,15483.231
4904,0.009916467,14340.078,14340.078,13602.528
4905,0.00991805,13291.054,11127.07,14048.981
4906,0.009919649,11838.583,11838.583,11838.583
4907,0.009921223,10233.791,10233.791,10725.529
4908,0.009922789,8520.773,9408.449,3815.4812
4909,0.009924357,6706.618,6706.618,1452.4498
4910,0.009925894,4848.952,4848.952,2183.5046
4911,0.009927455,2898.7703,5632.109,2898.7703
4912,0.009929007,934.44226,934.44226,-1510.1675
4913,0.009930516,-883.1226,-883.1226,-2976.308
4914,0.009932016,-2467.3965,-539.29175,-5358.363
4915,0.009933552,-3723.7288,-3723.7288,-4200.183
4916,0.00993513,-4483.1597,-4483.1597,-4483.1597
4917,0.009936715,-4608.51,-3816.692,-5387.5034
4918,0.00993827,-4231.966,-4231.966,-5550.988
4919,0.009939823,-3534.4282,-3534.4282,1340.0983
4920,0.009941388,-2679.964,-2679.3298,2914.8481
4921,0.009942977,-1836.2144,-1836.2144,-1836.2144
4922,0.009944608,-1124.4663,-1124.4663,-955.53467
4923,0.009946218,-466.08145,-1726.5885,-2637.355
4924,0.009947813,307.08624,307.08624,1713.5748
4925,0.009949406,1361.2694,1361.2694,-142.37837
4926,0.009950981,2838.4575,1404.0371,2838.4575
4927,0.009952554,4811.774,4811.774,2902.4187
4928,0.00995413,6994.184,6994.184,7019.5044
4929,0.009955757,9055.405,4896.97,6892.4033
4930,0.009957399,10512.344,10512.344,10078.997
4931,0.009959006,10915.216,10915.216,10915.216
4932,0.009960622,10027.146,10650.76,10457.748
4933,0.009962228,8152.4917,8152.4917,7832.7705
4934,0.00996382,5742.106,5742.106,5115.661
4935,0.009965344,3307.6921,5369.8984,1960.8717
4936,0.009966828,1173.067,1173.067,1173.067
4937,0.009968317,-455.66705,-455.66705,3630.567
4938,0.009969867,-1588.8003,179.7964,5719.5903
4939,0.009971424,-2204.4597,-2204.4597,2101.4734
4940,0.009972921,-2354.4993,-2354.4993,1555.528
4941,0.009974414,-2122.7925,-2658.719,-2122.7925
4942,0.009975948,-1537.4675,-1537.4675,-635.3081
4943,0.009977514,-619.13367,-619.13367,-1092.8706
4944,0.009979118,614.7913,-581.0584,-249.54243
4945,0.00998072,2099.696,2099.696,1017.02795
4946,0.009982354,3828.5515,3828.5515,3828.5515
4947,0.009984008,5737.6455,3768.0293,8184.6143
4948,0.009985643,7667.19,7667.19,9666.763
4949,0.009987261,9493.0,9493.0,12428.685
4950,0.009988829,11066.268,11415.53,10054.802
4951,0.009990384,12324.278,12324.278,12324.278
4952,0.009991954,13197.477,13197.477,17294.186
4953,0.009993553,13664.021,9093.732,17128.31
4954,0.009995127,13713.905,13713.905,22330.717
4955,0.009996669,13375.939,13375.939,17608.74
4956,0.0099982,12668.372,14108.896,12668.372
4957,0.009999706,11619.452,11619.452,9387.63
4958,0.01000119,10260.732,10260.732,11192.442
4959,0.010002673,8599.673,7897.115,6141.677
4960,0.01000418,6620.7935,6620.7935,6048.083
4961,0.010005703,4343.208,4343.208,4343.208
4962,0.010007248,1781.0492,3760.1047,5240.7
4963,0.010008782,-931.0813,-931.0813,5275.989
4964,0.010010319,-3721.7585,-3721.7585,3432.575
4965,0.010011892,-6554.797,-4324.803,-2350.7534
4966,0.010013503,-9326.723,-9326.723,-9326.723
4967,0.010015149,-11892.33,-11892.33,-20386.479
4968,0.010016812,-13999.345,-10224.203,-21963.438
4969,0.010018456,-15374.677,-15374.677,-22203.879
4970,0.010020119,-15818.333,-15818.333,-18055.348
4971,0.010021781,-15076.707,-15742.689,-15076.707
4972,0.010023429,-13039.144,-13039.144,-8693.457
4973,0.010025079,-9960.662,-9960.662,-3531.691
4974,0.010026708,-6252.672,-7805.0835,-877.07367
4975,0.010028312,-2289.7708,-2289.7708,-1309.2847
4976,0.010029918,1655.692,1655.692,1655.692
4977,0.010031546,5316.9766,1974.1296,10448.716
4978,0.010033129,8337.935,8337.935,14944.63
4979,0.010034715,10644.41,10644.41,16309.575
4980,0.010036312,12050.439,10273.178,15092.817
4981,0.010037937,12341.803,12341.803,12341.803
4982,0.010039537,11401.1875,11401.1875,9384.497
4983,0.010041125,9510.901,10278.182,4372.192
4984,0.010042703,7017.802,7017.802,1405.0436
4985,0.010044249,4295.8506,4295.8506,1573.817
4986,0.010045812,1577.9498,4264.6514,1577.9498
4987,0.010047395,-854.44635,-854.44635,-3290.5583
4988,0.010048978,-2825.5027,-2825.5027,-5788.0503
4989,0.010050569,-4238.384,-2620.1096,-5413.0815
4990,0.010052146,-4974.6963,-4974.6963,-6744.4253
4991,0.010053705,-4953.308,-4953.308,-4953.308
4992,0.010055228,-4179.58,-4094.007,-709.5034
4993,0.010056753,-2871.6692,-2871.6692,-2596.9958
4994,0.010058308,-1271.9918,-1271.9918,-2194.2925
4995,0.010059855,300.65366,-895.57275,-2091.2847
4996,0.010061429,1586.2858,1586.2858,1586.2858
4997,0.010063035,2343.9277,2343.9277,2683.0515
4998,0.010064659,2640.3499,1808.9308,1478.0983
4999,0.010066289,2648.4495,2648.4495,5926.012
5000,0.010067923,2553.1838,2553.1838,1196.653
5001,0.010069561,2542.8875,2523.3757,2542.8875
5002,0.010071199,2737.38,2737.38,3266.3171
5003,0.01007285,2977.1394,2977.1394,1465.7467
5004,0.010074527,3022.6885,2436.001,-1184.6519
5005,0.010076167,2637.379,2637.379,1528.3326
5006,0.010077678,1704.6765,1704.6765,1704.6765
5007,0.010079173,142.43588,1184.8325,-801.03467
5008,0.010080724,-1862.0563,-1862.0563,190.87164
5009,0.010082281,-3870.167,-3870.167,-3066.5193
5010,0.01008386,-5488.568,-4353.905,-3206.2693
5011,0.010085443,-6267.254,-6267.254,-6267.254
5012,0.010087007,-5926.7485,-5926.7485,-4081.7847
5013,0.010088584,-4734.0757,-3761.4607,-5101.0894
5014,0.010090195,-3058.9705,-3058.9705,-8160.6133
5015,0.010091784,-1376.4706,-1376.4706,-7265.0737
5016,0.010093377,-81.55805,-2301.2576,-81.55805
5017,0.010094973,475.59604,475.59604,-454.55026
5018,0.010096521,264.56406,264.56406,4013.8325
5019,0.010098004,-605.97345,-676.7706,1683.9342
5020,0.010099453,-2064.8044,-2064.8044,-1934.7612
5021,0.010100916,-4124.5894,-4124.5894,-4124.5894
5022,0.01010244,-6780.882,-3608.749,-5648.863
5023,0.010104008,-9549.104,-9549.104,-2189.7925
5024,0.010105597,-11754.512,-11754.512,-5203.761
5025,0.010107143,-12702.945,-10890.204,-13290.566
5026,0.010108671,-11886.465,-11886.465,-11886.465
5027,0.010110188,-9001.386,-9001.386,-9170.121
5028,0.010111674,-4706.09,-7055.953,-297.58932
5029,0.010113175,354.17947,354.17947,2524.8484
5030,0.010114728,5548.6064,5548.6064,8634.927
5031,0.010116319,9958.63,5350.5723,9958.63
5032,0.010117902,12714.121,12714.121,12547.981
5033,0.0101195,13806.805,13806.805,13427.2
5034,0.010121105,13335.069,9096.012,12634.349
5035,0.010122692,11459.2705,11459.2705,4111.1143
5036,0.010124273,8331.997,8331.997,8331.997
5037,0.010125894,4096.4443,7867.49,1748.4498
5038,0.0101275,-326.18695,-326.18695,1420.5514
5039,0.010129096,-4025.097,-4025.097,-97.40962
5040,0.010130622,-6072.6133,-4283.835,-4229.535
5041,0.010132093,-5913.082,-5913.082,-5913.082
5042,0.010133545,-3269.7515,-3269.7515,1793.825
5043,0.010134986,1130.9309,-1999.4407,5238.3643
5044,0.010136433,6395.8604,6395.8604,574.067
5045,0.0101379,11638.344,11638.344,6663.7783
5046,0.010139411,15910.497,12110.504,15910.497
5047,0.010140997,18304.086,18304.086,13604.278
5048,0.010142585,18817.705,18817.705,8684.653
5049,0.010144183,17986.918,16025.392,10431.247
5050,0.010145695,16460.219,16460.219,12713.786
5051,0.010147206,14696.731,14696.731,14696.731
5052,0.01014877,13026.346,13614.059,20388.316
5053,0.010150335,11542.064,11542.064,15940.841
5054,0.010151859,10215.126,10215.126,13747.536
5055,0.010153364,8960.658,9032.786,9800.028
5056,0.010154844,7725.3174,7725.3174,7725.3174
5057,0.01015632,6463.1055,6463.1055,7989.552
5058,0.010157848,5206.379,4507.3203,7018.3643
5059,0.010159452,4064.8105,4064.8105,6832.341
5060,0.010161058,3233.9097,3233.9097,2932.7937
5061,0.010162618,2850.9731,3019.3813,2850.9731
5062,0.01016419,2988.7903,2988.7903,3788.2703
5063,0.010165744,3649.8665,3649.8665,4011.7234
5064,0.010167237,4763.2886,2201.3445,6696.0283
5065,0.010168702,6299.1646,6299.1646,5187.802
5066,0.010170143,8226.716,8226.716,8226.716
5067,0.010171609,10536.243,7994.099,13187.669
5068,0.010173127,12944.252,12944.252,14685.739
5069,0.010174696,14989.229,14989.229,16572.607
5070,0.010176276,16106.426,14545.515,16928.24
5071,0.010177856,15783.951,15783.951,15783.951
5072,0.010179419,13743.0625,13743.0625,15801.967
5073,0.010180948,10492.949,10459.222,12555.403
5074,0.010182453,6635.0312,6635.0312,8819.013
5075,0.010183943,2702.5803,2702.5803,4293.2153
5076,0.010185454,-862.80023,3017.9822,-862.80023
5077,0.010187005,-3617.373,-3617.373,-2370.0815
5078,0.010188573,-5413.1284,-5413.1284,-7689.0664
5079,0.010190139,-6261.338,-4408.6772,-8265.02
5080,0.010191686,-6218.0415,-6218.0415,-11081.715
5081,0.010193241,-5338.144,-5338.144,-5338.144
5082,0.010194817,-3692.534,-4758.054,-4763.644
5083,0.010196391,-1610.184,-1610.184,-8705.785
5084,0.010197997,579.4238,579.4238,-4664.394
5085,0.010199603,2441.1555,997.82697,2224.8484
5086,0.010201225,3585.286,3585.286,3585.286
5087,0.01020285,3706.1748,3706.1748,5258.1606
5088,0.01020444,3034.607,2133.663,3093.7468
5089,0.010205996,1926.8473,1926.8473,76.74664
5090,0.010207577,651.7966,651.7966,201.18414
5091,0.010209169,-471.5815,272.04886,-471.5815
5092,0.010210727,-1168.8258,-1168.8258,-3965.4568
5093,0.010212274,-1458.2054,-1458.2054,-622.8862
5094,0.010213829,-1394.0565,-912.4026,3540.239
5095,0.01021542,-1011.8679,-1011.8679,4412.7705
5096,0.01021702,-358.09714,-358.09714,-358.09714
5097,0.010218569,449.06046,-831.4816,-1509.894
5098,0.010220102,1209.7107,1209.7107,3061.4421
5099,0.010221649,1699.3713,1699.3713,-2148.5503
5100,0.010223224,1662.5803,791.36774,-379.76117
5101,0.010224843,795.6529,795.6529,795.6529
5102,0.010226533,-1153.4841,-1153.4841,-1396.3862
5103,0.010228174,-3659.1826,-575.8225,-2655.3315
5104,0.010229758,-6148.599,-6148.599,-3507.277
5105,0.010231339,-8221.597,-8221.597,-5649.4565
5106,0.010232898,-9400.441,-7545.52,-9400.441
5107,0.010234436,-9421.413,-9421.413,-5899.215
5108,0.010235962,-8607.332,-8607.332,-5387.98
5109,0.010237501,-7379.0063,-8216.363,-3944.433
5110,0.010239106,-6134.3594,-6134.3594,-3661.5972
5111,0.010240742,-5411.6055,-5411.6055,-5411.6055
5112,0.010242384,-5595.3735,-4890.79,-2826.933
5113,0.010244028,-6365.189,-6365.189,383.45758
5114,0.01024569,-7230.5073,-7230.5073,-1641.6362
5115,0.010247301,-7667.6567,-6702.489,-3834.9644
5116,0.010248845,-7276.4727,-7276.4727,-7276.4727
5117,0.01025037,-5854.229,-5854.229,-5059.933
5118,0.010251938,-3702.0522,-5476.359,-796.6596
5119,0.010253564,-1325.9885,-1325.9885,-436.15964
5120,0.010255144,537.04144,537.04144,1043.9655
5121,0.01025671,1379.7467,751.84296,1379.7467
5122,0.010258247,893.801,893.801,-3279.2769
5123,0.010259753,-390.30203,-390.30203,-7109.2383
5124,0.010261276,-1850.3647,526.96906,-9109.355
5125,0.01026285,-2835.548,-2835.548,-4459.9253
5126,0.010264452,-2551.683,-2551.683,-2551.683
5127,0.010266066,-465.9749,-2715.4277,2516.0437
5128,0.010267654,2737.658,2737.658,3281.5903
5129,0.010269229,6182.136,6182.136,2731.7468
5130,0.010270777,9002.638,5242.183,6560.552
5131,0.010272333,10455.591,10455.591,10455.591
5132,0.010273935,9929.447,9929.447,10655.45
5133,0.010275461,8017.529,6975.58,10449.614
5134,0.010276879,5646.041,5646.041,8535.435
5135,0.010278275,3325.5247,3325.5247,3373.8171
5136,0.010279728,1519.8639,3088.0886,1519.8639
5137,0.010281237,788.86176,788.86176,6482.1377
5138,0.01028278,1079.0656,1079.0656,9352.903
5139,0.010284347,2093.5493,85.6042,5831.012
5140,0.010285936,3492.2737,3492.2737,4754.387
5141,0.010287534,4893.8325,4893.8325,4893.8325
5142,0.01028908,5904.3174,4564.6914,6648.622
5143,0.010290598,6327.85,6327.85,8456.2705
5144,0.010292143,5962.7246,5962.7246,8372.755
5145,0.010293672,4595.2676,5861.9326,4415.0205
5146,0.010295221,1969.4108,1969.4108,1969.4108
5147,0.010296785,-2001.3032,-2001.3032,-5196.4487
5148,0.010298357,-6687.0137,-1396.7814,-11291.613
5149,0.010299857,-11055.517,-11055.517,-14352.605
5150,0.010301298,-14484.631,-14484.631,-15791.473
5151,0.010302754,-16532.676,-15430.487,-16532.676
5152,0.010304262,-16667.531,-16667.531,-17932.84
5153,0.010305826,-15017.523,-15017.523,-16267.879
5154,0.010307406,-12088.246,-10245.7,-7115.7456
5155,0.010308989,-8483.378,-8483.378,-6941.261
5156,0.010310546,-4870.816,-4870.816,-4870.816
5157,0.010312115,-1654.4583,-6011.008,7012.856
5158,0.010313686,1033.985,1033.985,8015.802
5159,0.010315225,3142.024,3142.024,7768.4346
5160,0.010316795,4746.833,2840.6685,7106.591
5161,0.01031837,5793.1997,5793.1997,5793.1997
5162,0.010319938,6289.611,6289.611,7437.692
5163,0.010321485,6359.414,3946.0327,7691.598
5164,0.01032302,6150.8037,6150.8037,7727.552
5165,0.010324541,5801.811,5801.811,4370.6533
5166,0.010326027,5448.0747,6152.793,5448.0747
5167,0.010327507,5168.2617,5168.2617,1556.028
5168,0.010328998,4901.0566,4901.0566,-3476.8787
5169,0.010330512,4547.2676,3181.7136,-2329.8237
5170,0.01033208,3987.6177,3987.6177,2957.3796
5171,0.010333695,3090.2078,3090.2078,3090.2078
5172,0.010335291,1825.6964,2266.828,5296.8794
5173,0.010336847,403.1895,403.1895,7996.8564
5174,0.010338418,-994.8057,-994.8057,3001.2856
5175,0.010340017,-2142.643,-486.34796,-1567.23
5176,0.010341636,-2776.683,-2776.683,-2776.683
5177,0.010343259,-2698.0774,-2698.0774,-6785.511
5178,0.010344897,-1992.1234,-2128.4204,-7556.3784
5179,0.010346534,-827.79425,-827.79425,-4862.9175
5180,0.010348157,611.4825,611.4825,-3027.5112
5181,0.010349807,2193.7156,1072.5503,2193.7156
5182,0.010351439,3709.7815,3709.7815,5565.825
5183,0.010353068,5021.8184,5021.8184,5382.7153
5184,0.01035471,5990.0166,5000.7075,10090.481
5185,0.010356327,6448.295,6448.295,7435.677
5186,0.01035792,6277.161,6277.161,6277.161
5187,0.01035946,5449.872,5755.5977,10584.755
5188,0.010361011,4119.66,4119.66,9653.849
5189,0.010362617,2451.1304,2451.1304,4196.208
5190,0.01036424,710.64886,1174.6206,152.81696
5191,0.010365837,-810.8706,-810.8706,-810.8706
5192,0.010367366,-1908.8701,-1908.8701,-2254.0503
5193,0.010368914,-2661.5972,-815.8066,-701.87054
5194,0.010370495,-3103.8079,-3103.8079,-2882.683
5195,0.010372075,-3263.199,-3263.199,-3900.2847
5196,0.010373618,-3191.6987,-2755.3118,-3191.6987
5197,0.010375135,-2937.651,-2937.651,-4910.605
5198,0.01037665,-2503.7148,-2503.7148,-4020.9412
5199,0.010378179,-1876.3966,-1435.5674,-1335.5582
5200,0.010379685,-1065.916,-1065.916,1869.4733
5201,0.010381249,-14.86274,-14.86274,-14.86274
5202,0.010382855,1282.3192,-1153.1259,1914.1217
5203,0.010384482,2770.0115,2770.0115,1916.6217
5204,0.010386078,4337.0317,4337.0317,4223.497
5205,0.010387668,5943.302,3118.7488,6559.692
5206,0.010389246,7522.512,7522.512,7522.512
5207,0.010390865,9062.719,9062.719,9513.036
5208,0.01039247,10434.355,7292.3745,13641.653
5209,0.01039408,11576.631,11576.631,14449.6455
5210,0.010395696,12409.014,12409.014,14604.029
5211,0.0103973,12845.881,14074.181,12845.881
5212,0.010398912,12854.976,12854.976,13780.7
5213,0.010400481,12561.56,12561.56,13253.614
5214,0.010401998,12131.638,6869.0757,13209.67
5215,0.010403525,11687.542,11687.542,13914.06
5216,0.010405018,11370.036,11370.036,11370.036
5217,0.0104065,11257.397,11499.012,11287.63
5218,0.010408022,11293.2295,11293.2295,10506.2705
5219,0.010409522,11383.565,11383.565,9974.614
5220,0.010411026,11433.64,11362.343,11217.606
5221,0.010412595,11339.849,11339.849,11339.849
5222,0.010414187,10984.079,10984.079,10108.466
5223,0.010415793,10251.488,7842.256,5447.7236
5224,0.010417414,9021.838,9021.838,8185.817
5225,0.010419006,7227.638,7227.638,8253.497
5226,0.010420567,4801.817,8086.9233,4801.817
5227,0.010422083,1802.1168,1802.1168,975.96545
5228,0.010423598,-1507.1891,-1507.1891,-4286.238
5229,0.010425148,-4793.763,-1024.4047,-4649.144
5230,0.010426698,-7550.4995,-7550.4995,-4917.965
5231,0.010428227,-9328.66,-9328.66,-9328.66
5232,0.010429691,-9874.558,-8831.616,-14360.185
5233,0.010431119,-9465.994,-9465.994,-14681.598
5234,0.010432593,-8332.451,-8332.451,-13452.871
5235,0.010434148,-6648.331,-9334.935,-11918.613
5236,0.010435719,-4755.7695,-4755.7695,-4755.7695
5237,0.010437307,-2935.4355,-2935.4355,-3564.2146
5238,0.010438903,-1313.3031,-1757.6698,-848.7925
5239,0.010440463,4.736066,4.736066,1843.3405
5240,0.01044203,996.47186,996.47186,1235.0592
5241,0.010443611,1592.8248,1402.1305,1592.8248
5242,0.010445162,1756.8081,1756.8081,2179.559
5243,0.010446692,1635.6837,1635.6837,962.4967
5244,0.010448226,1394.652,1543.9852,-910.6128
5245,0.010449788,1193.7388,1193.7388,181.30914
5246,0.010451401,1214.0436,1214.0436,1214.0436
5247,0.010453045,1605.689,1069.6708,3609.6687
5248,0.010454648,2249.94,2249.94,2396.7312
5249,0.010456232,2991.781,2991.781,1290.9576
5250,0.010457851,3705.5896,3332.2024,4337.4966
5251,0.010459455,4216.4185,4216.4185,4216.4185
5252,0.010461017,4385.9707,4385.9707,2825.5828
5253,0.010462552,4123.668,2654.5789,-952.18304
5254,0.010464056,3351.7988,3351.7988,-782.7612
5255,0.01046556,1970.1696,1970.1696,405.60602
5256,0.010467059,-112.448685,2815.0981,-112.448685
5257,0.010468569,-2936.3872,-2936.3872,-3181.933
5258,0.010470063,-6124.65,-6124.65,-6144.2695
5259,0.010471566,-9319.28,-3935.707,-8858.082
5260,0.010473101,-12143.35,-12143.35,-10328.91
5261,0.010474663,-14114.34,-14114.34,-14114.34
5262,0.010476228,-14868.285,-15628.914,-20135.172
5263,0.010477823,-14685.751,-14685.751,-19254.05
5264,0.010479409,-14017.078,-14017.078,-16898.074
5265,0.010480964,-13338.761,-14207.165,-15414.832
5266,0.010482511,-13078.215,-13078.215,-13078.215
5267,0.010484084,-13531.539,-13531.539,-7509.301
5268,0.010485657,-14407.495,-11197.357,-9700.98
5269,0.010487201,-15242.337,-15242.337,-12556.496
5270,0.010488736,-15623.105,-15623.105,-14231.426
5271,0.01049025,-15150.387,-16303.433,-15150.387
5272,0.010491773,-13564.332,-13564.332,-11426.535
5273,0.010493329,-11138.518,-11138.518,-14035.488
5274,0.010494908,-8364.723,-9234.291,-11452.816
5275,0.010496462,-5842.7407,-5842.7407,-7566.1597
5276,0.010498021,-4033.449,-4033.449,-4033.449
5277,0.010499568,-3327.8765,-4054.2065,-4972.66
5278,0.010501115,-3565.397,-3565.397,-2445.855
5279,0.010502651,-4465.6753,-4465.6753,-4272.5273
5280,0.010504226,-5796.704,-3680.016,-2433.855
5281,0.010505847,-7297.543,-7297.543,-7297.543
5282,0.010507479,-8672.633,-8672.633,-8078.9727
5283,0.010509051,-9774.855,-5697.2817,-5556.457
5284,0.01051055,-10576.153,-10576.153,-3811.3784
5285,0.01051201,-11080.145,-11080.145,-7292.886
5286,0.010513492,-11271.082,-13337.062,-11271.082
5287,0.010514979,-11143.013,-11143.013,-12994.309
5288,0.010516468,-10887.356,-10887.356,-13863.504
5289,0.010517944,-10745.15,-8322.839,-14172.668
5290,0.010519442,-10955.958,-10955.958,-15441.34
5291,0.010520983,-11803.387,-11803.387,-11803.387
5292,0.010522577,-13515.713,-11795.994,-11263.902
5293,0.010524199,-15820.467,-15820.467,-12180.637
5294,0.010525785,-18203.172,-18203.172,-17997.748
5295,0.010527359,-20285.768,-19067.984,-19990.678
5296,0.010528928,-21681.766,-21681.766,-21681.766
5297,0.010530446,-22116.773,-22116.773,-20023.736
5298,0.010531984,-21808.469,-17551.582,-17639.676
5299,0.010533556,-21008.09,-21008.09,-16099.301
5300,0.010535082,-20046.557,-20046.557,-14925.941
5301,0.010536582,-19195.262,-21389.79,-19195.262
5302,0.010538108,-18636.78,-18636.78,-17214.215
5303,0.010539725,-18350.193,-18350.193,-20345.102
5304,0.010541388,-18274.041,-15078.713,-22621.219
5305,0.010543034,-18305.4,-18305.4,-16439.676
5306,0.010544631,-18331.686,-18331.686,-18331.686
5307,0.010546203,-18259.49,-18524.926,-19893.521
5308,0.010547806,-18014.006,-18014.006,-14550.379
5309,0.01054942,-17524.195,-17524.195,-12905.527
5310,0.010551076,-16697.156,-17288.748,-10944.184
5311,0.010552692,-15503.333,-15503.333,-15503.333
5312,0.010554275,-13950.772,-13950.772,-16510.488
5313,0.010555864,-12217.415,-11086.325,-10992.629
5314,0.010557449,-10573.91,-10573.91,-11385.02
5315,0.010559048,-9266.48,-9266.48,-9951.113
5316,0.010560662,-8574.285,-9085.575,-8574.285
5317,0.010562295,-8656.107,-8656.107,-6164.6675
5318,0.010563927,-9114.678,-9114.678,-1917.0347
5319,0.010565526,-9402.171,-6648.49,117.059135
5320,0.010567133,-9006.88,-9006.88,-8570.113
5321,0.010568767,-7363.957,-7363.957,-7363.957
5322,0.010570439,-4069.308,-7667.7476,793.4967
5323,0.010572101,160.24913,160.24913,1012.89514
5324,0.010573735,4368.128,4368.128,4768.528
5325,0.0105753,7645.574,4986.8027,7467.4893
5326,0.010576843,9409.435,9409.435,9409.435
5327,0.010578359,9265.73,9265.73,5915.356
5328,0.010579869,7812.528,7350.6167,3400.989
5329,0.010581383,5829.7705,5829.7705,3597.403
5330,0.010582923,4085.6167,4085.6167,3931.6765
5331,0.010584493,3445.3562,4281.3047,3445.3562
5332,0.010586102,4594.7524,4594.7524,3079.1687
5333,0.01058769,6976.469,6976.469,3787.3718
5334,0.010589247,9717.769,5420.8027,4518.177
5335,0.010590798,12073.241,12073.241,10499.708
5336,0.010592376,13293.192,13293.192,13293.192
5337,0.010593955,12753.473,12163.457,12474.255
5338,0.010595551,10771.786,10771.786,18835.404
5339,0.0105972,7837.672,7837.672,11725.263
5340,0.010598879,4595.7837,7984.1113,3349.2703
5341,0.010600492,1879.8561,1879.8561,1879.8561
5342,0.010602077,79.27762,79.27762,1028.0356
5343,0.010603676,-857.44183,224.37857,-603.80023
5344,0.010605241,-1026.8418,-1026.8418,-2960.2537
5345,0.010606782,-574.858,-574.858,1490.9342
5346,0.010608317,384.91852,-524.059,384.91852
5347,0.01060981,1697.2227,1697.2227,5489.692
5348,0.010611318,3235.8284,3235.8284,5470.442
5349,0.010612872,4854.461,2718.2593,9867.114
5350,0.01061443,6313.5938,6313.5938,8363.935
5351,0.010616027,7430.0986,7430.0986,7430.0986
5352,0.01061759,7994.2344,8145.574,11076.763
5353,0.010619163,8073.825,8073.825,8328.825
5354,0.010620777,7740.9243,7740.9243,5735.7935
5355,0.010622395,7082.878,8281.031,7388.2783
5356,0.010624001,6205.4346,6205.4346,6205.4346
5357,0.010625636,5167.617,5167.617,7848.9575
5358,0.010627308,3984.794,4307.256,7943.9185
5359,0.010628937,2728.5256,2728.5256,4689.7544
5360,0.010630549,1398.2999,1398.2999,3442.2234
5361,0.010632164,-7.6049275,1836.0117,-7.6049275
5362,0.010633709,-1400.0253,-1400.0253,2240.8015
5363,0.010635236,-2767.9238,-2767.9238,485.5904
5364,0.010636819,-4111.7383,-1765.9841,-2007.7065
5365,0.010638467,-5357.9717,-5357.9717,-2082.316
5366,0.010640086,-6357.1675,-6357.1675,-6357.1675
5367,0.010641655,-7039.187,-6134.25,-7002.0737
5368,0.010643232,-7351.51,-7351.51,-8260.371
5369,0.010644852,-7184.9644,-7184.9644,-8020.4253
5370,0.010646463,-6430.3335,-6188.033,-4583.4097
5371,0.010648022,-5047.0117,-5047.0117,-5047.0117
5372,0.010649567,-3023.6238,-3023.6238,-3914.9878
5373,0.010651137,-576.99445,-2098.8281,-1459.3315
5374,0.010652714,1921.861,1921.861,-30.378366
5375,0.010654234,4034.6929,4034.6929,1969.114
5376,0.010655702,5494.473,4381.4033,5494.473
5377,0.010657166,6175.437,6175.437,5318.583
5378,0.010658677,6212.8223,6212.8223,2889.3328
5379,0.010660204,5809.9194,4475.4263,7585.1997
5380,0.010661755,5205.2744,5205.2744,6973.802
5381,0.010663334,4658.567,4658.567,4658.567
5382,0.010664904,4395.0337,4824.9033,7569.825
5383,0.010666481,4372.1006,4372.1006,6926.645
5384,0.010668079,4490.4385,4490.4385,5459.7236
5385,0.010669655,4642.4844,4471.4814,7611.0205
5386,0.010671202,4725.817,4725.817,4725.817
5387,0.010672698,4682.7554,4682.7554,1655.5123
5388,0.01067415,4585.8384,3854.444,2999.5906
5389,0.010675612,4523.2324,4523.2324,831.82477
5390,0.010677077,4585.4937,4585.4937,2811.1138
5391,0.010678563,4869.012,5042.9575,4869.012
5392,0.010680126,5457.662,5457.662,7030.497
5393,0.010681717,6206.91,6206.91,6237.45
5394,0.010683306,6895.1216,4733.681,7562.77
5395,0.010684882,7309.3335,7309.3335,7094.3174
5396,0.010686435,7254.0283,7254.0283,7254.0283
5397,0.010687965,6618.781,6816.577,9276.169
5398,0.010689443,5573.5835,5573.5835,7933.4346
5399,0.010690936,4261.307,4261.307,5258.637
5400,0.010692474,2823.221,3026.6433,3585.911
5401,0.010694109,1409.5123,1409.5123,1409.5123
5402,0.010695792,265.99448,265.99448,920.1139
5403,0.010697424,-536.0592,489.96613,-1581.1753
5404,0.010699008,-1062.5481,-1062.5481,-363.37057
5405,0.010700572,-1373.6732,-1373.6732,-3097.7302
5406,0.010702175,-1513.0269,-887.0854,-1513.0269
5407,0.010703771,-1519.4946,-1519.4946,-1962.3472
5408,0.010705359,-1491.6757,-1491.6757,-1133.9487
5409,0.010706989,-1541.3312,-1112.7039,-1747.0503
5410,0.010708564,-1773.5636,-1773.5636,-2041.8394
5411,0.010710123,-2286.6284,-2286.6284,-2286.6284
5412,0.010711708,-3128.3994,-1629.3037,-3207.863
5413,0.010713281,-4021.3735,-4021.3735,-586.7299
5414,0.010714854,-4638.464,-4638.464,561.31696
5415,0.01071641,-4651.6094,-2937.2507,-3602.3784
5416,0.010717954,-3759.1128,-3759.1128,-3759.1128
5417,0.010719518,-1774.4585,-1774.4585,-1825.0503
5418,0.010721089,827.4196,-1332.8723,4629.0435
5419,0.010722668,3399.4019,3399.4019,4659.5674
5420,0.010724288,5299.999,5299.999,4371.8174
5421,0.010725919,5740.0513,5353.1377,5740.0513
5422,0.01072751,4269.318,4269.318,4180.2236
5423,0.010729103,1340.0411,1340.0411,2492.5984
5424,0.010730704,-2418.731,662.49414,720.44977
5425,0.010732318,-6368.1714,-6368.1714,-5177.6597
5426,0.010733956,-9849.98,-9849.98,-9849.98
5427,0.01073553,-12183.424,-9863.379,-12064.699
5428,0.010737078,-13573.008,-13573.008,-13802.863
5429,0.010738648,-14271.515,-14271.515,-14859.629
5430,0.010740262,-14461.677,-14871.886,-13660.715
5431,0.010741922,-14335.262,-14335.262,-14335.262
5432,0.010743484,-14085.208,-14085.208,-10756.956
5433,0.010744936,-13696.958,-11807.069,-13368.395
5434,0.010746382,-13076.796,-13076.796,-14062.129
5435,0.010747869,-12109.725,-12109.725,-13832.879
5436,0.010749438,-10629.871,-12892.443,-10629.871
5437,0.010750997,-8675.734,-8675.734,-8535.637
5438,0.01075251,-6623.2275,-6623.2275,-4293.1753
