,time,spline,prediction,target
0,0.002201293,811.2756,811.2756,811.2756
1,0.00220284,551.71747,551.71747,245.92795
2,0.002204407,192.8068,192.8068,-142.71657
3,0.002205983,-187.2478,-187.2478,-187.2478
4,0.002207551,-506.0237,-506.0237,-138.88452
5,0.002209135,-688.3166,-688.3166,-234.43921
6,0.002210766,-644.65796,-852.3953,-644.65796
7,0.002212406,-352.46274,-352.46274,-793.5251
8,0.002214019,-104.99076,-104.99076,-193.59937
9,0.00221557,-232.35327,-285.0651,-232.35327
10,0.002217123,-882.6784,-882.6784,-1151.6892
11,0.002218682,-1608.8676,-1608.8676,-1869.4939
12,0.002220229,-1802.6305,-1648.614,-1802.6305
13,0.002221776,-1088.1897,-1088.1897,-818.3454
14,0.002223342,78.36816,78.36816,-53.802498
15,0.002224955,1001.0412,1255.0596,1001.0412
16,0.002226585,1062.4055,1062.4055,740.06464
17,0.002228137,481.33893,481.33893,321.6467
18,0.002229664,-366.72824,180.26498,-366.72824
19,0.00223122,-1198.0209,-1198.0209,-849.611
20,0.002232821,-1763.5013,-1763.5013,-1610.9078
21,0.00223441,-1794.3494,-1834.3853,-1794.3494
22,0.002235993,-1193.5515,-1193.5515,-1112.861
23,0.002237559,-396.40118,-396.40118,-280.73218
24,0.00223913,59.689682,178.90836,59.689682
25,0.002240735,-197.30496,-197.30496,-778.44305
26,0.002242346,-766.9133,-766.9133,-1223.6931
27,0.00224393,-1026.0681,-996.4726,-1026.0681
28,0.002245513,-572.24335,-572.24335,-274.26343
29,0.002247129,294.79642,294.79642,560.33026
30,0.002248769,1049.0217,999.8377,1049.0217
31,0.002250386,1269.754,1269.754,818.1662
32,0.002251966,1142.1407,1142.1407,508.84592
33,0.002253551,964.2756,695.22485,964.2756
34,0.002255128,952.3663,952.3663,953.2951
35,0.002256651,1026.858,1026.858,1056.9552
36,0.002258137,1051.7013,851.0275,1051.7013
37,0.002259616,919.1287,919.1287,1178.1193
38,0.002261101,573.70026,573.70026,526.88495
39,0.002262631,-47.63453,274.14206,-47.63453
40,0.002264207,-945.9361,-945.9361,-730.3806
41,0.002265789,-1808.6855,-1808.6855,-1764.318
42,0.002267359,-2256.8296,-1911.5186,-2256.8296
43,0.002268964,-2028.5095,-2028.5095,-2407.3884
44,0.002270574,-1295.9287,-1295.9287,-1375.0875
45,0.00227218,-371.32983,-521.7343,-371.32983
46,0.002273837,487.0864,487.0864,785.7834
47,0.002275483,1051.2174,1051.2174,1423.0999
48,0.002277095,1164.3927,1162.6174,1164.3927
49,0.00227867,776.02277,776.02277,1192.4788
50,0.002280205,125.45783,125.45783,331.75607
51,0.002281758,-534.24,-343.11588,-534.24
52,0.002283331,-962.1225,-962.1225,-683.8845
53,0.002284881,-1050.3439,-1050.3439,-799.0642
54,0.002286449,-740.43134,-767.1472,-740.43134
55,0.002288065,-20.373556,-20.373556,-683.00555
56,0.002289696,753.2403,753.2403,191.75998
57,0.002291329,1117.4083,1243.0599,1117.4083
58,0.002292986,734.9457,734.9457,560.053
59,0.002294612,-165.46854,-165.46854,-764.7907
60,0.002296191,-1215.0525,-488.3735,-1215.0525
61,0.00229776,-2133.662,-2133.662,-1531.49
62,0.002299326,-2692.5625,-2692.5625,-2023.3961
63,0.002300855,-2683.0015,-2343.648,-2683.0015
64,0.002302375,-2022.7883,-2022.7883,-2536.197
65,0.002303995,-925.79706,-925.79706,-1263.6656
66,0.002305666,153.77562,77.28524,153.77562
67,0.00230733,778.71094,778.71094,638.053
68,0.002308955,947.3284,947.3284,538.81854
69,0.002310558,769.3889,928.8335,769.3889
70,0.002312152,355.78848,355.78848,626.1154
71,0.00231371,-96.67055,-96.67055,83.47093
72,0.002315263,-399.615,-280.24152,-399.615
73,0.002316803,-422.44263,-422.44263,-1012.0134
74,0.002318362,-272.456,-272.456,-1060.4392
75,0.002319898,-120.25562,56.291344,-120.25562
76,0.002321439,-72.32741,-72.32741,404.79514
77,0.002322981,-12.874127,-12.874127,257.03732
78,0.00232451,227.68578,111.92121,227.68578
79,0.002326054,748.1615,748.1615,575.0608
80,0.002327606,1333.1466,1333.1466,1252.7716
81,0.002329203,1684.5491,1604.4034,1684.5491
82,0.00233083,1559.3085,1559.3085,1203.4631
83,0.002332428,1173.2349,1173.2349,612.8811
84,0.002333997,845.7404,450.77582,845.7404
85,0.002335534,775.6118,775.6118,1618.5099
86,0.002337068,800.8271,800.8271,1640.9747
87,0.00233862,678.7951,848.8928,678.7951
88,0.002340205,229.1971,229.1971,15.955311
89,0.002341837,-407.4377,-407.4377,-393.57593
90,0.002343447,-951.611,-694.92615,-951.611
91,0.002345034,-1201.932,-1201.932,-1002.4158
92,0.002346644,-1145.0479,-1145.0479,-1192.8064
93,0.002348275,-795.361,-1010.7875,-795.361
94,0.002349892,-234.79434,-234.79434,323.7756
95,0.002351518,267.7379,267.7379,713.0061
96,0.002353127,384.2131,784.389,384.2131
97,0.002354671,-15.085315,-15.085315,-501.22433
98,0.002356224,-496.7107,-496.7107,-752.8572
99,0.002357783,-486.61887,-518.7584,-486.61887
100,0.002359365,388.67798,388.67798,650.3693
101,0.002360931,1559.9906,1559.9906,1994.9825
102,0.002362484,2257.412,2609.5164,2257.412
103,0.002364029,1968.3918,1968.3918,1656.26
104,0.002365543,1098.7712,1098.7712,849.0373
105,0.002367073,214.75218,254.0105,214.75218
106,0.002368612,-226.70737,-226.70737,99.18968
107,0.002370163,-316.33755,-316.33755,126.58811
108,0.002371711,-289.73608,-270.24857,-289.73608
109,0.002373281,-341.17004,-341.17004,-385.5056
110,0.002374867,-476.154,-476.154,-750.8376
111,0.00237644,-646.4431,-519.4649,-646.4431
112,0.002378009,-793.40906,-793.40906,-287.96265
113,0.002379547,-807.0824,-807.0824,-242.5603
114,0.00238107,-576.40796,-818.16943,-576.40796
115,0.002382592,-62.779026,-62.779026,-769.8649
116,0.002384138,481.33844,481.33844,42.799057
117,0.002385702,698.8107,719.4871,698.8107
118,0.002387208,388.3231,388.3231,559.9592
119,0.002388689,-82.06006,-82.06006,99.3889
120,0.002390198,-255.65796,-371.726,-255.65796
121,0.002391735,185.64613,185.64613,-129.42358
122,0.002393327,803.2212,803.2212,460.1545
123,0.00239492,862.39276,820.6462,862.39276
124,0.002396522,-78.77193,-78.77193,492.31467
125,0.002398077,-1230.129,-1230.129,-719.53687
126,0.002399618,-1633.2751,-1401.2045,-1633.2751
127,0.002401132,-709.36633,-709.36633,-698.7908
128,0.002402619,812.75,812.75,785.81464
129,0.002404112,1991.2521,1554.0842,1991.2521
130,0.002405675,2099.2385,2099.2385,1997.1115
131,0.002407277,1413.8004,1413.8004,1164.8458
132,0.002408879,631.1311,651.34766,631.1311
133,0.002410528,282.82718,282.82718,820.81854
134,0.002412212,198.06769,198.06769,758.57635
135,0.002413879,-19.767344,320.69385,-19.767344
136,0.002415521,-641.1787,-641.1787,-1460.6892
137,0.002417128,-1456.2976,-1456.2976,-2234.1384
138,0.002418745,-2188.2944,-1714.1532,-2188.2944
139,0.002420321,-2580.1184,-2580.1184,-1977.1617
140,0.002421866,-2604.165,-2604.165,-2131.1775
141,0.002423411,-2264.6462,-2144.383,-2264.6462
142,0.002424934,-1631.2067,-1631.2067,-2721.8064
143,0.002426462,-1012.8959,-1012.8959,-1995.7164
144,0.002428026,-794.63446,-773.43195,-794.63446
145,0.002429575,-1199.5017,-1199.5017,-23.634531
146,0.002431106,-1664.9899,-1664.9899,-540.9001
147,0.002432642,-1470.7205,-1346.893,-1470.7205
148,0.002434214,-141.43817,-141.43817,-1731.1736
149,0.002435839,1594.7947,1594.7947,67.05296
150,0.002437441,2499.1545,2127.5496,2499.1545
151,0.00243904,1812.1323,1812.1323,2132.7405
152,0.002440643,238.85063,238.85063,480.42795
153,0.00244223,-1125.0797,-718.77136,-1125.0797
154,0.002443818,-1507.653,-1507.653,-1229.8494
155,0.002445432,-1193.3928,-1193.3928,-419.65012
156,0.002447053,-757.0759,-550.0451,-757.0759
157,0.002448711,-652.8082,-652.8082,-1518.6969
158,0.002450383,-751.704,-751.704,-1082.1267
159,0.002451988,-757.65015,-804.59845,-757.65015
160,0.002453577,-501.32446,-501.32446,-1138.8024
161,0.002455197,-176.02824,-176.02824,-967.43915
162,0.00245685,-93.34547,-56.66053,-93.34547
163,0.002458497,-466.142,-466.142,273.17014
164,0.002460156,-1037.9673,-1037.9673,-597.44305
165,0.002461836,-1425.8258,-1064.3463,-1425.8258
166,0.002463525,-1352.9814,-1352.9814,-937.68524
167,0.002465169,-1078.9591,-1078.9591,-889.6853
168,0.00246681,-965.24384,-598.32043,-965.24384
169,0.002468476,-1254.1536,-1254.1536,-1522.6852
170,0.002470141,-1697.2925,-1697.2925,-2011.4586
171,0.002471788,-1918.6578,-1863.9529,-1918.6578
172,0.002473394,-1683.7638,-1683.7638,-1186.7906
173,0.002474967,-1205.5942,-1205.5942,-904.9743
174,0.002476567,-758.99774,-556.54285,-758.99774
175,0.002478216,-571.3849,-571.3849,-221.1189
176,0.002479862,-582.42993,-582.42993,-45.825935
177,0.002481511,-636.5134,-668.7795,-636.5134
178,0.002483147,-606.47375,-606.47375,-1833.8259
179,0.002484738,-481.88428,-481.88428,-1910.0953
180,0.002486281,-281.4392,-413.78766,-281.4392
181,0.002487818,-25.310635,-25.310635,1126.0374
182,0.002489429,229.18364,229.18364,619.092
183,0.00249105,379.3928,520.5641,379.3928
184,0.002492673,367.73035,367.73035,790.092
185,0.002494273,290.406,290.406,798.39667
186,0.00249586,275.66623,116.51727,275.66623
187,0.002497458,412.77853,412.77853,-281.95093
188,0.00249903,640.2819,640.2819,40.373276
189,0.002500558,863.1584,880.465,863.1584
190,0.002502068,1016.328,1016.328,1495.0724
191,0.002503592,1088.9807,1088.9807,1340.3811
192,0.00250516,1077.1271,1019.8397,1077.1271
193,0.002506789,981.3953,981.3953,716.0334
194,0.002508449,849.1204,849.1204,726.88885
195,0.002510105,746.5529,767.25287,746.5529
196,0.002511699,718.0844,718.0844,600.9358
197,0.002513278,727.8349,727.8349,562.4631
198,0.002514866,727.75604,781.69006,727.75604
199,0.002516473,678.1204,678.1204,754.47876
200,0.002518079,577.2202,577.2202,538.9709
201,0.002519672,434.36935,318.31912,434.36935
202,0.002521234,259.67123,259.67123,528.9787
203,0.002522762,58.74348,58.74348,263.03342
204,0.002524286,-168.9939,-232.78427,-168.9939
205,0.00252579,-421.01508,-421.01508,-480.28296
206,0.002527303,-713.2918,-713.2918,-723.77124
207,0.002528858,-1069.0916,-657.0329,-1069.0916
208,0.002530453,-1484.4202,-1484.4202,-1561.4117
209,0.002531992,-1837.1439,-1837.1439,-1777.6931
210,0.00253347,-2023.9352,-1625.304,-2023.9352
211,0.002534945,-1980.903,-1980.903,-2170.4897
212,0.002536498,-1694.6613,-1694.6613,-1607.861
213,0.002538144,-1156.197,-1019.9964,-1156.197
214,0.002539804,-435.26144,-435.26144,-1017.5915
215,0.002541442,269.78067,269.78067,332.42404
216,0.002543056,755.5998,693.8667,755.5998
217,0.002544643,904.65356,904.65356,765.2912
218,0.002546263,871.89087,871.89087,1021.2326
219,0.002547882,876.69745,827.9593,876.69745
220,0.0025495,1078.311,1078.311,643.4748
221,0.00255111,1370.2047,1370.2047,1158.6818
222,0.002552717,1584.0255,1601.3291,1584.0255
223,0.00255434,1602.5236,1602.5236,1486.6271
224,0.002555981,1509.1965,1509.1965,1305.1349
225,0.002557633,1446.8419,1216.5675,1446.8419
226,0.002559272,1504.1007,1504.1007,1297.0452
227,0.002560891,1540.1294,1540.1294,1232.26
228,0.002562466,1373.9708,1535.2775,1373.9708
229,0.002564033,907.74,907.74,1630.0686
230,0.002565594,326.53677,326.53677,869.9982
231,0.002567092,-107.3025,119.58078,-107.3025
232,0.002568589,-281.03458,-281.03458,-999.37274
233,0.002570126,-410.72128,-410.72128,-1076.8649
234,0.002571702,-825.87274,-627.45557,-825.87274
235,0.002573246,-1672.4674,-1672.4674,-904.7478
236,0.0025748,-2444.2727,-2444.2727,-1627.7125
237,0.002576404,-2421.1462,-2359.733,-2421.1462
238,0.002578061,-1056.1223,-1056.1223,-1618.9744
239,0.002579696,804.8959,804.8959,719.3928
240,0.002581335,2042.4357,1638.084,2042.4357
241,0.002582927,1877.6473,1877.6473,998.5607
242,0.002584534,876.50037,876.50037,-423.54858
243,0.002586209,-128.95483,-413.38058,-128.95483
244,0.002587817,-383.8691,-383.8691,1061.5452
245,0.002589394,-188.90631,-188.90631,1110.1467
246,0.002590974,-0.5993757,180.18204,-0.5993757
247,0.00259252,-142.5333,-142.5333,-774.2868
248,0.002594069,-478.89548,-478.89548,-912.50946
249,0.002595642,-770.49774,-755.09015,-770.49774
250,0.002597212,-802.2592,-802.2592,-536.7009
251,0.002598739,-545.43604,-545.43604,-357.7009
252,0.002600232,-21.361094,-96.40911,-21.361094
253,0.002601719,714.829,714.829,1106.5295
254,0.002603216,1403.3632,1403.3632,1788.2208
255,0.002604705,1715.4825,1662.0458,1715.4825
256,0.002606217,1438.925,1438.925,741.0334
257,0.002607755,797.6335,797.6335,134.09984
258,0.002609327,159.19748,519.6387,159.19748
259,0.002610933,-134.6065,-134.6065,398.67795
260,0.002612513,-27.448994,-27.448994,406.717
261,0.002614091,441.86932,276.46344,441.86932
262,0.002615651,1180.2765,1180.2765,1332.92
263,0.002617161,1881.4165,1881.4165,2273.6467
264,0.002618661,2254.2053,2138.6987,2254.2053
265,0.002620171,2074.1287,2074.1287,1645.6428
266,0.002621724,1400.8702,1400.8702,1121.6584
267,0.002623308,390.9514,852.52057,390.9514
268,0.00262488,-740.2937,-740.2937,-569.75946
269,0.002626436,-1776.9633,-1776.9633,-1496.1969
270,0.002627982,-2515.4666,-1971.1162,-2515.4666
271,0.002629471,-2805.0173,-2805.0173,-2695.146
272,0.002630975,-2726.8691,-2726.8691,-2798.9116
273,0.002632501,-2369.119,-2283.78,-2369.119
274,0.002634059,-1810.0316,-1810.0316,-1966.7203
275,0.002635654,-1085.6089,-1085.6089,-1331.8884
276,0.00263724,-251.79468,-647.304,-251.79468
277,0.00263882,612.02747,612.02747,856.8889
278,0.002640398,1267.3618,1267.3618,1727.8107
279,0.002641989,1433.6349,1674.2712,1433.6349
280,0.002643572,971.59686,971.59686,155.60374
281,0.002645135,352.52216,352.52216,112.78343
282,0.002646724,166.7131,113.85642,166.7131
283,0.002648284,786.6638,786.6638,1119.2405
284,0.002649809,1634.3235,1634.3235,2085.041
285,0.002651322,1987.7325,1950.2792,1987.7325
286,0.002652871,1353.8445,1353.8445,817.3615
287,0.002654456,187.19133,187.19133,-197.86108
288,0.002656007,-694.72437,-842.9128,-694.72437
289,0.002657578,-746.86505,-746.86505,-264.57593
290,0.002659176,-146.98816,-146.98816,426.9045
291,0.002660752,677.885,541.95856,677.885
292,0.002662295,1358.2592,1358.2592,1010.20917
293,0.002663834,1738.195,1738.195,1514.9982
294,0.002665377,1690.2599,1992.7241,1690.2599
295,0.002666927,1161.0989,1161.0989,1017.9318
296,0.002668453,439.41635,439.41635,84.842026
297,0.002669977,-135.1189,-120.4828,-135.1189
298,0.002671545,-312.22418,-312.22418,78.24437
299,0.00267316,-191.13835,-191.13835,114.68187
300,0.002674761,-6.6775002,149.28712,-6.6775002
301,0.002676272,37.27239,37.27239,-119.48218
302,0.002677783,-113.67751,-113.67751,-671.8025
303,0.002679378,-526.58765,-333.67938,-526.58765
304,0.002681072,-1208.0126,-1208.0126,-294.1189
305,0.002682699,-1725.4945,-1725.4945,-1000.8337
306,0.002684212,-1696.1384,-1660.0074,-1696.1384
307,0.002685669,-999.7188,-999.7188,-2031.9469
308,0.002687116,-11.918109,-11.918109,-821.0525
309,0.00268859,796.2209,676.7126,796.2209
310,0.002690085,1013.49493,1013.49493,1527.1115
311,0.002691609,699.52716,699.52716,1123.9122
312,0.002693155,52.19359,213.26842,52.19359
313,0.002694686,-655.0672,-655.0672,-786.2087
314,0.002696225,-1022.60834,-1022.60834,-1089.6345
315,0.002697795,-578.3533,-792.5378,-578.3533
316,0.002699421,989.59296,989.59296,758.56464
317,0.002701057,2878.213,2878.213,2607.4004
318,0.002702686,3975.1152,3942.6772,3975.1152
319,0.00270429,3552.552,3552.552,3848.6855
320,0.002705893,2210.5725,2210.5725,2933.9434
321,0.002707472,860.45526,959.5281,860.45526
322,0.002708988,149.71092,149.71092,284.36935
323,0.002710476,-150.83795,-150.83795,62.24437
324,0.002711972,-402.77905,-214.6707,-402.77905
325,0.002713503,-854.5548,-854.5548,-956.6189
326,0.00271503,-1298.0875,-1298.0875,-1219.8728
327,0.002716542,-1421.4509,-1236.1245,-1421.4509
328,0.002718095,-1033.342,-1033.342,-1168.654
329,0.002719691,-449.39774,-449.39774,-1007.2673
330,0.002721267,-185.19312,-39.657673,-185.19312
331,0.002722824,-552.7416,-552.7416,-423.27512
332,0.002724396,-1222.238,-1222.238,-942.34546
333,0.002725973,-1688.2556,-1463.7239,-1688.2556
334,0.002727575,-1590.5034,-1590.5034,-1593.4861
335,0.002729185,-1204.1205,-1204.1205,-1259.5525
336,0.002730795,-986.82196,-846.8096,-986.82196
337,0.002732361,-1231.7135,-1231.7135,-1389.3297
338,0.002733862,-1625.8552,-1625.8552,-1836.357
339,0.002735358,-1792.1189,-1920.3833,-1792.1189
340,0.002736895,-1463.6685,-1463.6685,-1117.9353
341,0.002738456,-869.1669,-869.1669,-490.8689
342,0.002740031,-403.37668,-247.85368,-403.37668
343,0.002741597,-366.28482,-366.28482,-512.4353
344,0.002743213,-619.87885,-619.87885,-727.56415
345,0.002744836,-895.6228,-884.8142,-895.6228
346,0.002746431,-981.3418,-981.3418,-906.06415
347,0.002748018,-948.33093,-948.33093,-705.1697
348,0.00274959,-927.5485,-908.9896,-927.5485
349,0.002751147,-1010.32904,-1010.32904,-1387.2828
350,0.002752707,-1153.8248,-1153.8248,-1851.0172
351,0.002754251,-1280.7516,-1363.6407,-1280.7516
352,0.002755805,-1325.6191,-1325.6191,-891.9978
353,0.002757334,-1251.2395,-1251.2395,-851.5485
354,0.002758899,-1022.13446,-825.85815,-1022.13446
355,0.002760484,-633.3074,-633.3074,-501.97043
356,0.002762034,-228.41888,-228.41888,25.291246
357,0.002763585,43.627182,57.662086,43.627182
358,0.002765097,74.95864,74.95864,-488.9275
359,0.002766615,-52.95776,-52.95776,-538.2517
360,0.00276818,-227.38062,32.926964,-227.38062
361,0.002769752,-342.82156,-342.82156,297.67014
362,0.002771276,-395.52542,-395.52542,39.447495
363,0.002772796,-411.81418,-503.5691,-411.81418
364,0.002774369,-389.46448,-389.46448,-626.9626
365,0.002775936,-232.33495,-232.33495,-634.1736
366,0.002777494,174.91234,-118.842674,174.91234
367,0.002779035,844.86194,844.86194,661.28735
368,0.002780605,1432.3982,1432.3982,1134.1935
369,0.002782213,1441.846,1740.12,1441.846
370,0.00278383,557.7391,557.7391,986.6545
371,0.002785437,-624.4538,-624.4538,-303.07202
372,0.002787017,-1306.5916,-1412.9745,-1306.5916
373,0.002788585,-995.11523,-995.11523,-1300.3844
374,0.002790183,-111.34287,-111.34287,-419.4548
375,0.002791774,642.174,603.7134,642.174
376,0.002793327,768.3419,768.3419,867.0334
377,0.002794842,541.3484,541.3484,616.34595
378,0.002796357,365.17795,188.6828,365.17795
379,0.002797864,506.7205,506.7205,475.47092
380,0.002799376,736.58167,736.58167,740.6115
381,0.002800912,695.0412,838.0126,695.0412
382,0.002802514,121.78743,121.78743,245.91232
383,0.00280414,-592.9123,-592.9123,-750.63837
384,0.002805725,-850.7673,-960.05566,-850.7673
385,0.002807224,-379.9645,-379.9645,-398.00558
386,0.002808684,299.6377,299.6377,106.84202
387,0.00281015,579.0451,590.1887,579.0451
388,0.002811617,42.84519,42.84519,11.049061
389,0.002813077,-884.6854,-884.6854,-795.9626
390,0.002814537,-1584.5485,-1421.1489,-1584.5485
391,0.002816067,-1575.8085,-1575.8085,-1782.5133
392,0.002817671,-952.6163,-952.6163,-1387.2203
393,0.002819259,-109.57984,-215.33195,-109.57984
394,0.002820833,619.7189,619.7189,893.5881
395,0.0028224,1162.5457,1162.5457,1972.4747
396,0.002823966,1506.1116,1510.0873,1506.1116
397,0.002825563,1624.4248,1624.4248,976.924
398,0.00282718,1434.6923,1434.6923,802.63104
399,0.002828792,853.5334,1092.926,853.5334
400,0.002830388,-103.04039,-103.04039,359.5764
401,0.002831996,-1099.5494,-1099.5494,-702.9236
402,0.002833605,-1689.654,-1515.339,-1689.654
403,0.00283522,-1573.2239,-1573.2239,-1697.236
404,0.002836836,-1025.1681,-1025.1681,-1096.6656
405,0.002838459,-467.81418,-340.93146,-467.81418
406,0.002840021,-229.4872,-229.4872,-13.8454685
407,0.002841534,-191.9138,-191.9138,27.271717
408,0.00284302,-170.90405,-102.410286,-170.90405
409,0.002844513,-36.41501,-36.41501,-323.45093
410,0.002846025,195.5338,195.5338,-22.95875
411,0.002847558,469.24435,327.4405,469.24435
412,0.002849096,727.2382,727.2382,1013.5373
413,0.002850607,931.62146,931.62146,1097.2052
414,0.002852099,1059.1779,647.0391,1059.1779
415,0.002853597,1086.3885,1086.3885,824.01776
416,0.002855112,982.552,982.552,642.34985
417,0.002856661,709.3615,572.6897,709.3615
418,0.002858246,264.72336,264.72336,257.43967
419,0.002859856,-175.40318,-175.40318,-215.8728
420,0.002861476,-375.04858,-189.60379,-375.04858
421,0.002863078,-196.10861,-196.10861,27.603746
422,0.002864665,117.94865,117.94865,-13.357187
423,0.002866223,247.92795,497.20694,247.92795
424,0.0028678,-1.2624924,-1.2624924,-384.22046
425,0.002869377,-391.81888,-391.81888,-579.2243
426,0.002870894,-572.76733,-691.03125,-572.76733
427,0.002872416,-345.38898,-345.38898,-27.888437
428,0.002873981,107.82721,107.82721,302.73267
429,0.002875541,461.06076,298.60184,461.06076
430,0.002877095,482.6078,482.6078,816.0959
431,0.002878669,289.57944,289.57944,419.81857
432,0.002880227,94.30296,292.32172,94.30296
433,0.002881785,54.630802,54.630802,36.24828
434,0.002883377,140.01733,140.01733,436.97092
435,0.002884971,266.86545,317.7278,266.86545
436,0.002886534,335.81174,335.81174,246.22484
437,0.002888145,199.58867,199.58867,292.1545
438,0.002889778,-323.04074,34.476532,-323.04074
439,0.00289143,-1308.6304,-1308.6304,-1747.0642
440,0.002893043,-2341.1348,-2341.1348,-2987.5173
441,0.002894691,-2974.8064,-2547.409,-2974.8064
442,0.00289633,-2846.5989,-2846.5989,-1793.9783
443,0.002897936,-2265.2417,-2265.2417,-1021.8689
444,0.002899508,-1666.1578,-1150.5107,-1666.1578
445,0.002901048,-1332.9288,-1332.9288,-1957.4274
446,0.002902609,-1120.77,-1120.77,-2093.5056
447,0.002904178,-796.0759,-646.7897,-796.0759
448,0.002905734,-217.3098,-217.3098,493.47873
449,0.002907245,382.78677,382.78677,256.47092
450,0.002908708,729.1545,658.3396,729.1545
451,0.002910144,679.9869,679.9869,-702.8376
452,0.002911607,432.47678,432.47678,-924.2087
453,0.002913111,279.69748,263.9263,279.69748
454,0.002914674,462.839,462.839,1598.6741
455,0.002916206,800.09485,800.09485,1489.924
456,0.002917712,1013.06854,1005.0479,1013.06854
457,0.002919254,920.48773,920.48773,689.60767
458,0.002920825,667.3677,667.3677,604.2405
459,0.002922353,512.4006,181.97754,512.4006
460,0.002923894,601.5706,601.5706,608.2092
461,0.00292544,730.465,730.465,690.7404
462,0.002926979,601.00995,789.00586,601.00995
463,0.002928568,7.175934,7.175934,-139.84937
464,0.002930156,-758.70734,-758.70734,-944.2517
465,0.002931763,-1283.3102,-1068.8171,-1283.3102
466,0.002933397,-1248.6489,-1248.6489,-1314.4744
467,0.002935071,-845.96173,-845.96173,-817.76337
468,0.002936762,-440.26733,-268.07568,-440.26733
469,0.002938434,-323.34213,-323.34213,-574.77124
470,0.002940122,-395.91824,-395.91824,-729.4665
471,0.002941792,-466.52515,-402.0816,-466.52515
472,0.00294341,-395.00565,-395.00565,-574.8376
473,0.002945028,-209.71083,-209.71083,-409.08765
474,0.002946633,23.088123,128.85469,23.088123
475,0.002948269,240.6648,240.6648,244.63889
476,0.002949917,348.95105,348.95105,76.27171
477,0.002951537,253.34593,434.11572,253.34593
478,0.002953103,-83.13691,-83.13691,128.33812
479,0.00295469,-583.727,-583.727,-465.18137
480,0.002956302,-1132.2869,-1099.5259,-1132.2869
481,0.002957852,-1568.881,-1568.881,-1148.4039
482,0.002959365,-1746.0463,-1746.0463,-874.0212
483,0.002960876,-1509.1539,-1543.4547,-1509.1539
484,0.002962365,-806.59515,-806.59515,-1911.5172
485,0.002963862,36.34838,36.34838,-827.7829
486,0.002965391,588.1115,279.02325,588.1115
487,0.002966945,527.42596,527.42596,617.12714
488,0.002968497,216.14783,216.14783,-200.04858
489,0.002970093,208.04123,-5.902373,208.04123
490,0.002971685,890.92694,890.92694,1845.7404
491,0.002973245,1795.2234,1795.2234,2825.4863
492,0.00297479,2305.6309,2401.4824,2305.6309
493,0.002976324,2008.0988,2008.0988,1135.76
494,0.002977864,1176.8037,1176.8037,592.9905
495,0.002979412,257.0764,774.8321,257.0764
496,0.002980917,-361.64142,-361.64142,22.37328
497,0.002982446,-673.73096,-673.73096,-474.9939
498,0.002983996,-709.69696,-740.858,-709.69696
499,0.002985584,-523.42194,-523.42194,-900.0173
500,0.00298715,-271.61993,-271.61993,-319.19308
501,0.002988734,-124.62672,-159.12355,-124.62672
502,0.002990303,-180.6307,-180.6307,-622.27905
503,0.002991795,-216.65607,-216.65607,-611.99774
504,0.002993237,14.267811,-67.125206,14.267811
505,0.002994666,638.43353,638.43353,894.6506
506,0.002996126,1416.1193,1416.1193,1716.0685
507,0.002997678,1979.6818,1927.078,1979.6818
508,0.002999257,1954.7069,1954.7069,1639.0999
509,0.003000879,1524.4851,1524.4851,790.0451
510,0.003002501,1057.6038,795.77814,1057.6038
511,0.003004131,830.461,830.461,1912.7677
512,0.003005777,721.06525,721.06525,1912.6974
513,0.003007461,493.7014,495.94562,493.7014
514,0.003009126,13.404703,13.404703,-706.6072
515,0.003010763,-455.31284,-455.31284,-851.01337
516,0.003012351,-581.2946,-730.4451,-581.2946
517,0.003013944,-161.728,-161.728,-67.75172
518,0.00301554,638.7303,638.7303,694.3029
519,0.003017094,1531.0411,1296.8761,1531.0411
520,0.003018628,2273.612,2273.612,2033.4943
521,0.003020153,2611.4282,2611.4282,2308.1897
522,0.003021699,2271.6895,2183.647,2271.6895
523,0.003023295,1078.5082,1078.5082,1686.463
524,0.003024916,-437.73505,-437.73505,56.12328
525,0.003026528,-1500.2711,-1576.9468,-1500.2711
526,0.00302813,-1591.7661,-1591.7661,-2261.7166
527,0.003029723,-1074.141,-1074.141,-1764.318
528,0.00303131,-509.15012,-292.95297,-509.15012
529,0.003032849,-308.1766,-308.1766,524.29517
530,0.003034433,-318.2185,-318.2185,730.4279
531,0.003036049,-261.63843,-234.02603,-261.63843
532,0.003037707,84.31529,84.31529,-307.09155
533,0.003039374,559.7231,559.7231,122.79906
534,0.003041019,895.6232,1041.9957,895.6232
535,0.003042618,927.15845,927.15845,836.1584
536,0.003044205,809.30945,809.30945,564.1701
537,0.003045821,756.3654,560.9937,756.3654
538,0.003047419,906.2439,906.2439,1292.3185
539,0.003049009,1062.1858,1062.1858,1632.678
540,0.003050598,951.4709,1050.4724,951.4709
541,0.003052195,395.84784,395.84784,-70.993904
542,0.00305384,-408.39417,-408.39417,-770.736
543,0.003055476,-1099.1814,-962.9772,-1099.1814
544,0.003057088,-1425.5505,-1425.5505,-1092.1931
545,0.003058674,-1506.044,-1506.044,-1423.0525
546,0.003060284,-1534.9469,-1358.2169,-1534.9469
547,0.003061937,-1644.2731,-1644.2731,-1591.6617
548,0.003063538,-1707.4872,-1707.4872,-1740.1345
549,0.003065075,-1563.4313,-1417.8862,-1563.4313
550,0.003066602,-1139.0836,-1139.0836,-1097.5406
551,0.003068142,-645.2345,-645.2345,-510.84546
552,0.003069659,-380.64233,-362.60678,-380.64233
553,0.003071151,-517.99884,-517.99884,-989.279
554,0.003072656,-859.41345,-859.41345,-1478.4705
555,0.003074144,-1110.1383,-775.8584,-1110.1383
556,0.003075609,-1061.6562,-1061.6562,-223.36107
557,0.003077073,-779.5746,-779.5746,309.56467
558,0.003078555,-385.1267,-223.85507,-385.1267
559,0.003080068,1.2363983,1.2363983,-910.3103
560,0.003081619,266.68274,266.68274,-669.8572
561,0.003083162,290.11154,565.24554,290.11154
562,0.003084672,38.10314,38.10314,924.13495
563,0.003086213,-278.56616,-278.56616,456.06467
564,0.003087768,-363.3025,-511.91223,-363.3025
565,0.003089301,-38.61939,-38.61939,-657.51337
566,0.003090811,400.08862,400.08862,-315.0681
567,0.003092336,570.5412,675.62335,570.5412
568,0.00309392,202.42836,202.42836,818.3107
569,0.003095545,-336.9184,-336.9184,75.75218
570,0.003097157,-443.20874,-747.33936,-443.20874
571,0.003098753,242.37025,242.37025,347.86154
572,0.003100341,1229.8846,1229.8846,1942.4083
573,0.00310196,1842.8068,1518.3481,1842.8068
574,0.003103614,1528.9296,1528.9296,711.45526
575,0.003105253,593.4138,593.4138,-70.50953
576,0.003106832,-410.06418,-146.18416,-410.06418
577,0.003108402,-1104.8286,-1104.8286,-292.10327
578,0.003109979,-1351.1686,-1351.1686,-494.22824
579,0.003111571,-1054.7947,-1099.5671,-1054.7947
580,0.003113172,-237.69371,-237.69371,-432.21265
581,0.003114737,569.79926,569.79926,543.3615
582,0.003116256,793.6857,1094.2292,793.6857
583,0.003117803,122.49187,122.49187,252.86156
584,0.003119366,-857.1175,-857.1175,-828.4821
585,0.003120941,-1272.4391,-1457.6288,-1272.4391
586,0.003122516,-554.7183,-554.7183,-547.6189
587,0.003123998,489.47052,489.47052,695.83417
588,0.003125471,974.7326,1009.8149,974.7326
589,0.003126987,276.4563,276.4563,-367.9392
590,0.00312857,-1105.3099,-1105.3099,-1618.5055
591,0.003130202,-2165.0603,-1978.3427,-2165.0603
592,0.00313186,-2049.1968,-2049.1968,-1918.4899
593,0.003133478,-1211.7897,-1211.7897,-1041.5017
594,0.003135056,-402.48605,-418.1296,-402.48605
595,0.003136622,-109.600136,-109.600136,-507.90012
596,0.003138147,-158.211,-158.211,-639.7634
597,0.003139657,-229.84155,-295.10895,-229.84155
598,0.003141146,-112.798096,-112.798096,-5.9900007
599,0.003142638,85.22605,85.22605,195.1389
600,0.003144163,178.16624,279.78577,178.16624
601,0.003145688,26.391802,26.391802,-117.33374
602,0.003147233,-258.91238,-258.91238,-473.51343
603,0.00314876,-491.05246,-540.5601,-491.05246
604,0.003150308,-531.50745,-531.50745,-333.07983
605,0.003151836,-389.43652,-389.43652,-403.35327
606,0.00315334,-119.42749,40.77813,-119.42749
607,0.003154839,234.46149,234.46149,397.68185
608,0.003156344,637.721,637.721,1005.6154
609,0.003157921,1072.9708,1023.9316,1072.9708
610,0.003159498,1455.2344,1455.2344,1441.9318
611,0.003161047,1615.9418,1615.9418,1593.7013
612,0.003162617,1371.7443,1792.734,1371.7443
613,0.003164164,644.10565,644.10565,471.62326
614,0.003165729,-262.1636,-262.1636,-681.97437
615,0.00316732,-918.3962,-635.4962,-918.3962
616,0.003168893,-996.9108,-996.9108,-819.5485
617,0.003170484,-725.7714,-725.7714,-628.66187
618,0.003172105,-464.09933,-208.41785,-464.09933
619,0.003173735,-493.47964,-493.47964,-634.1072
620,0.003175382,-656.7237,-656.7237,-720.4157
621,0.003177015,-676.611,-750.3737,-676.611
622,0.003178666,-377.92624,-377.92624,-888.8181
623,0.003180317,2.7768023,2.7768023,-623.06415
624,0.003181898,128.1428,129.4289,128.1428
625,0.00318346,-171.38142,-171.38142,-8.423594
626,0.003185084,-677.59064,-677.59064,-503.8962
627,0.003186702,-1007.19696,-1064.1251,-1007.19696
628,0.003188304,-908.56476,-908.56476,-194.17749
629,0.003189963,-591.13635,-591.13635,-122.99
630,0.003191591,-418.0095,-294.33893,-418.0095
631,0.003193218,-629.6908,-629.6908,-1009.41187
632,0.003194861,-1069.0143,-1069.0143,-1088.9703
633,0.003196479,-1460.4978,-1231.6144,-1460.4978
634,0.003198008,-1596.5868,-1596.5868,-1716.5211
635,0.003199445,-1490.2166,-1490.2166,-1266.5914
636,0.003200868,-1171.2242,-1123.0834,-1171.2242
637,0.003202338,-672.0193,-672.0193,-293.84543
638,0.003203894,-207.7871,-207.7871,-69.200935
639,0.003205484,-128.84546,124.320984,-128.84546
640,0.003207074,-656.07745,-656.07745,-1142.7477
641,0.003208699,-1484.2654,-1484.2654,-1813.2516
642,0.003210215,-2094.9587,-2102.537,-2094.9587
643,0.003211703,-2248.2136,-2248.2136,-1554.2164
644,0.003213245,-2058.527,-2058.527,-1552.1774
645,0.003214834,-1733.1306,-1444.7166,-1733.1306
646,0.003216436,-1469.3693,-1469.3693,-2297.0835
647,0.003218029,-1249.2606,-1249.2606,-1686.3766
648,0.003219585,-1001.4235,-663.56006,-1001.4235
649,0.003221138,-708.3929,-708.3929,-420.81027
650,0.003222701,-590.8138,-590.8138,-163.44702
651,0.003224295,-948.3572,-561.95197,-948.3572
652,0.003225921,-1953.8376,-1953.8376,-1861.361
653,0.00322746,-3038.8328,-3038.8328,-2979.2634
654,0.003228981,-3662.728,-3385.687,-3662.728
655,0.003230513,-3439.86,-3439.86,-2716.0837
656,0.003232084,-2601.0212,-2601.0212,-2750.9275
657,0.003233678,-1589.111,-1428.6012,-1589.111
658,0.003235305,-782.45337,-782.45337,-1473.9666
659,0.003236903,-196.17287,-196.17287,-550.2712
660,0.003238479,294.49826,187.66731,294.49826
661,0.003240015,755.9178,755.9178,512.6193
662,0.003241515,1104.1575,1104.1575,1086.6075
663,0.003243017,1229.721,1304.0902,1229.721
664,0.003244567,1059.4668,1059.4668,298.61935
665,0.003246134,761.2574,761.2574,67.7014
666,0.003247756,584.19354,501.8242,584.19354
667,0.003249453,742.217,742.217,1302.3927
668,0.003251112,1069.956,1069.956,1739.381
669,0.003252716,1311.5021,1190.8438,1311.5021
670,0.003254264,1289.3533,1289.3533,1230.2443
671,0.003255784,970.8546,970.8546,903.0568
672,0.003257275,352.42404,505.53726,352.42404
673,0.003258753,-516.06854,-516.06854,-134.4314
674,0.003260239,-1345.5149,-1345.5149,-1015.2595
675,0.003261715,-1765.1461,-2030.4757,-1765.1461
676,0.003263202,-1535.6576,-1535.6576,-2222.6304
677,0.003264707,-873.6794,-873.6794,-1847.9508
678,0.003266235,-131.25171,-69.86629,-131.25171
679,0.003267781,382.5817,382.5817,1359.3497
680,0.003269315,648.36316,648.36316,1430.1075
681,0.00327079,736.4826,742.1562,736.4826
682,0.003272263,710.5486,710.5486,369.05685
683,0.003273772,576.8091,576.8091,702.5568
684,0.003275373,317.3342,264.21805,317.3342
685,0.003276963,-25.606403,-25.606403,-577.1814
686,0.003278504,-279.9858,-279.9858,-1137.5953
687,0.003280034,-273.02515,-421.18436,-273.02515
688,0.003281563,91.25881,91.25881,723.0139
689,0.003283072,579.7648,579.7648,1044.549
690,0.003284557,896.4631,968.8106,896.4631
691,0.003286056,839.1642,839.1642,168.09203
692,0.003287586,489.28528,489.28528,-221.97437
693,0.003289128,22.521717,220.5947,22.521717
694,0.003290685,-397.17865,-397.17865,-160.00562
695,0.003292278,-686.0368,-686.0368,-294.53296
696,0.003293855,-766.9236,-800.3316,-766.9236
697,0.003295412,-629.71027,-629.71027,-363.01343
698,0.00329694,-449.95636,-449.95636,-481.72433
699,0.00329844,-429.78296,-201.24454,-429.78296
700,0.003299915,-680.58716,-680.58716,-887.81415
701,0.003301427,-1043.7384,-1043.7384,-870.7282
702,0.003302947,-1264.0017,-1029.8889,-1264.0017
703,0.00330444,-1152.0079,-1152.0079,-1458.443
704,0.003305956,-768.05804,-768.05804,-1069.1267
705,0.003307455,-245.73608,-449.49118,-245.73608
706,0.003308967,294.051,294.051,-663.6384
707,0.003310465,695.83,695.83,-530.3493
708,0.00331197,815.6232,757.2933,815.6232
709,0.003313514,549.44,549.44,2075.467
710,0.003315094,36.77042,36.77042,1448.7599
711,0.003316667,-478.58374,-352.97067,-478.58374
712,0.003318254,-802.49835,-802.49835,-1592.6696
713,0.003319849,-887.7637,-887.7637,-1460.6189
714,0.003321457,-727.9821,-708.1021,-727.9821
715,0.003323102,-343.20325,-343.20325,-104.88062
716,0.003324762,91.35027,91.35027,228.94748
717,0.003326409,352.38107,39.139763,352.38107
718,0.003328064,307.59827,307.59827,311.6467
719,0.003329726,140.77492,140.77492,271.05685
720,0.003331365,119.92406,-259.07556,119.92406
721,0.003332973,390.24774,390.24774,427.25607
722,0.003334568,694.94995,694.94995,710.1701
723,0.003336182,688.25604,622.00073,688.25604
724,0.003337823,135.96956,135.96956,392.67014
725,0.003339451,-609.1748,-609.1748,-537.31024
726,0.003341022,-1059.5642,-782.1736,-1059.5642
727,0.00334259,-929.7752,-929.7752,-888.2087
728,0.003344203,-383.53934,-383.53934,-84.02125
729,0.003345812,252.93968,295.2518,252.93968
730,0.003347422,710.8517,710.8517,463.06076
731,0.003349033,949.8896,949.8896,779.967
732,0.003350647,987.25995,1117.6953,987.25995
733,0.003352271,857.2405,857.2405,1471.963
734,0.003353895,670.10406,670.10406,1265.9436
735,0.003355534,555.2561,508.6809,555.2561
736,0.003357166,593.3884,593.3884,56.3889
737,0.003358813,648.9455,648.9455,144.17795
738,0.003360412,536.674,757.7878,536.674
739,0.003361999,163.32567,163.32567,836.8498
740,0.003363597,-265.30243,-265.30243,199.2756
741,0.003365179,-457.19702,-546.0036,-457.19702
742,0.003366688,-248.00656,-248.00656,-93.08375
743,0.003368229,186.4322,186.4322,772.47095
744,0.003369829,587.9904,636.7093,587.9904
745,0.003371393,693.6771,693.6771,-551.1657
746,0.003372869,487.7183,487.7183,-421.60718
747,0.003374327,-8.556406,342.07764,-8.556406
748,0.003375832,-753.0163,-753.0163,17.951405
749,0.003377419,-1384.1705,-1384.1705,-669.4704
750,0.003379041,-1331.611,-1573.4056,-1331.611
751,0.003380657,-279.97824,-279.97824,-1399.029
752,0.003382253,1046.4487,1046.4487,329.7014
753,0.003383802,1727.6544,1633.1089,1727.6544
754,0.003385345,1223.534,1223.534,1471.0138
755,0.003386908,-18.818943,-18.818943,120.728745
756,0.003388477,-1256.7789,-964.94183,-1256.7789
757,0.003390018,-1886.1327,-1886.1327,-1360.0328
758,0.003391552,-1982.0015,-1982.0015,-1576.2439
759,0.003393092,-1748.318,-1429.9231,-1748.318
760,0.003394663,-1356.0527,-1356.0527,-1542.025
761,0.003396256,-897.6015,-897.6015,-1202.533
762,0.003397818,-461.84152,-319.4215,-461.84152
763,0.00339934,-106.97079,-106.97079,-207.28685
764,0.003400858,173.09744,173.09744,249.63889
765,0.003402395,389.0178,378.85574,389.0178
766,0.003403945,529.46124,529.46124,124.842026
767,0.003405512,518.5485,518.5485,399.94357
768,0.003407095,258.5295,250.2525,258.5295
769,0.003408718,-283.83267,-283.83267,-226.26733
770,0.003410377,-802.75226,-802.75226,-889.6696
771,0.003412048,-866.572,-951.48865,-866.572
772,0.003413708,-208.4783,-208.4783,-725.83765
773,0.003415302,761.8094,761.8094,463.18185
774,0.003416855,1576.9786,1242.8229,1576.9786
775,0.003418382,1932.4186,1932.4186,2089.9902
776,0.003419931,1930.5221,1930.5221,1883.9513
777,0.003421508,1754.8224,1915.1552,1754.8224
778,0.003423108,1562.3354,1562.3354,1765.0997
779,0.003424729,1338.0511,1338.0511,1281.8068
780,0.003426331,1027.4435,1049.7313,1027.4435
781,0.003427949,588.3821,588.3821,442.61154
782,0.003429568,87.77454,87.77454,-89.63062
783,0.003431133,-369.81027,-192.15553,-369.81027
784,0.003432701,-717.6094,-717.6094,-729.154
785,0.003434285,-862.09106,-862.09106,-744.4314
786,0.003435864,-702.2556,-770.5515,-702.2556
787,0.003437417,-241.69325,-241.69325,316.25217
788,0.003438999,183.07335,183.07335,736.93964
789,0.003440615,103.29515,286.87915,103.29515
790,0.003442214,-746.1112,-746.1112,-1240.2439
791,0.003443785,-1764.4543,-1764.4543,-2364.5054
792,0.003445318,-2210.5288,-2298.771,-2210.5288
793,0.003446864,-1622.0554,-1622.0554,-1770.8102
794,0.003448429,-383.42703,-383.42703,-575.2829
795,0.003450041,878.4123,557.32965,878.4123
796,0.003451688,1593.1099,1593.1099,1782.8185
797,0.003453329,1860.3253,1860.3253,1747.7911
798,0.003454971,1989.8966,1457.7937,1989.8966
799,0.003456579,2160.2168,2160.2168,1512.3107
800,0.003458156,2079.3362,2079.3362,1850.1857
801,0.003459724,1361.2366,1715.1133,1361.2366
802,0.003461296,-224.3784,-224.3784,-23.825937
803,0.003462833,-2201.84,-2201.84,-2189.314
804,0.003464361,-4033.3494,-3217.5598,-4033.3494
805,0.003465874,-5276.322,-5276.322,-4790.134
806,0.003467409,-5915.293,-5915.293,-5361.5054
807,0.003468967,-5984.892,-5505.9507,-5984.892
808,0.00347051,-5552.4185,-5552.4185,-6357.63
809,0.003472084,-4721.888,-4721.888,-5802.9116
810,0.003473667,-3630.2866,-3895.7583,-3630.2866
811,0.003475239,-2449.544,-2449.544,-1363.8689
812,0.00347684,-1383.2316,-1383.2316,-245.63062
813,0.003478433,-713.13837,-616.18134,-713.13837
814,0.003480008,-586.5448,-586.5448,-1740.1892
815,0.00348155,-749.49005,-749.49005,-1477.0837
816,0.003483051,-877.87274,-708.9179,-877.87274
817,0.003484582,-763.4275,-763.4275,-375.47043
818,0.003486114,-543.9586,-543.9586,-238.05249
819,0.003487624,-451.23218,-288.5312,-451.23218
820,0.003489153,-638.79987,-638.79987,-909.25165
821,0.003490746,-992.6279,-992.6279,-1641.611
822,0.003492389,-1286.697,-1311.7278,-1286.697
823,0.003494046,-1319.7804,-1319.7804,372.49826
824,0.00349568,-1148.579,-1148.579,545.14276
825,0.003497283,-895.2478,-901.6288,-895.2478
826,0.003498869,-656.46674,-656.46674,-1976.0758
827,0.003500454,-475.64673,-475.64673,-1364.3414
828,0.003502068,-385.92746,-587.56104,-385.92746
829,0.003503634,-403.1488,-403.1488,490.74435
830,0.003505176,-453.07306,-453.07306,74.95921
831,0.003506741,-448.572,-481.8136,-448.572
832,0.003508366,-321.11108,-321.11108,-272.29858
833,0.003509965,-130.40987,-130.40987,-112.11109
834,0.003511573,39.799057,106.804245,39.799057
835,0.003513211,123.459335,123.459335,61.17015
836,0.003514824,136.69406,136.69406,-108.368904
837,0.003516432,121.64281,109.63349,121.64281
838,0.003518036,101.01919,101.01919,477.81857
839,0.003519602,31.613914,31.613914,268.6389
840,0.003521178,-147.22827,21.685205,-147.22827
841,0.003522797,-459.98077,-459.98077,-576.1735
842,0.003524452,-734.5611,-734.5611,-867.65015
843,0.003526075,-734.00946,-832.8022,-734.00946
844,0.003527672,-351.22784,-351.22784,-388.32202
845,0.003529269,144.81615,144.81615,678.5842
846,0.003530877,392.29904,326.87448,392.29904
847,0.003532437,161.38792,161.38792,-495.04465
848,0.003533947,-262.47906,-262.47906,-933.88055
849,0.003535451,-536.0564,-608.10474,-536.0564
850,0.003536948,-423.48697,-423.48697,-302.16577
851,0.003538465,-83.09057,-83.09057,-3.4353132
852,0.003540022,220.17796,186.30234,220.17796
853,0.003541574,252.71117,252.71117,405.54123
854,0.003543132,51.818836,51.818836,274.74435
855,0.003544723,-287.00952,-70.21697,-287.00952
856,0.003546308,-667.41077,-667.41077,-1306.0485
857,0.00354785,-1058.041,-1058.041,-1757.0369
858,0.003549374,-1460.6853,-897.5229,-1460.6853
859,0.003550901,-1859.2217,-1859.2217,-1465.3453
860,0.003552492,-2167.637,-2167.637,-1877.7672
861,0.003554143,-2238.4666,-1802.8701,-2238.4666
862,0.003555697,-1989.349,-1989.349,-1294.5212
863,0.003557185,-1544.5143,-1544.5143,-782.4274
864,0.003558703,-1003.4548,-1051.2607,-1003.4548
865,0.003560276,-490.63672,-490.63672,-1358.5212
866,0.003561871,-217.39996,-217.39996,-1224.6969
867,0.003563429,-394.64233,-22.285492,-394.64233
868,0.003564987,-1079.5983,-1079.5983,-252.52515
869,0.003566549,-1811.1738,-1811.1738,-1240.8142
870,0.003568118,-1987.2869,-1690.6813,-1987.2869
871,0.003569669,-1245.0952,-1245.0952,-1778.5212
872,0.003571161,-183.81514,-183.81514,-750.58765
873,0.003572628,507.92014,505.48074,507.92014
874,0.003574127,367.0822,367.0822,819.3732
875,0.003575709,-351.48306,-351.48306,-190.25562
876,0.003577361,-1071.158,-971.26044,-1071.158
877,0.003579019,-1236.6437,-1236.6437,-1438.4861
878,0.003580707,-982.52985,-982.52985,-1288.1227
879,0.00358242,-627.77905,-465.01358,-627.77905
880,0.003584048,-444.49536,-444.49536,-825.81805
881,0.003585628,-362.87875,-362.87875,-378.72433
882,0.0035872,-262.1267,-295.4697,-262.1267
883,0.003588765,-62.500816,-62.500816,281.88498
884,0.00359033,190.82726,190.82726,747.174
885,0.003591922,424.51385,181.90942,424.51385
886,0.003593539,549.0936,549.0936,-439.61105
887,0.003595137,451.8229,451.8229,-290.39233
888,0.00359668,43.627182,382.63687,43.627182
889,0.003598168,-662.47644,-662.47644,-328.98605
890,0.003599648,-1381.5117,-1381.5117,-1221.8064
891,0.003601199,-1758.9431,-1899.6467,-1758.9431
892,0.003602839,-1445.8226,-1445.8226,-1309.8416
893,0.00360451,-698.4458,-698.4458,-369.4587
894,0.003606202,-4.622813,129.92557,-4.622813
895,0.003607768,239.57729,239.57729,6.1935925
896,0.003609257,208.11751,208.11751,-89.388435
897,0.003610751,104.72093,133.2104,104.72093
898,0.003612256,88.8423,88.8423,121.00999
899,0.003613777,225.227,225.227,408.04514
900,0.003615348,566.6818,505.73013,566.6818
901,0.003616926,1086.9066,1086.9066,765.4904
902,0.003618525,1483.4242,1483.4242,1382.006
903,0.003620136,1357.8341,1463.4124,1357.8341
904,0.003621743,475.58365,475.58365,87.61156
905,0.003623369,-758.2771,-758.2771,-984.63446
906,0.003624991,-1733.9587,-1706.4586,-1733.9587
907,0.003626643,-1980.7562,-1980.7562,-1934.2985
908,0.003628303,-1509.5348,-1509.5348,-1436.1852
909,0.003629938,-508.69308,-692.0572,-508.69308
910,0.003631509,763.8932,763.8932,933.9084
911,0.003633088,2015.7708,2015.7708,2366.053
912,0.003634674,2873.0725,2584.331,2873.0725
913,0.003636285,3059.1296,3059.1296,2355.5684
914,0.003637943,2704.9888,2704.9888,1970.2677
915,0.003639538,2118.7717,2109.0137,2118.7717
916,0.003641052,1569.5459,1569.5459,2234.7249
917,0.003642536,1184.0955,1184.0955,1832.2286
918,0.003644007,1074.174,1225.0765,1074.174
919,0.003645488,1286.2594,1286.2594,876.3029
920,0.003646992,1581.1046,1581.1046,995.4708
921,0.00364855,1617.2952,1621.3129,1617.2952
922,0.003650136,1117.159,1117.159,1832.5334
923,0.003651744,287.2409,287.2409,815.98267
924,0.003653338,-503.66187,-500.2573,-503.66187
925,0.003654929,-986.2349,-986.2349,-1395.9705
926,0.003656536,-1190.3075,-1190.3075,-1715.943
927,0.003658143,-1214.7869,-868.96454,-1214.7869
928,0.003659749,-1149.5388,-1149.5388,-1092.3298
929,0.003661351,-1021.8717,-1021.8717,-1269.8883
930,0.003662973,-840.279,-837.64154,-840.279
931,0.00366461,-611.82825,-611.82825,27.912342
932,0.003666248,-332.40347,-332.40347,546.89667
933,0.003667824,-7.3220315,-127.900406,-7.3220315
934,0.003669373,348.80475,348.80475,-676.736
935,0.003670944,626.9244,626.9244,-311.20874
936,0.003672523,673.7287,728.3685,673.7287
937,0.003674141,397.313,397.313,1485.6389
938,0.003675809,-7.9262834,-7.9262834,657.1115
939,0.003677468,-226.65796,-8.962042,-226.65796
940,0.003679113,-60.91171,-60.91171,-589.4509
941,0.003680731,273.39252,273.39252,6.3420305
942,0.003682349,482.05295,484.5942,482.05295
943,0.003683959,366.9755,366.9755,991.1584
944,0.003685541,110.569405,110.569405,372.12326
945,0.003687055,-30.18531,142.57211,-30.18531
946,0.003688529,81.07106,81.07106,-168.40405
947,0.003690016,312.8408,312.8408,100.70921
948,0.00369156,467.36154,372.39725,467.36154
949,0.003693113,385.2203,385.2203,453.49826
950,0.003694672,206.68726,206.68726,348.45526
951,0.003696209,149.19359,34.14802,149.19359
952,0.003697702,346.27963,346.27963,-225.58374
953,0.003699176,684.1712,684.1712,30.326405
954,0.003700669,1009.04114,859.0287,1009.04114
955,0.003702213,1191.2748,1191.2748,1997.6896
956,0.003703836,1229.3407,1229.3407,2014.4279
957,0.003705512,1164.6622,828.26855,1164.6622
958,0.003707177,1047.6554,1047.6554,878.3498
959,0.003708768,893.7831,893.7831,870.217
960,0.003710333,699.0803,786.8949,699.0803
961,0.00371191,461.20554,461.20554,495.4045
962,0.003713514,198.81349,198.81349,-59.568123
963,0.003715161,-62.66968,271.78772,-62.66968
964,0.003716759,-289.71365,-289.71365,-27.907967
965,0.003718285,-500.41052,-500.41052,-192.71655
966,0.003719747,-721.1462,-558.24304,-721.1462
967,0.003721179,-949.33356,-949.33356,-1095.5211
968,0.003722619,-1069.3074,-1069.3074,-1057.7166
969,0.003724091,-921.7126,-831.6343,-921.7126
970,0.003725611,-395.37955,-395.37955,-658.8259
971,0.003727186,298.31247,298.31247,-6.6931252
972,0.003728791,799.12714,759.6048,799.12714
973,0.003730396,833.05145,833.05145,1486.7443
974,0.003732016,586.3876,586.3876,1203.7131
975,0.003733651,365.61935,243.39769,365.61935
976,0.003735291,406.39603,406.39603,-0.4431257
977,0.003736909,599.7804,599.7804,825.9944
978,0.003738534,759.7209,620.0915,759.7209
979,0.003740191,731.5586,731.5586,526.5217
980,0.003741833,506.15128,506.15128,338.93185
981,0.003743478,112.83031,366.30484,112.83031
982,0.003745057,-360.81393,-360.81393,34.71703
983,0.003746646,-732.2052,-732.2052,-168.75952
984,0.003748306,-752.8024,-963.14105,-752.8024
985,0.003749974,-260.88,-260.88,-215.68529
986,0.003751593,339.99976,339.99976,633.4279
987,0.003753158,582.9436,620.85254,582.9436
988,0.003754711,211.9215,211.9215,339.2014
989,0.003756276,-463.76367,-463.76367,-551.4275
990,0.003757864,-979.6696,-1048.5669,-979.6696
991,0.003759446,-982.5061,-982.5061,-1190.7048
992,0.003760989,-708.7716,-708.7716,-716.12274
993,0.003762514,-507.37668,-295.28986,-507.37668
994,0.003764012,-599.0648,-599.0648,-1077.6423
995,0.003765494,-799.193,-799.193,-1117.0994
996,0.003766978,-839.9314,-583.302,-839.9314
997,0.003768441,-552.01337,-552.01337,-597.40015
998,0.003769895,-130.57484,-130.57484,-561.1071
999,0.003771386,153.385,168.43066,153.385
1000,0.003772931,64.35852,64.35852,140.00218
1001,0.003774492,-302.9632,-302.9632,-464.5134
1002,0.003776061,-742.77905,-198.6364,-742.77905
1003,0.003777604,-1066.9181,-1066.9181,-1681.9899
1004,0.003779149,-1221.5314,-1221.5314,-1515.0994
1005,0.003780734,-1168.6423,-1146.5479,-1168.6423
1006,0.003782324,-888.5142,-888.5142,83.61546
1007,0.003783908,-466.03503,-466.03503,649.6037
1008,0.003785455,-16.947031,-152.32127,-16.947031
1009,0.003787001,384.16937,384.16937,802.34985
1010,0.003788572,722.61554,722.61554,1103.5413
1011,0.003790095,980.1779,759.76117,980.1779
1012,0.003791593,1156.24,1156.24,1408.7794
1013,0.00379309,1223.2747,1223.2747,1280.5139
1014,0.003794598,1142.2247,1085.9677,1142.2247
1015,0.003796119,904.12103,904.12103,453.06076
1016,0.003797671,634.81354,634.81354,615.9358
1017,0.003799279,512.9514,491.69855,512.9514
1018,0.003800927,689.33014,689.33014,734.549
1019,0.003802548,1044.4408,1044.4408,757.39667
1020,0.003804105,1391.0333,1316.3092,1391.0333
1021,0.003805631,1620.7451,1620.7451,2190.4983
1022,0.003807142,1777.3142,1777.3142,2502.42
1023,0.003808666,1937.6544,1728.1135,1937.6544
1024,0.003810249,2129.0208,2129.0208,293.7678
1025,0.003811891,2136.2588,2136.2588,463.3264
1026,0.003813501,1677.2755,1551.525,1677.2755
1027,0.0038151,628.9406,628.9406,1432.4122
1028,0.003816666,-571.8558,-571.8558,-328.58762
1029,0.003818171,-1403.033,-1191.626,-1403.033
1030,0.003819641,-1582.5808,-1582.5808,-1539.0095
1031,0.003821133,-1298.6425,-1298.6425,-1313.7985
1032,0.003822701,-823.822,-875.2463,-823.822
1033,0.003824389,-413.14383,-413.14383,-597.05634
1034,0.003826038,-79.070114,-79.070114,-23.142344
1035,0.003827661,296.29123,6.3620224,296.29123
1036,0.003829274,762.6739,762.6739,642.27954
1037,0.003830897,1129.008,1129.008,959.6545
1038,0.003832493,1137.4124,982.3983,1137.4124
1039,0.003834081,667.0373,667.0373,1126.7288
1040,0.003835722,24.640322,24.640322,457.9592
1041,0.003837375,-299.15796,-558.2955,-299.15796
1042,0.003839004,17.275066,17.275066,-164.56421
1043,0.003840602,621.10223,621.10223,560.19745
1044,0.003842184,1044.1115,940.496,1044.1115
1045,0.003843774,935.74164,935.74164,222.79514
1046,0.003845387,322.46893,322.46893,-393.82983
1047,0.003846998,-649.6657,-346.0931,-649.6657
1048,0.003848604,-1751.0186,-1751.0186,-799.53687
1049,0.003850238,-2446.331,-2446.331,-1412.3767
1050,0.003851887,-2050.9233,-2206.6025,-2050.9233
1051,0.003853569,-188.01517,-188.01517,874.25214
1052,0.003855253,2005.1661,2005.1661,3148.162
1053,0.003856811,3005.2363,2986.651,3005.2363
1054,0.003858306,2265.493,2265.493,2613.4553
1055,0.003859838,645.3635,645.3635,1566.3341
1056,0.003861447,-582.0642,-208.17389,-582.0642
1057,0.003863112,-263.43677,-263.43677,-234.58765
1058,0.00386475,798.9011,798.9011,1790.4865
1059,0.003866289,1320.6233,1369.5219,1320.6233
1060,0.003867786,650.1076,650.1076,138.80296
1061,0.003869309,-693.52374,-693.52374,-1406.4117
1062,0.003870786,-1825.0406,-1571.7896,-1825.0406
1063,0.003872214,-2171.1843,-2171.1843,-848.64233
1064,0.003873629,-1864.199,-1864.199,-345.15796
1065,0.003875095,-1114.5328,-1224.2178,-1114.5328
1066,0.00387657,-191.14569,-191.14569,-2065.7634
1067,0.003878038,565.4683,565.4683,-1274.3611
1068,0.003879519,815.2795,1056.5217,815.2795
1069,0.003881064,312.22726,312.22726,2528.498
1070,0.003882644,-557.91284,-557.91284,1515.1779
1071,0.00388425,-1159.7595,-1296.0854,-1159.7595
1072,0.003885866,-1005.5343,-1005.5343,-2302.7986
1073,0.003887524,-394.02515,-394.02515,-1295.0916
1074,0.003889188,119.48265,406.8862,119.48265
1075,0.003890831,133.639,133.639,-311.27515
1076,0.003892453,-84.12329,-84.12329,-771.68524
1077,0.003894042,-132.22046,-116.84376,-132.22046
1078,0.003895619,229.88928,229.88928,539.62714
1079,0.003897179,730.83307,730.83307,839.9279
1080,0.003898755,993.1154,943.69324,993.1154
1081,0.003900299,744.8784,744.8784,573.83026
1082,0.003901881,151.00652,151.00652,-74.50953
1083,0.00390343,-476.2595,-443.40906,-476.2595
1084,0.003904982,-905.13855,-905.13855,-1045.5837
1085,0.003906558,-1052.3405,-1052.3405,-1268.6345
1086,0.003908121,-868.88055,-992.8451,-868.88055
1087,0.003909678,-369.67758,-369.67758,-29.181406
1088,0.00391123,225.93515,225.93515,398.92792
1089,0.003912773,650.75214,802.8053,650.75214
1090,0.003914341,711.375,711.375,222.71312
1091,0.003915937,470.18204,470.18204,-51.63453
1092,0.003917498,87.509995,255.39926,87.509995
1093,0.003919044,-305.59625,-305.59625,565.0256
1094,0.003920628,-655.24664,-655.24664,173.22092
1095,0.003922234,-901.21265,-834.6857,-901.21265
1096,0.003923764,-1008.7559,-1008.7559,-1396.3455
1097,0.003925255,-1067.8263,-1067.8263,-1574.0524
1098,0.003926743,-1176.8063,-1058.0482,-1176.8063
1099,0.003928275,-1388.2277,-1388.2277,-468.67746
1100,0.003929818,-1541.8872,-1541.8872,-890.7595
1101,0.003931378,-1417.5134,-1230.0256,-1417.5134
1102,0.003932941,-871.1244,-871.1244,-1026.9822
1103,0.003934493,-98.687355,-98.687355,-391.76343
1104,0.003936008,619.674,547.22003,619.674
1105,0.003937511,1089.0068,1089.0068,1920.3888
1106,0.003939045,1266.6979,1266.6979,2643.4905
1107,0.003940617,1121.346,1202.1088,1121.346
1108,0.003942212,663.2501,663.2501,-712.45874
1109,0.003943849,66.71022,66.71022,-920.154
1110,0.003945508,-415.8337,-678.958,-415.8337
1111,0.003947173,-592.90106,-592.90106,54.779526
1112,0.003948837,-578.9372,-578.9372,88.197495
1113,0.003950431,-563.9704,-294.50284,-563.9704
1114,0.003951977,-656.62976,-656.62976,-1185.1033
1115,0.003953475,-742.66876,-742.66876,-1577.6462
1116,0.003954929,-678.8806,-617.4082,-678.8806
1117,0.003956373,-398.33432,-398.33432,283.6428
1118,0.003957824,-82.55917,-82.55917,620.0295
1119,0.003959274,18.107655,21.899479,18.107655
1120,0.003960745,-250.25116,-250.25116,-290.9314
1121,0.003962287,-642.0962,-642.0962,-705.7946
1122,0.003963926,-714.6111,-797.8431,-714.6111
1123,0.003965589,-100.88519,-100.88519,-402.77905
1124,0.003967216,776.8785,776.8785,979.2131
1125,0.003968847,1366.2639,1455.123,1366.2639
1126,0.003970518,1234.6858,1234.6858,500.88107
1127,0.003972153,548.7599,548.7599,-169.98999
1128,0.003973734,-352.115,165.48892,-352.115
1129,0.003975313,-1219.247,-1219.247,-779.81805
1130,0.00397692,-1839.0927,-1839.0927,-1638.2125
1131,0.003978488,-1976.2985,-1628.0988,-1976.2985
1132,0.003980063,-1537.5046,-1537.5046,-955.404
1133,0.003981672,-790.35486,-790.35486,-326.70483
1134,0.003983278,-149.29077,-297.83368,-149.29077
1135,0.003984919,99.27278,99.27278,176.69357
1136,0.003986572,135.00333,135.00333,463.79514
1137,0.003988207,280.47482,81.42374,280.47482
1138,0.003989751,707.7064,707.7064,166.46312
1139,0.00399127,1185.9689,1185.9689,663.44745
1140,0.003992794,1410.2013,1384.1721,1410.2013
1141,0.003994349,1165.954,1165.954,1349.381
1142,0.003995942,676.7777,676.7777,786.3732
1143,0.003997538,327.87717,297.56577,327.87717
1144,0.003999112,384.57016,384.57016,477.44357
1145,0.004000693,636.4838,636.4838,708.4357
1146,0.0040023,759.00995,794.1027,759.00995
1147,0.0040039,506.24368,506.24368,289.31857
1148,0.00400548,25.165997,25.165997,176.48654
1149,0.004007004,-444.5212,-88.84724,-444.5212
1150,0.004008544,-740.0711,-740.0711,-830.71655
1151,0.004010147,-763.35114,-763.35114,-686.3533
1152,0.004011721,-436.02905,-420.12115,-436.02905
1153,0.004013311,237.78345,237.78345,-270.35718
1154,0.004014882,928.17676,928.17676,555.60376
1155,0.004016431,1255.5568,1250.1259,1255.5568
1156,0.004017963,989.6391,989.6391,1537.5255
1157,0.004019486,379.76492,379.76492,366.42795
1158,0.004021004,-220.02124,-105.02371,-220.02124
1159,0.004022498,-545.17816,-545.17816,-610.7986
1160,0.004023989,-683.1263,-683.1263,-1156.8962
1161,0.004025512,-796.1658,-763.0591,-796.1658
1162,0.004027084,-1014.56555,-1014.56555,-675.25165
1163,0.004028647,-1288.1025,-1288.1025,-1156.5798
1164,0.004030237,-1530.9703,-1429.0842,-1530.9703
1165,0.004031845,-1655.9916,-1655.9916,-823.1267
1166,0.004033465,-1620.6804,-1620.6804,-1111.7048
1167,0.004035106,-1392.193,-1229.734,-1392.193
1168,0.004036787,-955.1863,-955.1863,-1074.3298
1169,0.004038451,-425.3156,-425.3156,-748.615
1170,0.004040047,52.381092,135.17091,52.381092
1171,0.004041541,382.62173,382.62173,668.64276
1172,0.004042985,568.803,568.803,583.01776
1173,0.004044413,614.06854,557.2939,614.06854
1174,0.004045858,537.5555,537.5555,1392.0061
1175,0.00404734,469.90408,469.90408,1212.8497
1176,0.004048879,595.6076,73.85794,595.6076
1177,0.004050464,1056.3892,1056.3892,432.31467
1178,0.004052051,1666.0111,1666.0111,900.62714
1179,0.004053597,2147.049,1721.8359,2147.049
1180,0.004055151,2306.346,2306.346,2469.9592
1181,0.004056723,2086.5896,2086.5896,2032.9279
1182,0.0040583,1471.7052,1565.9851,1471.7052
1183,0.004059863,528.54877,528.54877,1020.3107
1184,0.004061401,-415.02722,-415.02722,372.12326
1185,0.004062922,-1003.19696,-656.19275,-1003.19696
1186,0.004064445,-1009.61816,-1009.61816,-1738.6697
1187,0.004066002,-653.7688,-653.7688,-1291.0251
1188,0.004067563,-298.52905,-12.842998,-298.52905
1189,0.004069086,-210.6551,-210.6551,1241.045
1190,0.004070591,-230.72742,-230.72742,1149.0802
1191,0.004072122,-111.724365,70.20243,-111.724365
1192,0.004073675,311.59595,311.59595,-374.66187
1193,0.004075283,823.7259,823.7259,735.842
1194,0.004076895,1049.7638,1159.0399,1049.7638
1195,0.004078478,752.99023,752.99023,425.93185
1196,0.004080023,191.6803,191.6803,-32.661873
1197,0.004081564,-306.05246,-196.85664,-306.05246
1198,0.004083137,-499.83344,-499.83344,31.138905
1199,0.004084744,-470.9328,-470.9328,26.646717
1200,0.004086369,-406.70093,-524.0245,-406.70093
1201,0.004088,-454.68484,-454.68484,-310.11887
1202,0.004089651,-545.77856,-545.77856,-21.876719
1203,0.004091301,-550.3845,-512.328,-550.3845
1204,0.004092939,-413.12012,-413.12012,-1349.6228
1205,0.004094529,-362.69,-362.69,-1628.3375
1206,0.00409608,-659.13446,-400.91705,-659.13446
1207,0.004097609,-1404.5304,-1404.5304,-873.4274
1208,0.004099136,-2179.2349,-2179.2349,-2333.7202
1209,0.004100691,-2429.2007,-2215.2144,-2429.2007
1210,0.004102312,-1709.3031,-1709.3031,-604.9236
1211,0.004103914,-464.22647,-464.22647,1137.5216
1212,0.004105475,631.58026,827.89166,631.58026
1213,0.004106993,1132.8265,1132.8265,86.33812
1214,0.004108501,1158.1007,1158.1007,585.3693
1215,0.004110029,915.7912,862.0025,915.7912
1216,0.004111604,587.7897,587.7897,225.24435
1217,0.004113219,294.54398,294.54398,-282.09155
1218,0.004114809,151.65062,66.66103,151.65062
1219,0.004116407,211.85736,211.85736,681.9709
1220,0.004118041,354.7697,354.7697,1034.7247
1221,0.004119673,399.67014,288.1284,399.67014
1222,0.004121272,221.80983,221.80983,572.4279
1223,0.004122863,-107.588425,-107.588425,563.6232
1224,0.004124434,-471.822,-226.4725,-471.822
1225,0.00412599,-775.3036,-775.3036,-1441.8297
1226,0.004127532,-972.5939,-972.5939,-1718.5016
1227,0.004129064,-1031.7205,-1032.1217,-1031.7205
1228,0.00413064,-949.2988,-949.2988,-598.34155
1229,0.004132278,-860.62634,-860.62634,-1254.4313
1230,0.004133912,-963.18915,-771.2629,-963.18915
1231,0.004135513,-1343.9877,-1343.9877,-343.2478
1232,0.004137075,-1712.2628,-1712.2628,-394.36496
1233,0.004138636,-1723.6344,-1780.6003,-1723.6344
1234,0.004140211,-1163.2709,-1163.2709,-2225.0916
1235,0.004141795,-393.53488,-393.53488,-1554.6423
1236,0.004143395,62.021717,-230.41402,62.021717
1237,0.00414498,-175.81549,-175.81549,-412.28687
1238,0.00414657,-836.5661,-836.5661,-1330.3533
1239,0.004148182,-1499.3649,-1269.882,-1499.3649
1240,0.004149794,-1786.2208,-1786.2208,-725.0095
1241,0.004151403,-1628.7844,-1628.7844,-225.65794
1242,0.004153035,-1022.7283,-1164.0724,-1022.7283
1243,0.004154689,-55.64616,-55.64616,-1107.4625
1244,0.004156344,765.5427,765.5427,-833.63055
1245,0.004157966,847.8107,1146.3025,847.8107
1246,0.004159521,-38.02205,-38.02205,819.33026
1247,0.004161087,-1199.6617,-1199.6617,-583.76733
1248,0.004162663,-1700.3727,-1676.1025,-1700.3727
1249,0.004164239,-897.5945,-897.5945,-244.17358
1250,0.004165798,564.93066,564.93066,1605.381
1251,0.004167338,1766.3497,1825.2306,1766.3497
1252,0.004168855,2074.388,2074.388,845.2326
1253,0.004170367,1774.2681,1774.2681,691.8694
1254,0.0041719,1341.5999,1158.3047,1341.5999
1255,0.004173483,1147.1072,1147.1072,2010.6543
1256,0.004175046,1066.0199,1066.0199,1828.7365
1257,0.004176582,832.7951,873.60645,832.7951
1258,0.004178132,277.7694,277.7694,-16.130625
1259,0.004179705,-393.81354,-393.81354,-734.15796
1260,0.00418133,-861.75555,-915.3952,-861.75555
1261,0.004182958,-868.9273,-868.9273,-263.50952
1262,0.004184504,-672.4083,-672.4083,-109.42749
1263,0.004186014,-597.8767,-387.90982,-597.8767
1264,0.004187552,-835.1637,-835.1637,-873.2399
1265,0.004189151,-1139.2759,-1139.2759,-922.8493
1266,0.004190823,-1074.3416,-1227.7784,-1074.3416
1267,0.00419244,-360.8067,-360.8067,-1005.6892
1268,0.004193989,575.31946,575.31946,-72.118904
1269,0.004195515,1268.5997,1206.3069,1268.5997
1270,0.004197055,1410.8054,1410.8054,1785.8029
1271,0.004198616,1215.8091,1215.8091,1584.1232
1272,0.004200121,1057.5216,815.4788,1057.5216
1273,0.004201624,1172.3276,1172.3276,936.7912
1274,0.004203181,1408.8375,1408.8375,1084.463
1275,0.004204747,1481.424,1294.0848,1481.424
1276,0.004206327,1186.4208,1186.4208,1361.4983
1277,0.004207942,688.2649,688.2649,775.51776
1278,0.004209616,270.69748,300.66257,270.69748
1279,0.004211281,189.12627,189.12627,93.65843
1280,0.004212928,342.09512,342.09512,284.75217
1281,0.004214593,555.1779,542.1214,555.1779
1282,0.00421622,691.01483,691.01483,969.5295
1283,0.004217762,791.84155,791.84155,1465.545
1284,0.0042193,939.39276,893.298,939.39276
1285,0.004220827,1138.2266,1138.2266,-190.19312
1286,0.004222369,1129.4907,1129.4907,-34.65797
1287,0.004223919,573.6311,732.12604,573.6311
1288,0.004225438,-657.1746,-657.1746,-371.25558
1289,0.004226974,-2042.7816,-2042.7816,-1680.9196
1290,0.00422856,-2846.9897,-2730.7554,-2846.9897
1291,0.004230227,-2416.1829,-2416.1829,-2464.1228
1292,0.004231881,-1189.7147,-1189.7147,-619.56024
1293,0.004233523,61.720932,60.127922,61.720932
1294,0.004235156,744.7676,744.7676,-322.42358
1295,0.004236777,856.8996,856.8996,-160.32594
1296,0.004238319,559.7912,706.2166,559.7912
1297,0.004239821,23.078766,23.078766,404.59592
1298,0.004241282,-527.6988,-527.6988,-765.6735
1299,0.004242726,-884.1032,-987.0924,-884.1032
1300,0.004244233,-883.1273,-883.1273,258.97873
1301,0.00424588,-494.69327,-494.69327,843.2482
1302,0.004247437,138.61937,-171.38876,138.61937
1303,0.004248925,851.5231,851.5231,-230.00952
1304,0.00425043,1390.999,1390.999,616.8693
1305,0.004251973,1410.799,1320.181,1410.799
1306,0.004253521,713.9095,713.9095,1143.5217
1307,0.004255073,-160.54385,-160.54385,156.2678
1308,0.004256691,-474.28293,-612.0264,-474.28293
1309,0.004258366,373.5769,373.5769,48.662342
1310,0.004260048,1641.7247,1641.7247,1427.0256
1311,0.004261754,2202.2715,2302.4497,2202.2715
1312,0.004263456,1273.2299,1273.2299,1549.0685
1313,0.004265046,-196.87196,-196.87196,-36.99781
1314,0.004266596,-1193.8376,-677.3353,-1193.8376
1315,0.004268172,-1068.8712,-1068.8712,-1184.6033
1316,0.004269806,-195.37424,-195.37424,-255.26343
1317,0.00427142,639.4045,1268.2069,639.4045
1318,0.004273004,865.27374,865.27374,441.13107
1319,0.00427454,683.718,683.718,442.54904
1320,0.004276073,435.467,420.2293,435.467
1321,0.004277632,370.62646,370.62646,856.70917
1322,0.004279259,456.98022,456.98022,887.799
1323,0.004280859,567.1428,511.85455,567.1428
1324,0.004282373,616.77893,616.77893,67.23265
1325,0.004283856,693.02704,693.02704,368.1389
1326,0.004285351,914.4513,897.524,914.4513
1327,0.004286853,1340.5029,1340.5029,1082.7521
1328,0.004288358,1787.9688,1787.9688,1443.9397
1329,0.004289888,2011.338,1923.0267,2011.338
1330,0.004291458,1814.8164,1814.8164,2351.8535
1331,0.00429308,1320.5372,1320.5372,1726.8419
1332,0.004294727,780.2795,1051.5868,780.2795
1333,0.004296398,395.4433,395.4433,-476.60715
1334,0.004298062,83.50271,83.50271,-309.9353
1335,0.004299666,-304.7009,166.40514,-304.7009
1336,0.004301266,-831.72485,-831.72485,-918.8024
1337,0.004302857,-1169.5122,-1169.5122,-1379.9117
1338,0.00430442,-916.80634,-1081.9365,-916.80634
1339,0.00430596,95.87224,95.87224,564.76776
1340,0.004307472,1278.8966,1278.8966,1786.6779
1341,0.004308964,1924.7677,1673.3562,1924.7677
1342,0.004310449,1584.6158,1584.6158,1230.7599
1343,0.004311947,665.6438,665.6438,-30.95875
1344,0.004313483,-202.7439,-217.9032,-202.7439
1345,0.004315055,-483.19995,-483.19995,299.42798
1346,0.004316655,-351.1924,-351.1924,506.0139
1347,0.004318297,-209.77515,83.865105,-209.77515
1348,0.004319955,-393.2488,-393.2488,-889.4001
1349,0.004321548,-752.04297,-752.04297,-871.4118
1350,0.004323068,-1049.7986,-951.92395,-1049.7986
1351,0.004324597,-1160.9883,-1160.9883,-1395.3884
1352,0.004326103,-1173.5968,-1173.5968,-1563.3297
1353,0.004327657,-1236.865,-1047.6187,-1236.865
1354,0.00432924,-1451.4473,-1451.4473,-1532.4352
1355,0.004330854,-1674.9994,-1674.9994,-1421.404
1356,0.004332518,-1679.8219,-1372.9131,-1679.8219
1357,0.004334192,-1300.1167,-1300.1167,-1106.1969
1358,0.004335864,-727.5462,-727.5462,-378.0681
1359,0.004337501,-247.6228,-159.97043,-247.6228
1360,0.004339106,-48.298893,-48.298893,-956.32587
1361,0.004340671,-62.644855,-62.644855,-955.654
1362,0.0043422,-173.71265,53.728962,-173.71265
1363,0.004343712,-282.28253,-282.28253,341.81857
1364,0.004345244,-301.13315,-301.13315,832.88495
1365,0.004346801,-134.6853,-208.89017,-134.6853
1366,0.004348406,256.36588,256.36588,-651.8532
1367,0.004350008,597.7385,597.7385,-17.837656
1368,0.004351554,557.0568,869.76044,557.0568
1369,0.004353065,-5.476628,-5.476628,475.52948
1370,0.00435452,-702.82916,-702.82916,-676.72437
1371,0.004355993,-1112.4781,-962.77844,-1112.4781
1372,0.004357521,-897.0096,-897.0096,-618.2868
1373,0.004359081,-299.0241,-299.0241,242.80687
1374,0.004360659,223.30685,353.24075,223.30685
1375,0.004362259,310.89307,310.89307,0.5646867
1376,0.004363864,122.8489,122.8489,-180.18921
1377,0.004365462,-36.04469,171.17757,-36.04469
1378,0.004367097,57.805595,57.805595,37.56859
1379,0.00436876,297.27893,297.27893,9.74828
1380,0.004370394,467.0842,312.20264,467.0842
1381,0.004372019,441.9684,441.9684,312.6545
1382,0.004373656,389.9319,389.9319,21.396715
1383,0.004375263,549.3693,447.65274,549.3693
1384,0.004376862,1056.094,1056.094,358.92404
1385,0.004378463,1687.6951,1687.6951,467.74042
1386,0.004380103,2134.6855,1893.4138,2134.6855
1387,0.004381816,2107.9126,2107.9126,3518.33
1388,0.004383537,1622.8177,1622.8177,2124.8733
1389,0.004385274,803.2951,1331.5764,803.2951
1390,0.004387016,-191.09584,-191.09584,439.79904
1391,0.004388742,-1099.4849,-1099.4849,-62.138435
1392,0.004390447,-1659.9783,-1476.7592,-1659.9783
1393,0.004392104,-1715.5581,-1715.5581,-1959.1696
1394,0.004393743,-1439.6862,-1439.6862,-1948.4938
1395,0.004395358,-1058.3767,-1077.033,-1058.3767
1396,0.00439692,-741.217,-741.217,-1235.6345
1397,0.004398435,-464.8878,-464.8878,-1285.9625
1398,0.004399956,-161.14233,23.02947,-161.14233
1399,0.004401483,201.65466,201.65466,444.9553
1400,0.004403005,549.0273,549.0273,702.25214
1401,0.004404542,786.1232,795.661,786.1232
1402,0.004406109,827.4361,827.4361,630.52563
1403,0.004407703,660.1613,660.1613,597.00214
1404,0.004409304,299.2756,497.99045,299.2756
1405,0.004410935,-220.5363,-220.5363,-102.64234
1406,0.004412545,-736.71136,-736.71136,-853.43134
1407,0.004414149,-1083.4626,-1000.0928,-1083.4626
1408,0.004415738,-1141.2466,-1141.2466,-338.60718
1409,0.004417339,-975.6543,-975.6543,91.20531
1410,0.004418925,-699.0173,-729.25464,-699.0173
1411,0.004420489,-414.8003,-414.8003,-1299.4001
1412,0.004422048,-187.4635,-187.4635,-891.3415
1413,0.004423647,-74.607185,-23.986805,-74.607185
1414,0.004425259,-95.43891,-95.43891,-178.9314
1415,0.004426816,-56.4494,-56.4494,-355.22433
1416,0.004428347,262.67014,158.20305,262.67014
1417,0.004429903,975.25104,975.25104,1218.9357
1418,0.00443146,1697.1656,1697.1656,1700.1427
1419,0.004433011,1923.5958,1788.4565,1923.5958
1420,0.004434585,1328.2064,1328.2064,2204.3538
1421,0.004436142,347.83322,347.83322,1242.6194
1422,0.004437715,-418.44308,-368.3584,-418.44308
1423,0.004439275,-509.27216,-509.27216,-1047.0251
1424,0.00444081,-163.30077,-163.30077,-242.10718
1425,0.004442338,239.56467,308.17096,239.56467
1426,0.004443872,409.17163,409.17163,-159.87671
1427,0.00444542,352.3924,352.3924,-356.72437
1428,0.004446988,151.65062,430.9716,151.65062
1429,0.004448576,-105.90787,-105.90787,708.3928
1430,0.004450156,-326.85733,-326.85733,287.2014
1431,0.004451724,-423.9431,-63.753242,-423.9431
1432,0.004453294,-350.69055,-350.69055,-1004.1735
1433,0.004454863,-211.96619,-211.96619,-676.1892
1434,0.004456419,-150.66187,263.53815,-150.66187
1435,0.004457961,-262.16586,-262.16586,-277.25558
1436,0.004459501,-479.25122,-479.25122,-439.54077
1437,0.004461032,-695.1462,-764.20557,-695.1462
1438,0.004462597,-826.11536,-826.11536,-770.9899
1439,0.004464208,-847.97815,-847.97815,-150.91187
1440,0.004465825,-755.2829,-652.2387,-755.2829
1441,0.004467464,-554.95746,-554.95746,-1293.3025
1442,0.004469096,-300.33002,-300.33002,-1057.8883
1443,0.004470706,-54.95484,-194.69835,-54.95484
1444,0.004472306,139.61902,139.61902,421.05295
1445,0.004473933,303.8489,303.8489,697.8615
1446,0.004475562,466.80292,350.72412,466.80292
1447,0.004477151,629.53687,629.53687,970.01385
1448,0.004478725,696.2726,696.2726,1800.0216
1449,0.004480289,548.10767,583.6596,548.10767
1450,0.004481824,143.93184,143.93184,-306.09546
1451,0.004483367,-305.1149,-305.1149,-776.6267
1452,0.004484913,-514.2009,-466.7537,-514.2009
1453,0.004486464,-299.25385,-299.25385,205.12326
1454,0.004488025,111.18196,111.18196,416.06467
1455,0.004489582,374.03732,649.35876,374.03732
1456,0.004491138,263.82913,263.82913,252.40843
1457,0.004492704,6.9335494,6.9335494,315.32248
1458,0.004494257,-50.9275,-111.71943,-50.9275
1459,0.004495805,294.08212,294.08212,-517.0954
1460,0.004497322,718.67957,718.67957,-142.90016
1461,0.004498838,806.1193,1265.0292,806.1193
1462,0.004500362,278.12613,278.12613,1403.9083
1463,0.004501883,-556.59216,-556.59216,385.32248
1464,0.004503419,-1249.9977,-787.9883,-1249.9977
1465,0.004504994,-1422.695,-1422.695,-1697.3688
1466,0.004506598,-1063.3649,-1063.3649,-1105.6188
1467,0.004508197,-298.5603,-550.86584,-298.5603
1468,0.004509757,660.4981,660.4981,732.3303
1469,0.004511302,1437.4886,1437.4886,1167.9474
1470,0.004512853,1614.4983,1641.9148,1614.4983
1471,0.004514416,927.3695,927.3695,1190.8458
1472,0.004516011,-181.64851,-181.64851,40.802967
1473,0.004517627,-1022.361,-1153.8325,-1022.361
1474,0.004519227,-1067.8677,-1067.8677,-790.3024
1475,0.00452086,-601.4311,-601.4311,-397.73215
1476,0.004522521,-118.29468,-49.57741,-118.29468
1477,0.004524191,-33.23612,-33.23612,-293.01343
1478,0.004525872,-248.76398,-248.76398,-835.5368
1479,0.004527556,-530.6892,986.58954,-530.6892
1480,0.004529219,-684.57764,-684.57764,808.70135
1481,0.004530874,-700.29004,-700.29004,997.0529
1482,0.004532564,-604.69305,-303.6514,-604.69305
1483,0.004534281,-420.97107,-420.97107,-1946.9274
1484,0.004535974,-174.28798,-174.28798,-1429.283
1485,0.004537589,105.48656,73.53907,105.48656
1486,0.00453915,372.1083,372.1083,75.22875
1487,0.004540707,468.1933,468.1933,-218.46654
1488,0.004542321,179.92795,618.42975,179.92795
1489,0.004544005,-640.0114,-640.0114,-328.0564
1490,0.004545658,-1550.9443,-1550.9443,-1793.8531
1491,0.004547284,-2034.0875,-2086.1926,-2034.0875
1492,0.00454894,-1745.4751,-1745.4751,-1285.0836
1493,0.004550571,-967.1096,-967.1096,-696.93134
1494,0.004552119,-163.86499,-155.8213,-163.86499
1495,0.004553644,398.26416,398.26416,-33.77906
1496,0.004555143,728.9123,728.9123,-93.96656
1497,0.004556672,910.1545,643.4592,910.1545
1498,0.004558261,1009.1541,1009.1541,2259.3223
1499,0.004559854,1101.8933,1101.8933,2326.6191
1500,0.004561481,1280.4475,1058.861,1280.4475
1501,0.004563095,1574.2737,1574.2737,910.94354
1502,0.004564682,1784.0387,1784.0387,2023.2716
1503,0.004566249,1674.3224,2065.7205,1674.3224
1504,0.004567733,1151.2388,1151.2388,846.76385
1505,0.004569202,450.46295,450.46295,-13.290781
1506,0.004570694,-137.93921,117.10642,-137.93921
1507,0.004572209,-366.5384,-366.5384,-202.79468
1508,0.004573765,-290.26172,-290.26172,-270.39624
1509,0.004575371,-52.130623,-145.00352,-52.130623
1510,0.004576905,190.0255,190.0255,358.17404
1511,0.004578409,416.78345,416.78345,771.2131
1512,0.004579935,639.01776,786.9512,639.01776
1513,0.004581513,844.773,844.773,-162.94312
1514,0.00458313,934.9766,934.9766,-189.6853
1515,0.004584783,778.58417,944.59314,778.58417
1516,0.004586459,313.75327,313.75327,1236.5607
1517,0.004588107,-188.16862,-188.16862,266.0764
1518,0.004589705,-406.90012,-422.2137,-406.90012
1519,0.004591279,-163.74568,-163.74568,-379.44308
1520,0.00459281,344.41803,344.41803,349.19748
1521,0.004594342,872.6701,665.3436,872.6701
1522,0.004595914,1215.0961,1215.0961,711.9787
1523,0.004597489,1280.9545,1280.9545,813.76385
1524,0.004599052,1034.3655,1354.0005,1034.3655
1525,0.004600636,492.4969,492.4969,1612.631
1526,0.004602237,-70.13727,-70.13727,890.4748
1527,0.004603813,-297.13452,-225.35002,-297.13452
1528,0.004605392,27.385962,27.385962,-595.57983
1529,0.004607045,712.0583,712.0583,481.82245
1530,0.004608713,1372.381,1099.3109,1372.381
1531,0.004610397,1691.4647,1691.4647,1639.1974
1532,0.004612111,1688.425,1688.425,1528.6622
1533,0.004613807,1479.2638,1625.0004,1479.2638
1534,0.00461552,1176.0829,1176.0829,1309.588
1535,0.004617212,880.7484,880.7484,895.4201
1536,0.004618916,678.02167,650.6811,678.02167
1537,0.00462059,625.9531,625.9531,262.98654
1538,0.00462225,639.6892,639.6892,274.80295
1539,0.004623876,609.4904,616.62646,609.4904
1540,0.004625469,485.41214,485.41214,971.00604
1541,0.004627005,410.52896,410.52896,994.38104
1542,0.004628569,559.02167,184.63171,559.02167
1543,0.004630196,1034.3518,1034.3518,333.6467
1544,0.004631836,1474.9912,1474.9912,931.19745
1545,0.004633499,1382.42,1388.6719,1382.42
1546,0.004635198,436.7072,436.7072,859.9123
1547,0.004636885,-718.0777,-718.0777,-553.3767
1548,0.004638537,-1225.9783,-1010.7079,-1225.9783
1549,0.004640112,-639.2061,-639.2061,-412.6814
1550,0.004641741,486.00177,486.00177,1083.049
1551,0.004643406,1270.381,1397.9926,1270.381
1552,0.004645004,1029.3696,1029.3696,-643.0837
1553,0.004646548,128.06575,128.06575,-2191.8413
1554,0.004648115,-984.0134,-674.9637,-984.0134
1555,0.004649635,-1863.2826,-1863.2826,487.36932
1556,0.004651165,-2407.4539,-2407.4539,-868.7361
1557,0.004652742,-2526.7437,-2738.038,-2526.7437
1558,0.004654353,-2162.6702,-2162.6702,-2418.8533
1559,0.004655921,-1563.8281,-1563.8281,-1289.7164
1560,0.00465746,-1016.4314,-1021.21204,-1016.4314
1561,0.004658997,-717.51086,-717.51086,-726.5173
1562,0.004660562,-633.16565,-633.16565,-1108.2242
1563,0.004662145,-674.38837,-877.7184,-674.38837
1564,0.004663723,-728.54144,-728.54144,-80.54078
1565,0.004665217,-640.8578,-640.8578,-389.07593
1566,0.004666643,-287.93527,-408.35776,-287.93527
1567,0.004668072,384.37128,384.37128,642.33417
1568,0.004669573,1136.9038,1136.9038,1647.9005
1569,0.004671098,1538.1935,1552.9731,1538.1935
1570,0.004672628,1285.9181,1285.9181,599.8811
1571,0.00467419,631.5765,631.5765,-246.40015
1572,0.004675771,1.8889054,-280.3995,1.8889054
1573,0.004677345,-242.51724,-242.51724,491.94354
1574,0.004678895,-138.41771,-138.41771,357.28732
1575,0.004680444,187.81468,425.88528,187.81468
1576,0.004682021,612.0237,612.0237,877.89276
1577,0.004683592,937.7032,937.7032,1545.9552
1578,0.004685157,964.7443,1208.121,964.7443
1579,0.004686743,564.7519,564.7519,-464.78293
1580,0.004688348,-77.660706,-77.660706,-1046.7908
1581,0.004689969,-678.89624,-409.23505,-678.89624
1582,0.004691577,-993.7231,-993.7231,-0.24390697
1583,0.004693137,-1018.6475,-1018.6475,-329.91187
1584,0.004694649,-816.6775,-585.02734,-816.6775
1585,0.004696175,-451.09845,-451.09845,-334.41577
1586,0.004697764,-83.92454,-83.92454,112.01781
1587,0.004699372,46.041245,289.48853,46.041245
1588,0.004700938,-205.35709,-205.35709,-913.31415
1589,0.004702455,-644.1771,-644.1771,-1704.4626
1590,0.004703958,-1043.3533,-842.9079,-1043.3533
1591,0.004705486,-1225.1394,-1225.1394,525.1233
1592,0.00470703,-1148.8303,-1148.8303,562.6193
1593,0.004708605,-811.3532,-1122.035,-811.3532
1594,0.004710217,-211.47466,-211.47466,-1311.365
1595,0.004711789,579.08075,579.08075,-202.68921
1596,0.00471335,1517.5333,1151.017,1517.5333
1597,0.004714929,2502.06,2502.06,3024.3066
1598,0.004716485,3107.739,3107.739,3460.412
1599,0.004718003,2905.4512,2419.0383,2905.4512
1600,0.004719549,1667.4496,1667.4496,1560.045
1601,0.004721156,-19.041533,-19.041533,-167.56422
1602,0.004722742,-1137.5211,-1014.6967,-1137.5211
1603,0.004724328,-1042.3015,-1042.3015,-861.62274
1604,0.004725921,-164.85692,-164.85692,-244.0056
1605,0.00472748,760.14667,756.48413,760.14667
1606,0.004729033,1209.646,1209.646,1182.463
1607,0.004730609,1211.9941,1211.9941,1161.7208
1608,0.004732175,932.1076,908.8401,932.1076
1609,0.004733733,540.67694,540.67694,497.54514
1610,0.004735319,185.8033,185.8033,169.61156
1611,0.004736914,33.506092,57.031513,33.506092
1612,0.004738539,193.07222,193.07222,0.47874925
1613,0.004740189,527.4273,527.4273,338.2014
1614,0.004741823,813.2365,764.29944,813.2365
1615,0.004743402,883.3417,883.3417,562.3693
1616,0.0047449,763.45685,763.45685,500.28342
1617,0.004746375,504.15057,506.896,504.15057
1618,0.004747886,128.38716,128.38716,669.4709
1619,0.004749486,-357.21817,-357.21817,132.10374
1620,0.004751091,-900.57196,-624.5173,-900.57196
1621,0.00475273,-1445.7788,-1445.7788,-1559.1384
1622,0.004754357,-1786.8868,-1786.8868,-1884.2594
1623,0.004755976,-1709.8142,-1706.2842,-1709.8142
1624,0.004757577,-1117.7114,-1117.7114,-937.2399
1625,0.004759158,-339.3543,-339.3543,-266.42358
1626,0.004760696,213.42795,164.7339,213.42795
1627,0.004762237,317.25217,317.25217,367.9592
1628,0.004763798,253.68918,253.68918,175.11935
1629,0.004765376,455.12717,33.722836,455.12717
1630,0.004766956,1190.4991,1190.4991,1507.7092
1631,0.004768561,2021.7949,2021.7949,2335.463
1632,0.0047702,2278.3342,2336.7551,2278.3342
1633,0.004771868,1452.9664,1452.9664,1192.3185
1634,0.00477356,6.6741095,6.6741095,-74.03297
1635,0.004775287,-1303.1149,-1080.6049,-1303.1149
1636,0.00477701,-1823.1085,-1823.1085,-2053.0327
1637,0.00477872,-1712.0146,-1712.0146,-1953.9625
1638,0.004780424,-1317.3376,-1223.5719,-1317.3376
1639,0.004782117,-931.5927,-931.5927,-848.0837
1640,0.004783788,-661.1179,-661.1179,-797.40796
1641,0.00478546,-559.2439,-351.817,-559.2439
1642,0.004787111,-636.84674,-636.84674,-443.86887
1643,0.004788761,-723.1813,-723.1813,-541.9392
1644,0.004790398,-607.6306,-402.6076,-607.6306
1645,0.004791961,-178.2035,-178.2035,-104.3103
1646,0.004793512,442.60736,442.60736,597.0842
1647,0.004795049,1079.3108,1032.3267,1079.3108
1648,0.004796569,1563.3284,1563.3284,1597.3497
1649,0.004798103,1729.4557,1729.4557,1956.5255
1650,0.004799646,1389.7131,1525.759,1389.7131
1651,0.004801171,496.27765,496.27765,551.3654
1652,0.004802707,-536.0245,-536.0245,-529.40796
1653,0.004804288,-1155.1228,-1135.6833,-1155.1228
1654,0.004805914,-931.099,-931.099,-1276.486
1655,0.004807549,-367.8746,-367.8746,-687.9158
1656,0.00480915,-241.40015,156.3872,-241.40015
1657,0.004810705,-988.3325,-988.3325,-1066.9744
1658,0.00481226,-2089.7742,-2089.7742,-2559.65
1659,0.00481386,-2811.232,-2610.142,-2811.232
1660,0.004815513,-2529.8662,-2529.8662,-896.1462
1661,0.004817166,-1630.2001,-1630.2001,-34.614998
1662,0.0048188,-801.02905,-857.0855,-801.02905
1663,0.004820486,-539.9152,-539.9152,-789.7282
1664,0.004822161,-754.6974,-754.6974,-500.3337
1665,0.004823795,-1147.6344,-1389.1284,-1147.6344
1666,0.004825406,-1487.1687,-1487.1687,-2684.3726
1667,0.004827024,-1695.3134,-1695.3134,-3114.4585
1668,0.004828657,-1719.3531,-1681.2079,-1719.3531
1669,0.00483029,-1529.9358,-1529.9358,-658.154
1670,0.004831877,-1210.3833,-1210.3833,-933.3884
1671,0.00483348,-844.4704,-807.04834,-844.4704
1672,0.004835153,-506.52554,-506.52554,-441.77905
1673,0.004836841,-267.469,-267.469,-496.79468
1674,0.004838523,-179.00952,-52.47535,-179.00952
1675,0.004840194,-282.60162,-282.60162,827.4905
1676,0.004841847,-599.88525,-599.88525,105.509995
1677,0.004843455,-1135.3141,-1064.4285,-1135.3141
1678,0.004845054,-1853.0261,-1853.0261,-1930.7009
1679,0.004846655,-2489.1892,-2489.1892,-2554.2595
1680,0.004848274,-2716.494,-2549.7554,-2716.494
1681,0.004849883,-2330.9087,-2330.9087,-2557.6736
1682,0.004851467,-1687.6127,-1687.6127,-1846.0369
1683,0.004853018,-1244.3728,-927.7664,-1244.3728
1684,0.004854531,-1266.6698,-1266.6698,-1531.4586
1685,0.004856067,-1466.1769,-1466.1769,-1632.7556
1686,0.00485768,-1400.1461,-1350.2451,-1400.1461
1687,0.004859242,-759.2892,-759.2892,-107.80249
1688,0.004860767,116.16367,116.16367,911.9162
1689,0.004862325,808.63885,630.40643,808.63885
1690,0.004863912,951.1412,951.1412,413.94357
1691,0.004865509,654.47,654.47,190.43967
1692,0.004867122,169.6467,259.3435,169.6467
1693,0.004868746,-267.58066,-267.58066,307.8889
1694,0.004870387,-534.22003,-534.22003,-1.2087507
1695,0.004872061,-527.2439,-461.8458,-527.2439
1696,0.004873727,-204.25108,-204.25108,-565.45483
1697,0.00487539,220.40233,220.40233,82.759995
1698,0.004877073,474.11542,461.4085,474.11542
1699,0.004878733,367.76965,367.76965,713.9866
1700,0.004880334,106.288864,106.288864,194.08029
1701,0.004881907,-53.82203,-273.80893,-53.82203
1702,0.004883477,60.61761,60.61761,1045.7911
1703,0.004885062,378.42294,378.42294,1491.6155
1704,0.004886671,764.51385,749.2802,764.51385
1705,0.004888244,1086.4829,1086.4829,205.46701
1706,0.004889769,1325.7982,1325.7982,267.41232
1707,0.004891295,1496.088,1192.0917,1496.088
1708,0.004892866,1589.9518,1589.9518,2428.3262
1709,0.004894435,1545.0219,1545.0219,1980.7443
1710,0.004896016,1290.5021,1197.9551,1290.5021
1711,0.004897596,823.2381,823.2381,1486.049
1712,0.004899159,408.36752,408.36752,1629.9044
1713,0.004900701,356.5842,277.42578,356.5842
1714,0.004902284,847.4613,847.4613,-750.91187
1715,0.004903883,1488.0298,1488.0298,255.98654
1716,0.00490548,1706.1779,1782.6968,1706.1779
1717,0.004907102,1126.3597,1126.3597,1698.17
1718,0.004908758,200.1486,200.1486,416.93185
1719,0.0049104,-331.70483,-332.73035,-331.70483
1720,0.004912038,-12.517996,-12.517996,32.47875
1721,0.004913676,616.4574,616.4574,723.19354
1722,0.004915329,762.38495,662.3985,762.38495
1723,0.004916945,-61.060223,-61.060223,-715.4314
1724,0.00491854,-1164.3964,-1164.3964,-1898.9625
1725,0.004920105,-1641.1891,-1618.357,-1641.1891
1726,0.004921686,-942.577,-942.577,-1362.6658
1727,0.004923286,274.5013,274.5013,13.771717
1728,0.00492486,976.7756,1064.8439,976.7756
1729,0.004926439,511.40692,511.40692,1039.463
1730,0.004928051,-560.52057,-560.52057,-102.911865
1731,0.004929672,-1283.9156,-1080.6752,-1283.9156
1732,0.004931295,-972.2765,-972.2765,-948.56805
1733,0.004932893,-138.90854,-138.90854,-208.22435
1734,0.004934463,447.6506,361.02374,447.6506
1735,0.004936031,307.70636,307.70636,-74.35718
1736,0.004937562,-125.07206,-125.07206,-498.83762
1737,0.004939099,-237.41187,-433.34033,-237.41187
1738,0.004940636,380.34772,380.34772,783.674
1739,0.004942193,1322.9755,1322.9755,1828.5255
1740,0.004943747,1939.3029,1699.3893,1939.3029
1741,0.004945301,1774.6245,1774.6245,1584.0919
1742,0.004946833,1132.288,1132.288,620.4904
1743,0.004948347,481.75604,300.6789,481.75604
1744,0.004949862,154.1372,154.1372,303.11935
1745,0.004951366,58.209908,58.209908,359.16626
1746,0.004952896,-6.8025002,143.18301,-6.8025002
1747,0.004954475,-184.35112,-184.35112,-893.70087
1748,0.004956025,-339.3233,-339.3233,-1040.6228
1749,0.004957584,-279.96655,-100.35079,-279.96655
1750,0.004959187,115.54067,115.54067,915.44354
1751,0.004960769,575.0174,575.0174,1397.4124
1752,0.00496234,750.2795,1197.2358,750.2795
1753,0.004963891,443.25092,443.25092,-591.615
1754,0.004965438,-11.541335,-11.541335,-775.99774
1755,0.004967,-155.33374,1.8200611,-155.33374
1756,0.004968562,313.76535,313.76535,1365.9318
1757,0.004970158,1012.9815,1012.9815,1828.8732
1758,0.004971763,1331.178,1427.0544,1331.178
1759,0.004973379,863.11005,863.11005,1079.3497
1760,0.00497501,96.62921,96.62921,528.75995
1761,0.004976611,-225.87671,-482.92654,-225.87671
1762,0.004978187,328.54016,328.54016,-359.88058
1763,0.004979775,1266.1742,1266.1742,729.4787
1764,0.004981352,1845.8186,1814.2462,1845.8186
1765,0.004982907,1562.1613,1562.1613,1353.5763
1766,0.004984474,700.57495,700.57495,414.1545
1767,0.004986045,-255.53296,25.242393,-255.53296
1768,0.004987614,-916.58057,-916.58057,-608.58765
1769,0.004989195,-1311.8701,-1311.8701,-1078.6149
1770,0.00499082,-1572.9235,-1388.2317,-1572.9235
1771,0.004992446,-1791.3427,-1791.3427,-1714.0681
1772,0.004994046,-1923.1221,-1923.1221,-1585.7711
1773,0.004995644,-1895.986,-1700.3977,-1895.986
1774,0.004997255,-1661.4777,-1661.4777,-2246.5955
1775,0.004998881,-1290.154,-1290.154,-1825.6578
1776,0.005000485,-896.63055,-1073.6843,-896.63055
1777,0.005002053,-559.3005,-559.3005,-479.02905
1778,0.00500362,-233.09828,-233.09828,-139.98999
1779,0.005005214,152.47874,-199.66019,152.47874
1780,0.00500677,601.0874,601.0874,808.967
1781,0.005008305,963.69415,963.69415,1226.8966
1782,0.005009831,1057.6075,1016.2375,1057.6075
1783,0.00501137,778.126,778.126,-142.82202
1784,0.005012957,340.34048,340.34048,-416.76733
1785,0.005014594,89.96312,-96.00948,89.96312
1786,0.005016246,291.52264,291.52264,893.0373
1787,0.005017919,677.42816,677.42816,1443.338
1788,0.005019607,822.9006,939.95123,822.9006
1789,0.005021241,436.59668,436.59668,-148.9978
1790,0.00502279,-247.0981,-247.0981,-542.236
1791,0.005024319,-972.697,-997.14777,-972.697
1792,0.005025901,-1565.6631,-1565.6631,-1641.2399
1793,0.005027556,-1995.9429,-1995.9429,-1960.3649
1794,0.005029242,-2269.9233,-1951.8868,-2269.9233
1795,0.00503095,-2393.531,-2393.531,-2928.2554
1796,0.005032672,-2287.1514,-2287.1514,-3214.685
1797,0.005034385,-1854.8336,-1772.1998,-1854.8336
1798,0.005036053,-1082.2812,-1082.2812,-93.40015
1799,0.005037709,-145.75917,-145.75917,912.1584
1800,0.005039371,737.7131,900.88696,737.7131
1801,0.005041069,1362.7727,1362.7727,783.9943
1802,0.005042784,1548.064,1548.064,978.8458
1803,0.005044489,1142.0686,1479.2496,1142.0686
1804,0.005046162,157.84985,157.84985,1484.4358
1805,0.005047821,-901.8125,-901.8125,775.9748
1806,0.005049506,-1435.7048,-1254.1499,-1435.7048
1807,0.00505119,-1015.46344,-1015.46344,-2360.2517
1808,0.005052851,-145.70792,-145.70792,-1132.7047
1809,0.005054456,474.22873,644.37164,474.22873
1810,0.005056038,431.64008,431.64008,498.4006
1811,0.005057654,-13.330722,-13.330722,-411.22824
1812,0.0050593,-413.53293,-253.54317,-413.53293
1813,0.005060932,-395.68845,-395.68845,-92.95874
1814,0.005062545,-55.07578,-55.07578,124.939674
1815,0.005064181,422.1428,527.53265,422.1428
1816,0.005065831,847.94244,847.94244,1243.0686
1817,0.005067486,1069.9656,1069.9656,1371.1349
1818,0.005069146,946.68964,1067.6885,946.68964
1819,0.005070788,434.9631,434.9631,505.0764
1820,0.005072415,-153.26125,-153.26125,240.93576
1821,0.005074046,-436.78293,-605.9619,-436.78293
1822,0.005075659,-173.84848,-173.84848,-1066.779
1823,0.005077294,324.67603,324.67603,-456.21652
1824,0.005078955,591.3068,816.38446,591.3068
1825,0.005080589,289.89468,289.89468,704.2131
1826,0.005082218,-310.50693,-310.50693,111.92796
1827,0.005083826,-804.7556,-521.09735,-804.7556
1828,0.005085417,-910.9507,-910.9507,-774.59155
1829,0.005087023,-726.4173,-726.4173,-666.00555
1830,0.005088638,-438.8025,-370.0809,-438.8025
1831,0.005090307,-188.25987,-188.25987,34.6975
1832,0.005091973,65.08524,65.08524,94.34984
1833,0.005093621,418.717,291.34384,418.717
1834,0.005095256,920.26935,920.26935,752.75604
1835,0.005096876,1424.143,1424.143,1666.5724
1836,0.005098512,1749.5021,1104.4321,1749.5021
1837,0.005100181,1746.2639,1746.2639,1204.5919
1838,0.005101879,1462.1902,1462.1902,729.0256
1839,0.005103556,1023.2873,1121.8577,1023.2873
1840,0.005105203,561.68616,561.68616,1595.5646
1841,0.005106795,227.73564,227.73564,1001.6232
1842,0.005108345,144.99046,280.97592,144.99046
1843,0.005109916,377.92856,377.92856,255.92796
1844,0.00511153,763.8469,763.8469,505.80292
1845,0.005113189,1046.096,1042.63,1046.096
1846,0.005114886,987.90607,987.90607,1314.6857
1847,0.005116493,622.7177,622.7177,384.6467
1848,0.00511806,39.931873,220.1736,39.931873
1849,0.005119666,-700.8681,-700.8681,-912.7165
1850,0.005121291,-1406.4019,-1406.4019,-1529.1149
1851,0.005122937,-1850.7125,-1372.8154,-1850.7125
1852,0.005124589,-1847.2263,-1847.2263,-1197.4431
1853,0.005126204,-1445.6871,-1445.6871,-1077.6853
1854,0.005127829,-732.9783,-606.6447,-732.9783
1855,0.005129494,199.7148,199.7148,-454.31027
1856,0.005131132,1098.3729,1098.3729,933.7287
1857,0.005132737,1727.338,1489.7515,1727.338
1858,0.005134325,1943.5448,1943.5448,1820.9513
1859,0.005135922,1848.664,1848.664,1821.6193
1860,0.005137525,1599.1505,1495.9684,1599.1505
1861,0.0051391,1357.7288,1357.7288,1361.2444
1862,0.005140674,1263.7708,1263.7708,1299.4005
1863,0.005142239,1455.4396,1218.9908,1455.4396
1864,0.005143815,1954.7223,1954.7223,1307.967
1865,0.005145395,2296.7056,2296.7056,1559.9825
1866,0.005146969,1893.5529,2129.6096,1893.5529
1867,0.00514858,390.4546,390.4546,1331.0685
1868,0.005150135,-1343.2373,-1343.2373,-663.4548
1869,0.005151667,-2344.5562,-2345.5103,-2344.5562
1870,0.005153265,-1948.7527,-1948.7527,-2967.6736
1871,0.005154896,-679.66614,-679.66614,-1434.9156
1872,0.005156513,446.93185,235.80275,446.93185
1873,0.005158118,686.54083,686.54083,1596.4708
1874,0.005159707,243.61179,243.61179,1146.1661
1875,0.005161317,-477.21262,-412.70917,-477.21262
1876,0.005162884,-1096.3746,-1096.3746,-1575.7789
1877,0.005164442,-1517.698,-1517.698,-2117.197
1878,0.005166057,-1690.6969,-1670.8931,-1690.6969
1879,0.005167644,-1560.3558,-1560.3558,-657.5407
1880,0.005169217,-1178.9742,-1178.9742,-603.6189
1881,0.005170807,-600.7751,-610.9543,-600.7751
1882,0.005172422,79.06075,79.06075,159.47482
1883,0.005174055,584.5863,584.5863,976.5959
1884,0.005175691,584.40063,967.7004,584.40063
1885,0.00517731,-61.362305,-61.362305,-143.22046
1886,0.005178896,-791.2047,-791.2047,-802.6267
1887,0.005180482,-936.2673,-1020.40375,-936.2673
1888,0.005182068,-83.60846,-83.60846,-49.001717
1889,0.005183653,1125.4746,1125.4746,1265.4044
1890,0.00518525,1789.5647,2125.5647,1789.5647
1891,0.005186881,1248.4287,1248.4287,1117.5646
1892,0.005188485,74.5878,74.5878,64.54515
1893,0.005190059,-875.84937,-820.1912,-875.84937
1894,0.005191653,-1017.42194,-1017.42194,-585.5603
1895,0.005193279,-512.4536,-512.4536,-103.47047
1896,0.005194915,236.38109,107.802124,236.38109
1897,0.00519655,839.04254,839.04254,-102.39234
1898,0.005198163,1063.2081,1063.2081,6.732655
1899,0.005199789,726.4631,1090.6144,726.4631
1900,0.005201429,-239.22337,-239.22337,266.3889
1901,0.005203066,-1327.895,-1327.895,-981.9235
1902,0.005204679,-1898.6072,-1920.6826,-1898.6072
1903,0.005206349,-1523.2366,-1523.2366,-843.84546
1904,0.005208049,-546.34515,-546.34515,189.83421
1905,0.005209721,377.67014,164.14784,377.67014
1906,0.005211353,795.5312,795.5312,584.45526
1907,0.005212997,869.63196,869.63196,1208.7052
1908,0.005214622,879.3459,963.3631,879.3459
1909,0.00521621,1019.5757,1019.5757,832.25995
1910,0.005217812,1181.2539,1181.2539,956.7834
1911,0.00521947,1170.0646,1444.6033,1170.0646
1912,0.005221137,845.472,845.472,495.64667
1913,0.005222797,386.96027,386.96027,40.34984
1914,0.005224443,48.556873,344.7418,48.556873
1915,0.005226056,13.384918,13.384918,1263.2913
1916,0.005227652,230.13216,230.13216,1173.846
1917,0.005229231,601.6545,238.67902,601.6545
1918,0.005230769,1029.2301,1029.2301,-158.50171
1919,0.005232245,1421.8794,1421.8794,468.67792
1920,0.005233752,1726.0802,1618.355,1726.0802
1921,0.005235241,1864.1223,1864.1223,1883.9044
1922,0.00523671,1819.4586,1819.4586,2050.5686
1923,0.005238189,1581.2911,1523.0156,1581.2911
1924,0.005239723,1137.1476,1137.1476,916.2248
1925,0.00524129,567.7506,567.7506,218.12718
1926,0.005242828,6.0060925,-21.0288,6.0060925
1927,0.005244385,-473.1142,-473.1142,-164.16968
1928,0.005245968,-854.12665,-854.12665,-553.7908
1929,0.005247583,-1139.2516,-954.04193,-1139.2516
1930,0.005249213,-1333.6426,-1333.6426,-1719.1969
1931,0.005250874,-1472.4126,-1472.4126,-1596.8416
1932,0.005252531,-1594.857,-1325.5636,-1594.857
1933,0.005254085,-1692.2538,-1692.2538,-953.45087
1934,0.005255564,-1610.755,-1610.755,-776.7321
1935,0.005257026,-1178.2086,-922.43286,-1178.2086
1936,0.005258514,-296.2831,-296.2831,-925.38837
1937,0.005260032,719.7636,719.7636,-110.35327
1938,0.00526161,1409.5997,1453.2404,1409.5997
1939,0.005263229,1355.1316,1355.1316,1485.6506
1940,0.005264773,810.12054,810.12054,440.90057
1941,0.005266273,160.20921,373.55612,160.20921
1942,0.00526774,-333.6644,-333.6644,54.174057
1943,0.005269193,-667.7399,-667.7399,-406.14624
1944,0.005270678,-892.4274,-796.2172,-892.4274
1945,0.005272216,-1030.2711,-1030.2711,-998.9861
1946,0.005273781,-1034.8524,-1034.8524,-870.81805
1947,0.005275348,-847.91187,-683.94934,-847.91187
1948,0.005276923,-460.96454,-460.96454,-834.2517
1949,0.005278541,-56.934803,-56.934803,-628.64233
1950,0.005280126,96.40062,479.01077,96.40062
1951,0.005281661,-117.63234,-117.63234,454.98264
1952,0.005283196,-416.91693,-416.91693,-141.6814
1953,0.005284721,-431.80246,-507.646,-431.80246
1954,0.00528624,67.301674,67.301674,115.09593
1955,0.005287796,815.67285,815.67285,988.70135
1956,0.005289339,1364.9474,1492.1016,1364.9474
1957,0.0052909,1396.2616,1396.2616,1101.303
1958,0.00529249,999.9016,999.9016,632.31464
1959,0.005294121,385.25998,579.7899,385.25998
1960,0.005295716,-210.32071,-210.32071,-236.35326
1961,0.005297319,-709.8296,-709.8296,-508.70093
1962,0.005298927,-1047.0172,-890.9733,-1047.0172
1963,0.005300532,-1182.659,-1182.659,-940.5173
1964,0.005302127,-1188.2338,-1188.2338,-865.0954
1965,0.005303664,-1161.2869,-1026.9558,-1161.2869
1966,0.005305184,-1170.5763,-1170.5763,-2485.7283
1967,0.005306738,-1210.7994,-1210.7994,-2245.9744
1968,0.005308327,-1257.736,-1128.3442,-1257.736
1969,0.005309947,-1297.1979,-1297.1979,-600.3337
1970,0.005311585,-1368.2847,-1368.2847,-1152.9314
1971,0.005313216,-1523.8142,-1467.5964,-1523.8142
1972,0.005314815,-1772.2656,-1772.2656,-1601.6775
1973,0.005316417,-1977.3326,-1977.3326,-1617.3336
1974,0.005318051,-1957.4235,-1871.1669,-1957.4235
1975,0.005319697,-1587.6241,-1587.6241,-1546.5211
1976,0.005321285,-1062.4425,-1062.4425,-563.9783
1977,0.005322851,-603.8649,-424.26584,-603.8649
1978,0.005324426,-344.19675,-344.19675,-453.8298
1979,0.005325977,-128.24257,-128.24257,-365.2439
1980,0.005327528,277.3967,132.55807,277.3967
1981,0.005329092,1004.3566,1004.3566,1587.8732
1982,0.005330677,1764.35,1764.35,2345.4436
1983,0.005332286,2133.631,2474.7012,2133.631
1984,0.005333871,1825.6205,1825.6205,1768.9552
1985,0.005335469,1158.4277,1158.4277,1476.9161
1986,0.005337049,607.4318,416.13327,607.4318
1987,0.005338615,489.90442,489.90442,-74.294685
1988,0.005340159,600.4188,600.4188,79.853745
1989,0.005341692,622.6389,647.0623,622.6389
1990,0.005343227,344.28522,344.28522,396.98264
1991,0.005344811,-84.05346,-84.05346,-4.0134377
1992,0.005346452,-380.04465,-496.39697,-380.04465
1993,0.005348137,-296.34277,-296.34277,168.47093
1994,0.005349836,45.478966,45.478966,409.55295
1995,0.005351561,413.59982,42.053684,413.59982
1996,0.005353141,589.93823,589.93823,-108.91578
1997,0.005354631,579.764,579.764,-257.8064
1998,0.005356099,399.6115,444.7857,399.6115
1999,0.005357577,68.30552,68.30552,723.0491
2000,0.005359075,-304.56592,-304.56592,135.2014
2001,0.005360597,-575.6735,-350.6836,-575.6735
2002,0.005362152,-637.3266,-637.3266,-459.02124
2003,0.005363737,-578.17883,-578.17883,-381.23996
2004,0.00536534,-553.1189,-366.85544,-553.1189
2005,0.005366945,-664.4995,-664.4995,-858.111
2006,0.005368549,-768.7876,-768.7876,-872.31415
2007,0.005370141,-663.4158,-824.80414,-663.4158
2008,0.005371688,-232.64864,-232.64864,-587.8572
2009,0.005373225,395.06732,395.06732,336.72482
2010,0.00537477,1043.4592,661.13324,1043.4592
2011,0.005376312,1553.2408,1553.2408,1060.5802
2012,0.005377861,1885.0226,1885.0226,1133.0802
2013,0.005379439,2023.006,2025.4125,2023.006
2014,0.005381032,1948.1271,1948.1271,2100.666
2015,0.005382645,1664.6976,1664.6976,2088.4707
2016,0.005384273,1184.2521,1244.8611,1184.2521
2017,0.005385875,567.43677,567.43677,-351.69702
2018,0.005387433,-13.489142,-13.489142,-1133.6697
2019,0.005389004,-397.90015,-468.93732,-397.90015
2020,0.005390596,-460.72357,-460.72357,750.08026
2021,0.005392144,-339.50385,-339.50385,664.39276
2022,0.005393667,-230.69312,-202.36737,-230.69312
2023,0.005395211,-271.34308,-271.34308,-1343.693
2024,0.005396802,-427.7012,-427.7012,-1179.3806
2025,0.005398451,-611.66187,-505.84363,-611.66187
2026,0.005400041,-723.10724,-723.10724,-577.83765
2027,0.005401635,-728.5133,-728.5133,-841.2946
2028,0.00540324,-596.611,642.5052,-596.611
2029,0.005404806,-327.05255,-327.05255,-187.84155
2030,0.005406377,7.3954563,7.3954563,363.17404
2031,0.005407962,311.48654,38.96536,311.48654
2032,0.005409554,493.6146,493.6146,168.25607
2033,0.005411136,503.91003,503.91003,421.62717
2034,0.005412742,301.3303,548.14124,301.3303
2035,0.005414355,-123.119125,-123.119125,-493.5056
2036,0.005415979,-638.74023,-638.74023,-865.5603
2037,0.005417621,-1075.0524,-1155.8993,-1075.0524
2038,0.005419267,-1290.2935,-1290.2935,-1242.982
2039,0.005420916,-1311.8567,-1311.8567,-1453.0719
2040,0.005422536,-1212.2556,-1159.0071,-1212.2556
2041,0.005424138,-1064.3999,-1064.3999,-717.66187
2042,0.00542575,-943.6388,-943.6388,-610.1579
2043,0.005427354,-930.71265,-917.63245,-930.71265
2044,0.005428966,-1058.8771,-1058.8771,-1236.365
2045,0.005430568,-1175.894,-1175.894,-1624.1775
2046,0.005432157,-1089.068,-1150.8138,-1089.068
2047,0.005433725,-685.78143,-685.78143,-371.0798
2048,0.00543533,-104.36081,-104.36081,-255.80249
2049,0.005436968,423.799,354.93866,423.799
2050,0.005438661,691.53204,691.53204,1017.7873
2051,0.005440403,667.95685,667.95685,638.85376
2052,0.005442096,402.93576,570.1023,402.93576
2053,0.005443753,-32.74734,-32.74734,56.845932
2054,0.005445381,-544.7006,-544.7006,-548.68524
2055,0.005446981,-1039.0251,-959.8398,-1039.0251
2056,0.005448556,-1415.1115,-1415.1115,-626.83374
2057,0.005450138,-1514.853,-1514.853,-564.1384
2058,0.00545172,-1151.6658,-1125.9927,-1151.6658
2059,0.005453309,-247.44273,-247.44273,-1416.3531
2060,0.005454894,818.6823,818.6823,-374.365
2061,0.005456487,1565.3224,1333.4583,1565.3224
2062,0.005458089,1641.7778,1641.7778,2259.5645
2063,0.005459699,1293.804,1293.804,1449.506
2064,0.005461327,927.1154,1006.27246,927.1154
2065,0.005462979,856.4979,856.4979,1189.2795
2066,0.005464596,941.94794,941.94794,1536.3888
2067,0.005466192,934.381,1006.16754,934.381
2068,0.005467758,666.50214,666.50214,141.92015
2069,0.005469322,205.58426,205.58426,-204.84155
2070,0.00547084,-310.63452,-135.41318,-310.63452
2071,0.005472352,-783.31744,-783.31744,-931.2751
2072,0.005473933,-1131.0618,-1131.0618,-1737.3923
2073,0.005475564,-1224.5602,-947.49133,-1224.5602
2074,0.005477216,-982.95135,-982.95135,101.22093
2075,0.005478865,-554.06726,-554.06726,439.23654
2076,0.005480528,-137.70483,-271.44904,-137.70483
2077,0.005482207,109.48049,109.48049,687.7209
2078,0.005483863,239.44658,239.44658,1013.08417
2079,0.005485455,358.54514,483.0742,358.54514
2080,0.005487092,530.4308,530.4308,-764.654
2081,0.005488711,622.73553,622.73553,-405.09152
2082,0.005490226,487.53732,306.17093,487.53732
2083,0.005491728,63.584724,63.584724,259.72873
2084,0.005493209,-467.24863,-467.24863,-451.8181
2085,0.005494669,-877.9704,-788.7425,-877.9704
2086,0.005496099,-1013.77075,-1013.77075,-613.3767
2087,0.005497537,-941.3006,-941.3006,-748.90405
2088,0.005499015,-765.1735,-692.0856,-765.1735
2089,0.005500555,-586.54285,-586.54285,-367.6892
2090,0.005502125,-473.57214,-473.57214,-630.9861
2091,0.005503708,-482.44702,-453.99277,-482.44702
2092,0.00550528,-641.3426,-641.3426,-475.86105
2093,0.005506848,-880.7899,-880.7899,-596.27515
2094,0.005508413,-1108.8884,-979.51495,-1108.8884
2095,0.005509971,-1258.1305,-1258.1305,-1298.8376
2096,0.005511546,-1358.1764,-1358.1764,-1448.8455
2097,0.005513157,-1462.443,-1113.5824,-1462.443
2098,0.005514767,-1596.2379,-1596.2379,-1383.0953
2099,0.005516382,-1674.3324,-1674.3324,-1546.4508
2100,0.005518007,-1580.275,-1329.3468,-1580.275
2101,0.005519602,-1240.3083,-1240.3083,-827.82983
2102,0.005521182,-717.05316,-717.05316,-292.1462
2103,0.005522745,-103.16577,-295.18964,-103.16577
2104,0.005524313,511.61145,511.61145,441.47873
2105,0.005525933,993.6286,993.6286,1131.6622
2106,0.005527611,1148.8107,1081.8434,1148.8107
2107,0.005529305,834.1943,834.1943,707.92017
2108,0.005530993,226.16881,226.16881,-22.5525
2109,0.005532618,-404.072,-120.890686,-404.072
2110,0.00553421,-881.7109,-881.7109,-455.92746
2111,0.0055358,-1182.824,-1182.824,-399.14233
2112,0.005537411,-1306.2166,-1188.2456,-1306.2166
2113,0.005539029,-1252.2856,-1252.2856,-1634.9314
2114,0.005540613,-1066.004,-1066.004,-1134.8298
2115,0.005542213,-791.3767,-572.23926,-791.3767
2116,0.005543857,-459.0281,-459.0281,-432.4314
2117,0.005545509,-76.58366,-76.58366,88.72484
2118,0.005547137,354.4553,115.65032,354.4553
2119,0.005548708,791.6542,791.6542,99.09984
2120,0.005550216,1069.9874,1069.9874,345.6467
2121,0.005551705,1025.674,1205.367,1025.674
2122,0.00555322,554.6799,554.6799,674.217
2123,0.005554777,-130.32552,-130.32552,-134.34937
2124,0.005556415,-695.5329,-431.7289,-695.5329
2125,0.005558054,-817.5724,-817.5724,-894.81415
2126,0.005559616,-660.855,-660.855,-823.3533
2127,0.005561092,-478.85327,-362.5171,-478.85327
2128,0.005562572,-411.82092,-411.82092,-301.71262
2129,0.005564083,-404.3759,-404.3759,-429.4939
2130,0.005565611,-345.25558,-218.02412,-345.25558
2131,0.005567197,-140.24889,-140.24889,548.82635
2132,0.005568823,170.64317,170.64317,1062.9552
2133,0.005570456,495.7912,175.4184,495.7912
2134,0.005572084,743.5264,743.5264,201.41232
2135,0.005573679,830.0287,830.0287,-118.9353
2136,0.005575252,686.0959,802.0306,686.0959
2137,0.005576845,265.4741,265.4741,1539.3888
2138,0.005578504,-360.69635,-360.69635,778.8068
2139,0.005580187,-1039.8336,-607.23944,-1039.8336
2140,0.005581868,-1613.0321,-1613.0321,-1850.8961
2141,0.005583545,-1956.799,-1956.799,-1766.0914
2142,0.005585187,-1960.4703,-1877.1511,-1960.4703
2143,0.005586762,-1601.1132,-1601.1132,-1104.654
2144,0.005588312,-1042.9438,-1042.9438,-623.0876
2145,0.005589878,-464.35718,-446.48517,-464.35718
2146,0.005591473,-23.76181,-23.76181,-710.5408
2147,0.005593065,237.45482,237.45482,-290.7556
2148,0.005594629,325.02954,343.94354,325.02954
2149,0.005596193,271.26166,271.26166,948.6076
2150,0.00559778,188.05943,188.05943,526.1818
2151,0.005599391,217.61156,247.3917,217.61156
2152,0.005600942,425.37738,425.37738,688.5998
2153,0.005602478,612.2473,612.2473,750.01776
2154,0.005604048,518.2209,769.81195,518.2209
2155,0.00560563,-8.068646,-8.068646,77.67406
2156,0.005607189,-572.4063,-572.4063,-345.5017
2157,0.005608748,-679.9548,-573.6116,-679.9548
2158,0.005610301,-15.48051,-15.48051,-120.77905
2159,0.005611893,1045.4731,1045.4731,944.5334
2160,0.005613517,1882.8732,1895.7034,1882.8732
2161,0.005615156,1976.3451,1976.3451,2048.623
2162,0.005616809,1466.9369,1466.9369,1471.1857
2163,0.005618459,684.4201,830.16437,684.4201
2164,0.005620075,-59.954823,-59.954823,-483.56808
2165,0.005621659,-617.42126,-617.42126,-450.90405
2166,0.005623215,-885.89233,-531.7741,-885.89233
2167,0.005624773,-821.5881,-821.5881,-1589.611
2168,0.005626358,-584.6648,-584.6648,-1278.4508
2169,0.005627949,-404.8142,-460.86472,-404.8142
2170,0.005629505,-439.76428,-439.76428,69.21312
2171,0.005631079,-554.24756,-554.24756,-242.57983
2172,0.005632686,-538.1111,-398.61304,-538.1111
2173,0.005634331,-227.35408,-227.35408,406.09982
2174,0.005635987,249.03014,249.03014,937.8029
2175,0.005637542,656.32635,651.86957,656.32635
2176,0.005639038,878.66296,878.66296,760.4241
2177,0.005640584,951.54114,951.54114,1229.7795
2178,0.005642198,919.70526,1055.7875,919.70526
2179,0.00564383,832.88257,832.88257,-278.09155
2180,0.005645426,716.8471,716.8471,-663.49384
2181,0.005647013,583.9982,538.6449,583.9982
2182,0.005648628,459.946,459.946,2361.6426
2183,0.00565028,440.59412,440.59412,2222.9045
2184,0.005651956,649.70526,496.27435,649.70526
2185,0.005653667,1146.2426,1146.2426,357.25998
2186,0.005655364,1657.7412,1657.7412,1176.9122
2187,0.005657007,1851.1935,1805.7289,1851.1935
2188,0.005658607,1546.0432,1546.0432,758.57245
2189,0.005660207,906.74493,906.74493,-260.91187
2190,0.005661827,166.38109,241.14793,166.38109
2191,0.005663424,-421.69275,-421.69275,1781.7286
2192,0.00566502,-677.6114,-677.6114,1150.9747
2193,0.005666665,-404.0134,-440.22144,-404.0134
2194,0.005668286,451.93716,451.93716,-1021.9235
2195,0.00566986,1370.0487,1370.0487,279.99826
2196,0.005671394,1787.6661,2032.1228,1787.6661
2197,0.005672951,1327.0964,1327.0964,2165.2874
2198,0.005674567,135.71379,135.71379,556.8772
2199,0.005676211,-1406.1423,-621.10223,-1406.1423
2200,0.005677866,-2877.5461,-2877.5461,-2238.701
2201,0.0056795,-3898.9912,-3898.9912,-4000.7202
2202,0.005681105,-4161.8843,-3708.7773,-4161.8843
2203,0.005682662,-3540.5156,-3540.5156,-2389.1033
2204,0.005684208,-2400.0784,-2400.0784,-1076.2594
2205,0.005685763,-1184.0212,-1414.361,-1184.0212
2206,0.005687373,-251.32466,-251.32466,-1852.2789
2207,0.005689044,303.8943,303.8943,-947.52515
2208,0.005690723,467.74042,717.3222,467.74042
2209,0.005692385,301.38635,301.38635,17.541248
2210,0.005694056,-8.938366,-8.938366,-519.52905
2211,0.00569574,-245.20874,-102.90893,-245.20874
2212,0.005697381,-233.35548,-233.35548,1348.1349
2213,0.005698978,-7.087308,-7.087308,1662.9279
2214,0.005700578,374.17404,269.94513,374.17404
2215,0.00570222,862.8824,862.8824,76.279526
2216,0.00570391,1387.1252,1387.1252,1033.4865
2217,0.005705543,1831.6583,1485.3513,1831.6583
2218,0.005707124,2119.6157,2119.6157,1829.5607
2219,0.00570871,2153.3523,2153.3523,1706.2599
2220,0.005710285,1813.7091,1875.1675,1813.7091
2221,0.00571184,1082.0048,1082.0048,1399.7325
2222,0.005713421,256.29376,256.29376,214.04904
2223,0.005715039,-240.91968,-212.27223,-240.91968
2224,0.005716648,-118.87889,-118.87889,232.7014
2225,0.005718219,193.44328,193.44328,631.79126
2226,0.00571973,156.90842,259.89886,156.90842
2227,0.005721203,-524.5548,-524.5548,-815.7517
2228,0.0057227,-1587.2903,-1587.2903,-1716.3063
2229,0.005724291,-2632.599,-2307.213,-2632.599
2230,0.005725878,-3183.754,-3183.754,-3226.3647
2231,0.005727452,-3285.5535,-3285.5535,-3652.1655
2232,0.005728999,-3100.9353,-2890.5813,-3100.9353
2233,0.00573056,-2734.8413,-2734.8413,-2366.0642
2234,0.005732153,-2116.684,-2116.684,-1413.7242
2235,0.005733762,-1137.9587,-1143.9371,-1137.9587
2236,0.005735377,217.00912,217.00912,-90.06422
2237,0.005736972,1579.546,1579.546,1594.5099
2238,0.005738559,2535.8652,2332.9949,2535.8652
2239,0.005740176,2783.1516,2783.1516,1712.5919
2240,0.005741781,2444.8623,2444.8623,1508.8888
2241,0.005743364,1789.9122,1911.4261,1789.9122
2242,0.00574494,1037.764,1037.764,1362.5725
2243,0.005746523,293.18057,293.18057,291.16232
2244,0.005748137,-366.40793,-240.06738,-366.40793
2245,0.005749716,-823.86993,-823.86993,-266.38843
2246,0.005751306,-989.185,-989.185,-398.66187
2247,0.005752916,-740.2009,-995.56134,-740.2009
2248,0.005754553,-34.41472,-34.41472,-165.06812
2249,0.005756212,777.46515,777.46515,987.70135
2250,0.005757887,1214.6857,984.676,1214.6857
2251,0.005759544,964.1614,964.1614,500.9592
2252,0.005761178,430.88757,430.88757,-18.845467
2253,0.00576281,155.92796,-218.00467,155.92796
2254,0.005764428,496.94684,496.94684,1218.2325
2255,0.005766056,1125.5598,1125.5598,1562.9397
2256,0.005767684,1533.9708,1108.2223,1533.9708
2257,0.005769269,1375.9664,1375.9664,1088.3342
2258,0.005770849,897.1294,897.1294,481.75998
2259,0.005772403,466.6506,395.4072,466.6506
2260,0.00577397,333.15094,333.15094,937.33417
2261,0.005775581,390.05615,390.05615,1083.9279
2262,0.005777227,419.967,365.09662,419.967
2263,0.005778843,245.98448,245.98448,-314.58374
2264,0.005780455,-84.21128,-84.21128,-568.3767
2265,0.005782052,-468.322,-426.12927,-468.322
2266,0.005783631,-796.4551,-796.4551,-369.4978
2267,0.005785182,-915.8516,-915.8516,-353.83762
2268,0.005786722,-674.8806,-663.64105,-674.8806
2269,0.005788248,-28.463247,-28.463247,-674.78687
2270,0.005789752,660.7081,660.7081,450.16623
2271,0.005791254,962.44745,1294.5593,962.44745
2272,0.005792761,597.32263,597.32263,-394.96652
2273,0.00579429,-93.56028,-93.56028,-1354.0095
2274,0.005795851,-579.8376,-591.2963,-579.8376
2275,0.005797433,-428.91287,-428.91287,1108.4435
2276,0.005799035,166.54092,166.54092,1368.1349
2277,0.005800648,827.5998,563.15173,827.5998
2278,0.00580229,1242.2683,1242.2683,1310.9475
2279,0.005803959,1402.8153,1402.8153,1745.1857
2280,0.00580565,1390.7991,1532.726,1390.7991
2281,0.005807343,1269.5405,1269.5405,813.6232
2282,0.005809,1000.65283,1000.65283,41.283432
2283,0.005810661,511.049,811.0922,511.049
2284,0.00581233,-225.13684,-225.13684,645.2678
2285,0.005813973,-1021.2949,-1021.2949,-422.0564
2286,0.005815594,-1668.7986,-1360.8053,-1668.7986
2287,0.005817176,-2029.3528,-2029.3528,-2871.0798
2288,0.005818745,-2210.7917,-2210.7917,-2638.5408
2289,0.005820344,-2364.0603,-1987.084,-2364.0603
2290,0.005821952,-2584.4504,-2584.4504,-2780.2397
2291,0.005823553,-2755.616,-2755.616,-3001.6655
2292,0.005825159,-2710.9001,-2286.044,-2710.9001
2293,0.005826744,-2339.0088,-2339.0088,-1340.9664
2294,0.005828348,-1715.8303,-1715.8303,-402.72433
2295,0.005829939,-986.65405,-1119.4459,-986.65405
2296,0.005831579,-236.52837,-236.52837,-1205.8923
2297,0.005833196,478.3412,478.3412,-316.32202
2298,0.005834808,1166.0295,1012.2921,1166.0295
2299,0.005836395,1773.4332,1773.4332,2110.0957
2300,0.005838005,2088.1743,2088.1743,2507.748
2301,0.005839643,1808.1974,2134.055,1808.1974
2302,0.005841243,841.5878,841.5878,1000.9318
2303,0.005842795,-194.34137,-194.34137,130.7639
2304,0.00584434,-624.0173,-759.3396,-624.0173
2305,0.00584588,-37.471867,-37.471867,-798.1697
2306,0.005847425,913.44354,913.44354,497.0451
2307,0.005849001,1296.8538,1428.8909,1296.8538
2308,0.005850566,474.61874,474.61874,259.8967
2309,0.005852079,-732.609,-732.609,-1213.3962
2310,0.005853568,-1316.025,-1796.4229,-1316.025
2311,0.005855094,-609.4693,-609.4693,444.5842
2312,0.005856633,775.74854,775.74854,2140.0764
2313,0.005858166,1823.6389,1648.4626,1823.6389
2314,0.005859666,1818.0305,1818.0305,263.0803
2315,0.005861165,1118.9525,1118.9525,-328.1306
2316,0.005862673,305.0295,568.2231,305.0295
2317,0.005864202,-140.25356,-140.25356,1091.1897
2318,0.005865768,-150.6049,-150.6049,616.8615
2319,0.005867393,242.8342,-278.20898,242.8342
2320,0.005869063,940.01764,940.01764,1120.3536
2321,0.005870679,1554.4147,1554.4147,2051.287
2322,0.005872257,1726.2286,1834.1786,1726.2286
2323,0.005873817,1263.9457,1263.9457,962.967
2324,0.00587536,515.2855,515.2855,-59.306404
2325,0.00587689,-63.42359,-45.173134,-63.42359
2326,0.005878461,-158.21266,-158.21266,-581.5212
2327,0.005880035,44.957882,44.957882,52.677963
2328,0.005881647,201.64671,294.18896,201.64671
2329,0.005883211,58.627773,58.627773,420.67404
2330,0.00588473,-194.20227,-194.20227,495.467
2331,0.005886223,-301.83374,-223.15851,-301.83374
2332,0.005887704,-116.86211,-116.86211,-361.59155
2333,0.005889209,165.1214,165.1214,-77.31812
2334,0.005890768,240.29124,308.27408,240.29124
2335,0.005892336,-108.819336,-108.819336,285.45923
2336,0.005893867,-565.0695,-565.0695,-347.00558
2337,0.005895391,-723.9822,-841.8334,-723.9822
2338,0.005896953,-297.15872,-297.15872,-890.99774
2339,0.005898545,482.4197,482.4197,240.66234
2340,0.00590015,1197.4669,1316.2189,1197.4669
2341,0.005901755,1513.7355,1513.7355,746.69745
2342,0.005903364,1506.0685,1506.0685,493.0295
2343,0.005905021,1345.467,1187.0742,1345.467
2344,0.005906602,1183.4695,1183.4695,1895.9513
2345,0.00590811,992.09314,992.09314,1667.9747
2346,0.005909662,688.45917,969.33344,688.45917
2347,0.005911229,227.96463,227.96463,43.41625
2348,0.005912788,-322.807,-322.807,-501.29855
2349,0.00591437,-886.8533,-650.11926,-886.8533
2350,0.005915959,-1355.6128,-1355.6128,-1337.2439
2351,0.00591751,-1573.432,-1573.432,-1645.6344
2352,0.005919015,-1412.7789,-1701.2721,-1412.7789
2353,0.005920546,-824.12054,-824.12054,-502.4587
2354,0.00592208,-138.96567,-138.96567,126.69359
2355,0.005923558,207.95921,469.4522,207.95921
2356,0.005925053,-25.68098,-25.68098,-219.6814
2357,0.005926588,-624.2568,-624.2568,-978.072
2358,0.005928218,-1217.7244,-849.4108,-1217.7244
2359,0.005929913,-1410.7156,-1410.7156,-1192.4664
2360,0.005931583,-1260.8375,-1260.8375,-1114.4353
2361,0.005933219,-976.1149,-1094.4008,-976.1149
2362,0.005934768,-725.003,-725.003,-690.0525
2363,0.005936253,-539.63824,-539.63824,-144.42358
2364,0.005937713,-423.67358,-553.7142,-423.67358
2365,0.005939166,-374.86462,-374.86462,-1295.5408
2366,0.005940667,-346.13565,-346.13565,-1392.3649
2367,0.005942247,-271.66968,-86.37179,-271.66968
2368,0.005943838,-111.03691,-111.03691,876.592
2369,0.005945451,47.299812,47.299812,1494.3966
2370,0.00594709,72.56468,178.71367,72.56468
2371,0.005948718,-118.17666,-118.17666,-1336.2205
2372,0.005950316,-394.6279,-394.6279,-1498.1735
2373,0.00595189,-590.65015,-457.29913,-590.65015
2374,0.005953446,-579.5305,-579.5305,308.342
2375,0.005955027,-334.22308,-334.22308,181.38107
2376,0.005956656,163.59203,-115.37586,163.59203
2377,0.005958313,843.5791,843.5791,821.0412
2378,0.005959977,1299.3489,1299.3489,1407.1271
2379,0.005961639,1042.4943,1396.7277,1042.4943
2380,0.005963278,-142.33456,-142.33456,-795.5408
2381,0.005964909,-1520.5344,-1520.5344,-2578.2202
2382,0.005966518,-2145.869,-1921.4304,-2145.869
2383,0.005968147,-1429.3438,-1429.3438,-764.5368
2384,0.00596975,-87.31684,-87.31684,185.31859
2385,0.005971313,877.70526,798.83636,877.70526
2386,0.005972895,818.57886,818.57886,1509.9786
2387,0.00597451,33.22929,33.22929,620.3654
2388,0.005976126,-861.50946,-456.4394,-861.50946
2389,0.005977757,-1369.6635,-1369.6635,-1006.8571
2390,0.005979371,-1507.0541,-1507.0541,-1206.9625
2391,0.005980956,-1437.6658,-1298.7194,-1437.6658
2392,0.005982509,-1300.8785,-1300.8785,-1385.5094
2393,0.00598408,-1163.622,-1163.622,-961.447
2394,0.005985688,-1082.8298,-623.3683,-1082.8298
2395,0.005987321,-1103.7656,-1103.7656,-1560.0094
2396,0.005988929,-1187.7838,-1187.7838,-2027.6656
2397,0.005990475,-1274.7439,-1089.4287,-1274.7439
2398,0.005992029,-1305.322,-1305.322,-812.81415
2399,0.005993618,-1165.4136,-1165.4136,-1301.4314
2400,0.005995187,-733.9548,-717.9209,-733.9548
2401,0.005996735,-3.4924705,-3.4924705,665.29517
2402,0.005998305,648.7421,648.7421,1094.8264
2403,0.005999922,692.2443,992.34015,692.2443
2404,0.006001553,-233.85376,-233.85376,-24.775154
2405,0.006003192,-1532.96,-1532.96,-952.49384
2406,0.006004814,-2345.486,-2229.8325,-2345.486
2407,0.006006427,-2115.4353,-2115.4353,-2169.4392
2408,0.006008028,-1297.2356,-1297.2356,-1433.74
2409,0.006009567,-588.26733,-539.96924,-588.26733
2410,0.00601108,-399.43936,-399.43936,-308.91183
2411,0.006012619,-506.54434,-506.54434,-555.5837
2412,0.006014206,-524.6384,-544.9456,-524.6384
2413,0.006015836,-153.66635,-153.66635,216.86935
2414,0.006017448,314.12378,314.12378,378.54514
2415,0.006019047,454.20135,673.3922,454.20135
2416,0.006020644,17.339153,17.339153,1060.1389
2417,0.006022248,-599.3702,-599.3702,283.10373
2418,0.006023838,-827.2946,-782.4844,-827.2946
2419,0.006025421,-323.10577,-323.10577,-103.82593
2420,0.006027017,465.18448,465.18448,1565.2952
2421,0.006028636,868.6623,1079.615,868.6623
2422,0.006030235,419.00848,419.00848,-1242.9509
2423,0.006031812,-427.9365,-427.9365,-1749.9039
2424,0.006033382,-1041.3884,-948.21594,-1041.3884
2425,0.00603496,-966.43536,-966.43536,-726.52905
2426,0.006036533,-408.85342,-408.85342,-188.23216
2427,0.006038135,269.29123,36.848045,269.29123
2428,0.006039754,738.1591,738.1591,1294.4005
2429,0.006041341,927.74164,927.74164,1555.7716
2430,0.006042935,855.96704,844.6221,855.96704
2431,0.00604458,544.4397,544.4397,-945.6071
2432,0.006046259,144.99026,144.99026,-1050.7908
2433,0.006047922,-132.35718,-27.852394,-132.35718
2434,0.006049567,-147.24461,-147.24461,421.50998
2435,0.006051205,29.322123,29.322123,460.1545
2436,0.00605278,270.90842,85.38184,270.90842
2437,0.006054317,480.76837,480.76837,283.34595
2438,0.00605588,600.8227,600.8227,208.55296
2439,0.006057452,565.2131,481.28275,565.2131
2440,0.006059049,361.63275,361.63275,363.73654
2441,0.006060662,208.84023,208.84023,58.470932
2442,0.006062302,401.17795,69.6874,401.17795
2443,0.006063878,1047.4156,1047.4156,1540.7208
2444,0.006065447,1679.3033,1679.3033,2391.709
2445,0.006066968,1709.7834,1649.4823,1709.7834
2446,0.006068431,867.18494,867.18494,-160.36108
2447,0.006069898,-393.83838,-393.83838,-1453.1228
2448,0.006071412,-1460.4547,-1152.6614,-1460.4547
2449,0.006072973,-1759.4963,-1759.4963,-815.5017
2450,0.006074532,-1383.1088,-1383.1088,-635.4783
2451,0.006076099,-637.84546,-960.834,-637.84546
2452,0.006077669,179.88281,179.88281,-350.72046
2453,0.006079258,844.9826,844.9826,145.54124
2454,0.006080832,1126.6819,1113.7528,1126.6819
2455,0.006082417,890.8231,890.8231,1489.0255
2456,0.006084004,302.07947,302.07947,295.56467
2457,0.00608559,-391.54855,-166.01547,-391.54855
2458,0.006087183,-954.8968,-954.8968,-268.48608
2459,0.006088755,-1184.1909,-1184.1909,-219.23608
2460,0.006090351,-895.69696,-1072.0363,-895.69696
2461,0.006091941,-17.679682,-17.679682,-559.02515
2462,0.006093523,1028.3763,1028.3763,930.45526
2463,0.006095107,1716.1428,1412.1056,1716.1428
2464,0.006096681,1669.9915,1669.9915,1434.6857
2465,0.00609823,1146.1594,1146.1594,1017.20526
2466,0.006099755,532.16235,599.4089,532.16235
2467,0.006101275,108.5177,108.5177,416.29514
2468,0.006102785,-128.08586,-128.08586,213.17404
2469,0.006104318,-254.68921,-92.20338,-254.68921
2470,0.006105895,-326.889,-326.889,-314.23605
2471,0.006107421,-334.62723,-334.62723,-641.404
2472,0.0061089,-263.22827,-284.80264,-263.22827
2473,0.006110408,-99.88031,-99.88031,41.689686
2474,0.006111973,135.06485,135.06485,403.79904
2475,0.00611348,384.09592,151.73769,384.09592
2476,0.00611493,611.6134,611.6134,346.94357
2477,0.006116382,810.17145,810.17145,764.0373
2478,0.006117875,969.6154,752.74304,969.6154
2479,0.006119402,1066.6617,1066.6617,438.49826
2480,0.006120994,1058.3512,1058.3512,492.0803
2481,0.006122568,896.8459,792.1264,896.8459
2482,0.006124098,583.7315,583.7315,865.7482
2483,0.00612561,237.42722,237.42722,426.87326
2484,0.006127105,-0.31421944,-7.794669,-0.31421944
2485,0.006128603,-31.133724,-31.133724,140.94357
2486,0.006130128,106.501945,106.501945,416.6467
2487,0.006131629,328.12717,824.8407,328.12717
2488,0.006133172,566.76105,566.76105,144.19357
2489,0.006134755,762.95624,762.95624,405.8342
2490,0.006136329,853.7326,892.56366,853.7326
2491,0.006137907,810.28406,810.28406,260.47092
2492,0.00613947,706.6419,706.6419,-87.35718
2493,0.006141037,639.4787,687.2324,639.4787
2494,0.006142589,660.1501,660.1501,1491.0919
2495,0.006144088,642.6233,642.6233,1354.0255
2496,0.006145581,432.0881,355.69653,432.0881
2497,0.006147113,-70.22101,-70.22101,-360.21262
2498,0.006148704,-670.1561,-670.1561,-1108.3416
2499,0.00615032,-1033.8533,-723.8157,-1033.8533
2500,0.00615195,-921.7537,-921.7537,-91.169685
2501,0.006153582,-547.0362,-547.0362,21.369373
2502,0.006155162,-247.34937,-340.8539,-247.34937
2503,0.006156675,-215.08932,-215.08932,-328.01733
2504,0.006158153,-271.62558,-271.62558,-503.27512
2505,0.00615964,-181.3064,-23.87209,-181.3064
2506,0.006161119,215.46002,215.46002,482.67404
2507,0.006162583,785.6402,785.6402,1245.4044
2508,0.006164069,1346.4708,1030.03,1346.4708
2509,0.006165568,1705.5005,1705.5005,1236.8342
2510,0.006167109,1720.7528,1720.7528,1314.26
2511,0.006168669,1242.838,1180.9576,1242.838
2512,0.006170253,236.07545,236.07545,174.86545
2513,0.006171834,-828.96655,-828.96655,-976.4861
2514,0.006173429,-1371.525,-1757.9033,-1371.525
2515,0.006174992,-987.30865,-987.30865,-320.01343
2516,0.006176534,-33.389187,-33.389187,804.50214
2517,0.006178078,1008.69745,987.53845,1008.69745
2518,0.006179616,1731.9229,1731.9229,1061.713
2519,0.006181196,2059.4067,2059.4067,1610.9319
2520,0.006182801,1954.8302,1965.0347,1954.8302
2521,0.006184422,1429.1322,1429.1322,1495.924
2522,0.006186046,640.905,640.905,633.58026
2523,0.006187696,-226.37671,227.31532,-226.37671
2524,0.00618934,-957.575,-957.575,-644.8376
2525,0.006190919,-1362.4823,-1362.4823,-1388.5447
2526,0.006192449,-1322.7439,-1143.5405,-1322.7439
2527,0.006193965,-815.2056,-815.2056,-493.5134
2528,0.006195522,-168.83856,-168.83856,430.31464
2529,0.006197144,131.24828,-22.098095,131.24828
2530,0.006198799,-316.2902,-316.2902,-936.4196
2531,0.006200475,-1159.2234,-1159.2234,-1602.5681
2532,0.006202124,-1805.3844,-1514.02,-1805.3844
2533,0.006203644,-1872.4669,-1872.4669,-1997.357
2534,0.00620512,-1580.3918,-1580.3918,-1615.0758
2535,0.006206645,-1164.2438,-1395.7183,-1164.2438
2536,0.006208234,-839.1271,-839.1271,-1089.1736
2537,0.006209822,-678.3383,-678.3383,-964.0407
2538,0.006211437,-691.8024,-326.4159,-691.8024
2539,0.006213062,-865.1191,-865.1191,-1420.1931
2540,0.006214654,-1058.2002,-1058.2002,-1453.4275
2541,0.006216249,-1116.3298,-844.5571,-1116.3298
2542,0.006217861,-927.77905,-927.77905,-562.0408
2543,0.006219475,-582.6737,-582.6737,-576.4783
2544,0.006221108,-221.13062,-216.21625,-221.13062
2545,0.006222762,43.906384,43.906384,-606.3454
2546,0.006224429,244.30243,244.30243,-623.90405
2547,0.006226097,452.6467,416.35065,452.6467
2548,0.006227767,702.85834,702.85834,1329.2247
2549,0.006229428,862.29816,862.29816,1329.2678
2550,0.006231003,775.77563,841.8251,775.77563
2551,0.006232604,361.208,361.208,198.93576
2552,0.006234274,-243.91357,-243.91357,-361.35715
2553,0.006235958,-774.6618,-440.40402,-774.6618
2554,0.006237609,-1012.51447,-1012.51447,-1299.818
2555,0.00623925,-966.6325,-966.6325,-840.9626
2556,0.006240903,-680.8454,-617.1331,-680.8454
2557,0.006242562,-226.17944,-226.17944,-722.4978
2558,0.006244158,195.09438,195.09438,-516.7947
2559,0.006245667,402.424,478.23035,402.424
2560,0.006247139,335.73206,335.73206,643.7951
2561,0.006248632,193.83206,193.83206,305.85373
2562,0.006250144,251.0725,30.749344,251.0725
2563,0.006251646,672.568,672.568,878.6818
2564,0.006253175,1173.8777,1173.8777,1371.092
2565,0.006254764,1316.6858,1243.6288,1316.6858
2566,0.006256381,769.81354,769.81354,498.94357
2567,0.006257962,-3.8555238,-3.8555238,-354.74
2568,0.006259496,-404.115,-572.10675,-404.115
2569,0.006260996,-100.75556,-100.75556,392.81076
2570,0.006262467,524.1666,524.1666,885.8498
2571,0.006263921,968.4748,679.05286,968.4748
2572,0.006265363,910.5063,910.5063,657.94745
2573,0.006266809,626.43384,626.43384,264.74826
2574,0.006268309,545.64667,437.61212,545.64667
2575,0.006269881,1023.55206,1023.55206,838.7795
2576,0.006271484,1725.3497,1725.3497,1315.9904
2577,0.006273079,2074.131,1810.0687,2074.131
2578,0.006274714,1653.7844,1653.7844,1467.0958
2579,0.006276365,710.70435,710.70435,541.5529
2580,0.00627798,-274.13843,-121.809074,-274.13843
2581,0.006279578,-950.56323,-950.56323,-626.4001
2582,0.006281168,-1251.2085,-1251.2085,-755.52124
2583,0.006282772,-1168.654,-1267.6499,-1168.654
2584,0.006284377,-731.20575,-731.20575,-681.5603
2585,0.006285943,-156.36942,-156.36942,125.90452
2586,0.006287522,337.36935,414.2808,337.36935
2587,0.006289101,556.5254,556.5254,-232.83765
2588,0.006290658,495.61737,495.61737,-778.06415
2589,0.006292182,203.95921,-12.872036,203.95921
2590,0.006293703,-258.75095,-258.75095,613.25604
2591,0.006295239,-745.004,-745.004,-240.79858
2592,0.006296792,-1071.7438,-997.6793,-1071.7438
2593,0.006298378,-1100.636,-1100.636,-972.53687
2594,0.006299955,-925.48865,-925.48865,-612.38446
2595,0.006301503,-710.2751,-755.6016,-710.2751
2596,0.00630305,-570.14923,-570.14923,-903.81024
2597,0.006304609,-485.95932,-485.95932,-1249.7281
2598,0.00630617,-405.5603,-459.4,-405.5603
2599,0.006307744,-292.70734,-292.70734,526.33417
2600,0.006309315,-186.83559,-186.83559,651.1233
2601,0.006310897,-144.90015,28.972038,-144.90015
2602,0.006312385,-185.60307,-185.60307,-540.28687
2603,0.006313826,-198.53688,-198.53688,-802.986
2604,0.006315245,-62.532967,-200.06615,-62.532967
2605,0.006316707,303.0225,303.0225,1061.1584
2606,0.006318269,775.3906,775.3906,1612.631
2607,0.006319924,1094.7404,1115.531,1094.7404
2608,0.006321567,1021.04114,1021.04114,383.86935
2609,0.006323196,682.0529,682.0529,121.29906
2610,0.006324785,286.4006,256.30612,286.4006
2611,0.006326355,-16.065273,-16.065273,169.55685
2612,0.006327952,-205.41609,-205.41609,-178.51733
2613,0.00632961,-279.40405,-232.73886,-279.40405
2614,0.006331241,-249.53682,-249.53682,-174.09546
2615,0.006332839,-199.9006,-199.9006,-134.76733
2616,0.00633446,-223.08765,-159.67506,-223.08765
2617,0.006336079,-372.11725,-372.11725,-695.9314
2618,0.006337687,-528.64,-528.64,-793.3649
2619,0.006339262,-538.8611,-682.30676,-538.8611
2620,0.006340839,-323.3886,-323.3886,261.17014
2621,0.006342458,-53.096416,-53.096416,535.4514
2622,0.006344091,6.84203,254.63736,6.84203
2623,0.006345724,-306.23624,-306.23624,-83.29078
2624,0.006347356,-720.8986,-720.8986,-180.3064
2625,0.006348982,-859.31024,-596.858,-859.31024
2626,0.006350565,-506.19116,-506.19116,-1090.1267
2627,0.006352139,10.602828,10.602828,-149.84155
2628,0.006353728,250.13107,554.39844,250.13107
2629,0.006355314,-75.214966,-75.214966,-565.8572
2630,0.006356929,-576.9327,-576.9327,-991.1501
2631,0.006358499,-667.4431,-553.9664,-667.4431
2632,0.006360008,-61.737503,-61.737503,199.62717
2633,0.006361461,733.66345,733.66345,475.68967
2634,0.006362924,1144.596,1135.3557,1144.596
2635,0.006364467,703.09717,703.09717,674.967
2636,0.006366012,-298.81293,-298.81293,-469.06027
2637,0.006367582,-1333.4625,-1219.972,-1333.4625
2638,0.006369182,-1928.927,-1928.927,-1521.5485
2639,0.006370874,-1997.4467,-1997.4467,-1729.3688
2640,0.006372581,-1544.236,-1399.064,-1544.236
2641,0.006374284,-685.119,-685.119,-316.92355
2642,0.006375978,250.92604,250.92604,761.47485
2643,0.006377643,889.7795,610.813,889.7795
2644,0.006379294,1000.2795,1000.2795,1060.5491
2645,0.006380898,762.22235,762.22235,1026.9396
2646,0.00638247,434.7092,571.2152,434.7092
2647,0.00638403,211.00229,211.00229,215.72482
2648,0.006385606,146.06033,146.06033,365.9592
2649,0.00638718,267.34592,130.9564,267.34592
2650,0.006388753,557.0053,557.0053,14.330311
2651,0.006390337,830.93896,830.93896,397.02167
2652,0.006391912,856.3693,881.1937,856.3693
2653,0.006393508,476.50894,476.50894,173.92014
2654,0.006395131,-160.40659,-160.40659,-788.0173
2655,0.00639677,-802.4353,-794.7963,-802.4353
2656,0.006398402,-1213.393,-1213.393,-359.73218
2657,0.006400026,-1297.967,-1297.967,-488.60324
2658,0.006401638,-996.93915,-1248.4943,-996.93915
2659,0.006403232,-326.2265,-326.2265,-869.86884
2660,0.00640481,434.08466,434.08466,162.8303
2661,0.006406394,958.9982,839.71234,958.9982
2662,0.00640799,994.72345,994.72345,1113.4943
2663,0.006409622,619.7293,619.7293,450.72482
2664,0.006411262,19.416246,209.273,19.416246
2665,0.006412934,-613.6372,-613.6372,-858.6228
2666,0.006414593,-1034.8724,-1034.8724,-1443.904
2667,0.006416203,-1026.8142,-1001.9886,-1026.8142
2668,0.006417778,-510.49448,-510.49448,-311.365
2669,0.006419386,251.38885,251.38885,764.57635
2670,0.00642104,873.467,1152.7775,873.467
2671,0.006422658,1023.4885,1023.4885,740.092
2672,0.006424239,850.91693,850.91693,730.3498
2673,0.00642582,580.65454,575.902,580.65454
2674,0.006427412,387.76056,387.76056,453.18576
2675,0.006429038,288.9356,288.9356,477.7014
2676,0.00643067,263.1467,395.03262,263.1467
2677,0.006432278,284.36603,284.36603,-93.09937
2678,0.006433866,328.79523,328.79523,10.041248
2679,0.006435455,375.592,80.1648,375.592
2680,0.006437081,399.78955,399.78955,512.2366
2681,0.006438723,355.5178,355.5178,344.42014
2682,0.006440356,194.15453,323.48087,194.15453
2683,0.006441989,-95.73925,-95.73925,331.82248
2684,0.006443649,-380.07602,-380.07602,305.78732
2685,0.006445355,-469.22046,-622.6292,-469.22046
2686,0.006447057,-231.9932,-231.9932,-1108.1853
2687,0.006448743,146.7619,146.7619,-547.84937
2688,0.00645044,419.22482,547.21625,419.22482
2689,0.006452108,412.22958,412.22958,1088.67
2690,0.00645374,280.5675,280.5675,830.1779
2691,0.006455343,234.94359,138.62878,234.94359
2692,0.006456975,407.23276,407.23276,74.89281
2693,0.006458637,649.74677,649.74677,338.95142
2694,0.006460293,722.9982,704.1156,722.9982
2695,0.006461919,483.8839,483.8839,467.26385
2696,0.006463534,120.411995,120.411995,166.42406
2697,0.00646513,-109.09156,-89.07627,-109.09156
2698,0.006466737,-40.122326,-40.122326,-372.88452
2699,0.006468344,167.05923,167.05923,-349.09937
2700,0.006469916,267.23264,357.86536,267.23264
2701,0.006471442,103.88685,103.88685,-118.52905
2702,0.006472954,-244.03493,-244.03493,-476.59937
2703,0.006474508,-665.5524,-590.8387,-665.5524
2704,0.006476074,-1029.0732,-1029.0732,-701.4939
2705,0.006477617,-1227.7152,-1227.7152,-1283.3102
2706,0.006479161,-1175.8494,-1077.4799,-1175.8494
2707,0.006480691,-846.214,-846.214,-581.24
2708,0.006482234,-443.80237,-443.80237,5.9943743
2709,0.006483796,-243.54466,-273.28287,-243.54466
2710,0.006485383,-434.28058,-434.28058,-889.52515
2711,0.006486902,-757.005,-757.005,-1517.2985
2712,0.006488405,-895.20874,443.37784,-895.20874
2713,0.006489937,-616.3516,-616.3516,701.52563
2714,0.006491493,-5.13031,-5.13031,1047.5372
2715,0.006493049,742.2795,874.0983,742.2795
2716,0.006494567,1399.09,1399.09,369.99045
2717,0.006496061,1716.1118,1716.1118,1178.6271
2718,0.006497526,1448.3928,1856.299,1448.3928
2719,0.006499019,460.98315,460.98315,342.61935
2720,0.006500518,-823.41907,-823.41907,-1056.1658
2721,0.006502048,-1840.5133,-1978.9285,-1840.5133
2722,0.006503607,-2098.2668,-2098.2668,-2216.5054
2723,0.006505184,-1697.1713,-1697.1713,-1451.2673
2724,0.006506792,-910.12665,-1073.7535,-910.12665
2725,0.0065084,-59.795082,-59.795082,-1012.5564
2726,0.006509989,509.73175,509.73175,-460.865
2727,0.006511554,482.30295,577.5464,482.30295
2728,0.006513114,-269.71576,-269.71576,871.3381
2729,0.006514669,-1186.0033,-1186.0033,-529.3689
2730,0.006516257,-1539.8923,-1586.7524,-1539.8923
2731,0.006517834,-803.29706,-803.29706,-1319.7828
2732,0.006519432,541.3756,541.3756,294.3967
2733,0.006521097,1750.0099,1350.4934,1750.0099
2734,0.006522768,2113.1099,2113.1099,1662.6505
2735,0.006524407,1841.7931,1841.7931,1331.131
2736,0.006526043,1354.9786,1287.4126,1354.9786
2737,0.006527696,969.24713,969.24713,1375.9396
2738,0.006529354,687.1178,687.1178,1108.6427
2739,0.006531012,425.0803,435.22336,425.0803
2740,0.006532658,133.2957,133.2957,-110.33374
2741,0.006534301,-111.45343,-111.45343,-478.15796
2742,0.006535945,-199.66968,74.1573,-199.66968
2743,0.006537538,-87.77618,-87.77618,421.0139
2744,0.006539051,35.101875,35.101875,0.033436768
2745,0.006540534,-27.669687,135.09628,-27.669687
2746,0.006542023,-402.12643,-402.12643,-1303.6736
2747,0.006543558,-976.3518,-976.3518,-1182.4703
2748,0.00654509,-1529.4119,-1272.5261,-1529.4119
2749,0.006546598,-1878.1317,-1878.1317,-927.0407
2750,0.006548093,-1980.5477,-1980.5477,-1134.1267
2751,0.006549587,-1819.9977,-1522.9525,-1819.9977
2752,0.00655109,-1402.3386,-1402.3386,-2218.6733
2753,0.006552618,-847.7926,-847.7926,-983.0446
2754,0.006554175,-320.41187,-230.62552,-320.41187
2755,0.006555729,30.055162,30.055162,-329.4353
2756,0.006557301,217.6,217.6,-368.57983
2757,0.006558876,287.82248,539.5525,287.82248
2758,0.006560484,297.65683,297.65683,1039.6544
2759,0.006562114,333.25635,333.25635,1060.8733
2760,0.006563737,491.3381,199.29382,491.3381
2761,0.006565339,806.7184,806.7184,65.759995
2762,0.006566976,1100.6102,1100.6102,402.04904
2763,0.006568653,1106.6349,1051.2104,1106.6349
2764,0.006570274,674.25525,674.25525,904.95526
2765,0.006571877,77.17116,77.17116,456.73654
2766,0.006573491,-337.82593,-176.1046,-337.82593
2767,0.006575108,-320.1281,-320.1281,-488.97437
2768,0.006576716,-71.53312,-71.53312,160.99046
2769,0.006578294,97.78733,202.84471,97.78733
2770,0.006579905,-23.393301,-23.393301,-54.35328
2771,0.006581534,-319.2777,-319.2777,-161.13062
2772,0.006583123,-567.6072,-674.7596,-567.6072
2773,0.006584671,-622.32086,-622.32086,-1128.408
2774,0.006586192,-536.9137,-536.9137,-1668.24
2775,0.006587713,-399.13843,-472.06757,-399.13843
2776,0.006589239,-265.90887,-265.90887,875.5412
2777,0.006590771,-82.83539,-82.83539,865.4787
2778,0.006592323,237.7131,303.92804,237.7131
2779,0.006593903,722.3608,722.3608,33.959213
2780,0.006595529,1114.3887,1114.3887,651.77167
2781,0.006597118,1052.5803,1176.6223,1052.5803
2782,0.006598667,372.75568,372.75568,974.3537
2783,0.006600187,-583.9883,-583.9883,49.44359
2784,0.006601698,-1402.7281,-907.71344,-1402.7281
2785,0.006603225,-1775.3241,-1775.3241,-1922.982
2786,0.00660479,-1760.049,-1760.049,-1527.5406
2787,0.006606388,-1519.8025,-1327.2769,-1519.8025
2788,0.006607986,-1231.1753,-1231.1753,-2156.2007
2789,0.006609602,-1006.52814,-1006.52814,-2244.0642
2790,0.006611245,-951.1775,-545.7774,-951.1775
2791,0.006612926,-1126.8383,-1126.8383,-769.0564
2792,0.006614595,-1357.6604,-1357.6604,-1178.6578
2793,0.006616236,-1414.2751,-1137.8016,-1414.2751
2794,0.006617873,-1155.6431,-1155.6431,-1228.9158
2795,0.006619509,-732.01965,-732.01965,-133.52515
2796,0.006621161,-363.56418,-299.1022,-363.56418
2797,0.00662287,-223.28275,-223.28275,-331.45093
2798,0.006624542,-252.60652,-252.60652,-394.22827
2799,0.006626213,-317.08765,-230.52983,-317.08765
2800,0.00662786,-320.25223,-320.25223,213.98264
2801,0.006629502,-291.5055,-291.5055,61.291245
2802,0.006631137,-288.90402,-62.822216,-288.90402
2803,0.006632746,-367.07275,-367.07275,-559.86884
2804,0.006634384,-583.7405,-583.7405,-584.7868
2805,0.006635992,-984.1072,-693.0976,-984.1072
2806,0.006637515,-1524.7844,-1524.7844,-1457.447
2807,0.006639021,-1974.5103,-1974.5103,-2159.615
2808,0.006640555,-2043.1227,-2042.309,-2043.1227
2809,0.006642103,-1524.2426,-1524.2426,-1384.5916
2810,0.006643671,-696.1234,-696.1234,-28.72828
2811,0.006645251,12.338123,130.60207,12.338123
2812,0.006646872,274.20895,274.20895,-417.20483
2813,0.006648504,223.12505,223.12505,-463.5681
2814,0.006650122,143.9631,33.122208,143.9631
2815,0.006651775,218.65012,218.65012,591.0412
2816,0.006653435,207.26712,207.26712,356.88107
2817,0.006655103,-248.33765,36.82609,-248.33765
2818,0.00665676,-1299.9825,-1299.9825,-1199.7594
2819,0.00665839,-2307.3762,-2307.3762,-2475.8064
2820,0.006659959,-2514.2788,-2479.1812,-2514.2788
2821,0.006661508,-1557.1208,-1557.1208,-1964.1969
2822,0.006663044,-113.62408,-113.62408,-404.4978
2823,0.006664581,919.57245,1232.6866,919.57245
2824,0.006666136,887.84344,887.84344,1100.9163
2825,0.006667709,145.87344,145.87344,574.63104
2826,0.006669325,-661.9158,-471.61346,-661.9158
2827,0.006670944,-967.82275,-967.82275,-862.5798
2828,0.006672541,-891.89197,-891.89197,-697.0251
2829,0.006674141,-718.90405,-434.4248,-718.90405
2830,0.006675763,-663.7686,-663.7686,-915.95087
2831,0.006677375,-687.75134,-687.75134,-1048.7751
2832,0.006678955,-685.8884,-626.9917,-685.8884
2833,0.006680494,-605.70844,-605.70844,-748.2282
2834,0.006682029,-560.3316,-560.3316,-722.13055
2835,0.006683536,-696.5642,-417.4619,-696.5642
2836,0.006685028,-1080.1997,-1080.1997,-627.83374
2837,0.006686546,-1507.8038,-1507.8038,-1502.7751
2838,0.006688117,-1678.0798,-1540.7987,-1678.0798
2839,0.006689778,-1313.7186,-1313.7186,-511.05637
2840,0.006691484,-558.21,-558.21,378.592
2841,0.006693106,223.29514,5.771088,223.29514
2842,0.006694689,804.73663,804.73663,-279.19308
2843,0.006696262,1105.4653,1105.4653,236.65843
2844,0.006697817,1067.1466,1097.3953,1067.1466
2845,0.006699386,684.547,684.547,1746.881
2846,0.006700919,195.78973,195.78973,1322.8888
2847,0.006702444,-135.47046,-204.5051,-135.47046
2848,0.006703973,-137.85373,-137.85373,-971.33765
2849,0.006705473,-1.8304722,-1.8304722,-715.2478
2850,0.006706991,2.8459365,-196.20432,2.8459365
2851,0.006708584,-332.25284,-332.25284,13.049061
2852,0.006710211,-826.2965,-826.2965,-599.63837
2853,0.006711822,-1155.6736,-945.582,-1155.6736
2854,0.006713427,-1121.303,-1121.303,-1334.5525
2855,0.006714938,-948.17535,-948.17535,-874.95874
2856,0.0067164,-905.99774,-854.33435,-905.99774
2857,0.006717898,-1141.2811,-1141.2811,-870.09937
2858,0.006719462,-1403.9718,-1403.9718,-1007.0564
2859,0.006721013,-1280.029,-1058.2396,-1280.029
2860,0.006722567,-516.42114,-516.42114,-1032.8611
2861,0.006724067,504.08298,504.08298,337.97092
2862,0.006725471,1310.0255,1094.7034,1310.0255
2863,0.006726862,1671.2628,1671.2628,1854.8068
2864,0.006728271,1606.3029,1606.3029,1530.6545
2865,0.006729773,1160.7638,1408.6498,1160.7638
2866,0.00673136,412.00644,412.00644,895.50995
2867,0.006732942,-367.99356,-367.99356,121.959206
2868,0.006734506,-899.7985,-793.0216,-899.7985
2869,0.006736112,-994.19745,-994.19745,-1332.4119
2870,0.006737708,-738.18243,-738.18243,-856.44696
2871,0.006739307,-311.82983,-543.72015,-311.82983
2872,0.006740951,128.07422,128.07422,-353.63843
2873,0.00674265,450.08255,450.08255,-560.27515
2874,0.006744366,511.0256,499.84784,511.0256
2875,0.006746042,265.80817,265.80817,1111.7013
2876,0.006747685,-17.71858,-17.71858,671.02167
2877,0.006749336,-25.040781,-218.949,-25.040781
2878,0.006750989,455.36234,455.36234,-41.368904
2879,0.006752626,1180.4443,1180.4443,923.0021
2880,0.006754213,1800.174,1298.1583,1800.174
2881,0.006755762,2094.1555,2094.1555,1632.0333
2882,0.006757337,2119.6252,2119.6252,1406.5177
2883,0.006758919,1980.295,1848.4896,1980.295
2884,0.006760487,1771.4817,1771.4817,1819.799
2885,0.006762035,1509.7416,1509.7416,1241.1038
2886,0.006763577,1188.3303,785.89386,1188.3303
2887,0.006765113,812.5369,812.5369,1417.1194
2888,0.006766638,429.59766,429.59766,1098.5217
2889,0.006768147,94.8889,254.91805,94.8889
2890,0.006769638,-156.3929,-156.3929,-301.04465
2891,0.006771114,-354.82907,-354.82907,-260.4275
2892,0.006772576,-544.115,-363.2918,-544.115
2893,0.006774073,-750.88776,-750.88776,-1469.5328
2894,0.006775631,-903.6952,-903.6952,-1979.5406
2895,0.006777163,-891.0095,-747.4591,-891.0095
2896,0.006778647,-675.9706,-675.9706,487.2131
2897,0.006780116,-404.62457,-404.62457,720.20917
2898,0.006781621,-257.02905,66.39956,-257.02905
2899,0.006783189,-368.76904,-368.76904,-1357.3767
2900,0.006784752,-550.5655,-550.5655,-1570.9783
2901,0.006786302,-523.5954,-467.3842,-523.5954
2902,0.0067879,-87.635994,-87.635994,891.27167
2903,0.006789456,552.3107,552.3107,1606.5607
2904,0.006790962,1120.1115,736.0758,1120.1115
2905,0.006792427,1426.4735,1426.4735,1138.0372
2906,0.006793899,1443.1543,1443.1543,1327.4747
2907,0.006795374,1157.7286,946.2049,1157.7286
2908,0.006796868,596.49817,596.49817,161.75607
2909,0.006798406,-35.65398,-35.65398,-572.65796
2910,0.006799981,-440.69308,-225.76161,-440.69308
2911,0.00680158,-380.2637,-380.2637,125.10765
2912,0.006803222,10.488671,10.488671,219.28342
2913,0.006804899,471.592,462.13455,471.592
2914,0.006806554,776.85126,776.85126,1191.6936
2915,0.006808193,1005.6765,1005.6765,1756.088
2916,0.006809812,1299.5764,869.3149,1299.5764
2917,0.006811396,1713.8325,1713.8325,479.35373
2918,0.006812961,2025.2959,2025.2959,1224.9669
2919,0.006814494,1958.9357,1856.9875,1958.9357
2920,0.006815987,1394.055,1394.055,1320.4202
2921,0.0068175,634.77234,634.77234,312.5256
2922,0.006819045,118.709206,21.61426,118.709206
2923,0.006820623,197.65523,197.65523,670.4084
2924,0.006822234,664.3631,664.3631,1214.4161
2925,0.006823785,1107.8694,914.8935,1107.8694
2926,0.006825277,1247.2925,1247.2925,608.1701
2927,0.006826743,1079.0251,1079.0251,474.60373
2928,0.006828224,630.96704,636.29834,630.96704
2929,0.006829733,-36.490936,-36.490936,529.64667
2930,0.006831283,-668.3406,-668.3406,-341.48608
2931,0.006832793,-915.4861,-976.97394,-915.4861
2932,0.006834284,-621.1729,-621.1729,-475.4353
2933,0.006835795,-103.54422,-103.54422,303.80295
2934,0.006837302,177.24828,171.4302,177.24828
2935,0.006838825,-90.94282,-90.94282,-1209.5602
2936,0.006840369,-629.407,-629.407,-1652.279
2937,0.006841946,-978.55634,-614.8983,-978.55634
2938,0.006843531,-772.94183,-772.94183,-167.57593
2939,0.006845096,-223.53796,-223.53796,669.3655
2940,0.006846721,351.69357,681.952,351.69357
2941,0.006848318,645.20233,645.20233,124.43187
2942,0.006849888,718.7135,718.7135,-34.169685
2943,0.006851491,704.9826,485.27817,704.9826
2944,0.006853119,681.8369,681.8369,807.4904
2945,0.006854755,518.02045,518.02045,85.14671
2946,0.006856382,31.23656,400.83435,31.23656
2947,0.006857979,-825.89703,-825.89703,370.75607
2948,0.006859543,-1657.0918,-1657.0918,-188.19702
2949,0.006861048,-2008.3181,-1843.3043,-2008.3181
2950,0.006862519,-1669.5371,-1669.5371,-2558.0798
2951,0.00686401,-1004.37604,-1004.37604,-1712.7361
2952,0.006865527,-538.4783,-504.85944,-538.4783
2953,0.006867072,-674.7605,-674.7605,-846.30634
2954,0.006868689,-1131.0536,-1131.0536,-1427.2946
2955,0.006870416,-1341.8961,-1079.4572,-1341.8961
2956,0.006872073,-839.8405,-839.8405,-211.39624
2957,0.00687367,-17.34841,-17.34841,804.674
2958,0.006875245,647.7287,427.1074,647.7287
2959,0.006876846,835.62085,835.62085,353.69748
2960,0.006878445,726.5186,726.5186,244.93968
2961,0.006880019,647.51385,342.63788,647.51385
2962,0.006881529,798.8225,798.8225,669.2404
2963,0.006883005,995.61206,995.61206,790.8615
2964,0.006884496,988.3537,1265.1469,988.3537
2965,0.006886015,591.5146,591.5146,1043.1741
2966,0.006887578,-48.590477,-48.590477,494.18967
2967,0.006889183,-661.0525,-225.40456,-661.0525
2968,0.006890841,-991.6036,-991.6036,-757.26733
2969,0.006892509,-998.22235,-998.22235,-447.61108
2970,0.006894122,-735.9158,-513.7723,-735.9158
2971,0.00689574,-273.85898,-273.85898,-839.6892
2972,0.006897345,217.18959,217.18959,-266.6267
2973,0.006898916,548.7912,567.97626,548.7912
2974,0.006900464,597.9341,597.9341,623.5998
2975,0.006901996,400.1883,400.1883,137.40842
2976,0.006903518,23.40453,193.87361,23.40453
2977,0.006904985,-418.5332,-418.5332,-133.07202
2978,0.006906439,-712.3468,-712.3468,-463.4353
2979,0.006907939,-599.7985,-534.4535,-599.7985
2980,0.006909459,77.97353,77.97353,-204.07983
2981,0.006910956,873.27423,873.27423,619.57245
2982,0.006912455,1234.2913,1104.9768,1234.2913
2983,0.006913967,795.64325,795.64325,432.31076
2984,0.006915488,10.241626,10.241626,-618.14624
2985,0.006917022,-439.31027,-273.25073,-439.31027
2986,0.006918581,-69.90893,-69.90893,341.40842
2987,0.006920096,619.22577,619.22577,682.32635
2988,0.006921602,949.4123,1322.4252,949.4123
2989,0.006923207,426.11566,426.11566,1161.0569
2990,0.006924867,-500.7722,-500.7722,259.10373
2991,0.006926565,-959.7009,-1137.8647,-959.7009
2992,0.006928269,-321.61765,-321.61765,-1129.7439
2993,0.006929898,681.44214,681.44214,-10.165781
2994,0.006931464,1164.6583,1341.2306,1164.6583
2995,0.006932994,655.1987,655.1987,1081.295
2996,0.006934498,-330.22397,-330.22397,-383.40796
2997,0.006936009,-1106.615,-950.28864,-1106.615
2998,0.006937557,-1146.7902,-1146.7902,342.4045
2999,0.006939168,-624.1254,-624.1254,1475.3263
3000,0.00694084,28.994373,-23.466059,28.994373
3001,0.006942528,389.5297,389.5297,-1589.8688
3002,0.006944213,491.19656,491.19656,-1211.7906
3003,0.00694587,490.87717,376.36166,490.87717
3004,0.006947509,502.1314,502.1314,1257.9747
3005,0.006949173,484.07065,484.07065,682.9826
3006,0.006950856,353.7014,386.7108,353.7014
3007,0.006952503,84.12069,84.12069,-97.849365
3008,0.00695411,-164.77771,-164.77771,-468.59933
3009,0.006955713,-209.09937,41.0893,-209.09937
3010,0.0069573,69.277275,69.277275,639.7326
3011,0.006958868,529.64594,529.64594,911.7365
3012,0.006960413,978.5998,806.9656,978.5998
3013,0.006961953,1263.0608,1263.0608,1014.88104
3014,0.0069635,1316.6628,1316.6628,958.1623
3015,0.006965072,1085.6075,1300.055,1085.6075
3016,0.006966676,553.7617,553.7617,792.88885
3017,0.006968337,-98.27111,-98.27111,244.0217
3018,0.006970008,-580.2634,-227.37161,-580.2634
3019,0.006971663,-701.05774,-701.05774,-974.83374
3020,0.006973298,-657.0832,-657.0832,-987.70483
3021,0.006974864,-716.2165,-615.82196,-716.2165
3022,0.006976406,-1014.9917,-1014.9917,-944.5524
3023,0.006977944,-1316.8643,-1316.8643,-1426.1461
3024,0.006979467,-1299.193,-1180.7303,-1299.193
3025,0.006980986,-761.2447,-761.2447,-118.35328
3026,0.006982564,96.15178,96.15178,1026.4279
3027,0.006984167,887.8576,1008.0271,887.8576
3028,0.006985744,1281.3901,1281.3901,-17.001719
3029,0.006987351,1313.9747,1313.9747,467.34982
3030,0.006989014,1075.4122,1125.0782,1075.4122
3031,0.006990677,686.301,686.301,736.58813
3032,0.006992341,285.87067,285.87067,57.494373
3033,0.006993996,17.783436,-30.67227,17.783436
3034,0.006995621,-19.141756,-19.141756,-10.118907
3035,0.006997251,122.315125,122.315125,-276.34933
3036,0.00699889,360.35764,608.6847,360.35764
3037,0.007000559,636.008,636.008,608.5334
3038,0.007002249,972.0791,972.0791,888.75995
3039,0.00700393,1408.4163,1425.8481,1408.4163
3040,0.007005611,1942.6262,1942.6262,1408.2834
3041,0.007007266,2369.6746,2369.6746,1779.6896
3042,0.007008902,2461.0334,2316.2852,2461.0334
3043,0.007010536,2077.2192,2077.2192,2540.5022
3044,0.007012173,1406.0082,1406.0082,1571.8575
3045,0.007013812,720.76385,800.4783,720.76385
3046,0.007015418,253.25775,253.25775,242.61937
3047,0.007017018,8.404722,8.404722,425.56076
3048,0.007018607,-44.849373,101.80279,-44.849373
3049,0.007020185,48.74382,48.74382,-196.09155
3050,0.007021805,199.0551,199.0551,-465.11887
3051,0.007023416,290.61935,282.87122,290.61935
3052,0.007024977,258.26926,258.26926,709.9787
3053,0.007026503,206.96083,206.96083,535.424
3054,0.007028033,269.22482,269.57547,269.22482
3055,0.007029595,530.6831,530.6831,659.45917
3056,0.007031233,859.97534,859.97534,1177.3849
3057,0.007032871,1016.1154,959.9311,1016.1154
3058,0.007034436,864.8573,864.8573,411.3264
3059,0.007035959,601.326,601.326,187.55296
3060,0.007037463,457.54904,220.94235,457.54904
3061,0.007038961,591.42,591.42,654.17017
3062,0.007040487,925.2699,925.2699,869.8107
3063,0.007042035,1311.5021,1126.2483,1311.5021
3064,0.007043621,1624.8939,1624.8939,1463.2208
3065,0.00704522,1856.5818,1856.5818,1533.0841
3066,0.007046825,2038.1818,2081.1846,2038.1818
3067,0.007048442,2172.5078,2172.5078,2258.9434
3068,0.007050056,2134.4663,2134.4663,1995.3888
3069,0.007051664,1771.6622,2078.6008,1771.6622
3070,0.007053246,1028.3872,1028.3872,1922.9747
3071,0.007054811,159.75612,159.75612,1135.2483
3072,0.007056364,-519.1189,-394.91666,-519.1189
3073,0.00705792,-781.319,-781.319,-1298.5798
3074,0.007059454,-701.53577,-701.53577,-1042.4626
3075,0.007060969,-434.71262,-623.06866,-434.71262
3076,0.007062506,-107.81374,-107.81374,242.81076
3077,0.007064112,183.76411,183.76411,381.18576
3078,0.007065811,319.11935,586.7596,319.11935
3079,0.007067496,199.24043,199.24043,288.5803
3080,0.007069092,-58.810608,-58.810608,49.86156
3081,0.007070674,-330.96265,-340.7382,-330.96265
3082,0.007072313,-526.67,-526.67,-913.4626
3083,0.00707396,-622.979,-622.979,-1268.736
3084,0.007075546,-630.9275,-638.62415,-630.9275
3085,0.007077104,-566.7591,-566.7591,525.62714
3086,0.007078691,-434.486,-434.486,735.3615
3087,0.007080334,-232.59937,-544.056,-232.59937
3088,0.007081978,20.468744,20.468744,58.05687
3089,0.007083611,273.28622,273.28622,579.299
3090,0.007085219,467.86932,302.4667,467.86932
3091,0.007086815,566.69257,566.69257,252.57248
3092,0.007088404,584.1951,584.1951,79.30687
3093,0.007089966,547.51776,526.4799,547.51776
3094,0.007091511,495.58362,495.58362,1157.9982
3095,0.007093081,518.1364,518.1364,1139.2014
3096,0.00709465,722.2326,306.79922,722.2326
3097,0.007096226,1161.7241,1161.7241,835.6037
3098,0.007097819,1672.2484,1672.2484,1795.8419
3099,0.007099367,2013.2247,1942.4929,2013.2247
3100,0.007100887,2053.2437,2053.2437,1731.7208
3101,0.007102408,1906.7717,1906.7717,1392.3693
3102,0.007103971,1738.7365,1846.2507,1738.7365
3103,0.007105587,1677.0627,1677.0627,2634.1191
3104,0.007107163,1624.122,1624.122,2550.2441
3105,0.007108671,1434.8029,1307.1958,1434.8029
3106,0.007110147,1023.8734,1023.8734,302.06857
3107,0.007111649,446.3261,446.3261,-171.13452
3108,0.007113218,-207.10327,-45.30276,-207.10327
3109,0.007114839,-783.58344,-783.58344,-202.3064
3110,0.007116447,-1030.9955,-1030.9955,-358.98218
3111,0.007118001,-734.6111,-740.1218,-734.6111
3112,0.007119483,125.170395,125.170395,-242.16185
3113,0.007120947,1145.4987,1145.4987,952.68964
3114,0.007122436,1850.3615,1672.5133,1850.3615
3115,0.007123945,1845.0479,1845.0479,1827.9513
3116,0.007125486,1305.6904,1305.6904,1146.8419
3117,0.00712703,596.842,803.09814,596.842
3118,0.007128577,35.297997,35.297997,208.11935
3119,0.007130112,-294.83582,-294.83582,-187.56812
3120,0.007131633,-377.97046,-329.85147,-377.97046
3121,0.007133168,-222.46793,-222.46793,-155.1228
3122,0.007134699,54.68276,54.68276,-70.669685
3123,0.007136206,305.6467,19.380922,305.6467
3124,0.00713773,424.94705,424.94705,985.3576
3125,0.007139232,414.13434,414.13434,711.049
3126,0.007140743,306.91235,256.62592,306.91235
3127,0.007142321,130.47173,130.47173,-323.8767
3128,0.00714397,-64.66003,-64.66003,-499.59155
3129,0.007145617,-204.02904,-228.57686,-204.02904
3130,0.007147238,-234.38754,-234.38754,-484.8142
3131,0.007148871,-157.57382,-157.57382,-436.36887
3132,0.007150478,10.580311,197.80377,10.580311
3133,0.00715208,241.47899,241.47899,63.09203
3134,0.007153666,443.29068,443.29068,53.334217
3135,0.007155238,515.1623,196.7859,515.1623
3136,0.007156807,412.40482,412.40482,696.4357
3137,0.007158388,300.8631,300.8631,416.42404
3138,0.007159994,409.40057,-78.05348,409.40057
3139,0.007161573,863.00586,863.00586,1226.2091
3140,0.007163179,1403.8752,1403.8752,1816.7325
3141,0.007164813,1645.0061,1631.2504,1645.0061
3142,0.007166479,1298.5083,1298.5083,654.0529
3143,0.007168129,648.8026,648.8026,33.46703
3144,0.007169791,110.36156,43.35434,110.36156
3145,0.007171489,0.35378587,0.35378587,-207.53294
3146,0.007173202,176.10313,176.10313,391.342
3147,0.007174841,347.5764,434.8845,347.5764
3148,0.007176371,339.3482,339.3482,200.21703
3149,0.007177882,240.46785,240.46785,203.57639
3150,0.00717941,176.62326,333.41565,176.62326
3151,0.007180963,263.578,263.578,537.62714
3152,0.007182566,562.1984,562.1984,984.79114
3153,0.007184166,1102.7795,897.99493,1102.7795
3154,0.00718575,1831.5004,1831.5004,767.0061
3155,0.007187325,2401.9158,2401.9158,1342.7013
3156,0.007188919,2395.432,2209.1086,2395.432
3157,0.007190521,1544.5167,1544.5167,1813.971
3158,0.007192114,325.17004,325.17004,63.920155
3159,0.007193717,-626.7165,-614.1436,-626.7165
3160,0.007195366,-822.7451,-822.7451,128.5725
3161,0.00719702,-478.02814,-478.02814,366.7639
3162,0.007198612,-51.333748,-127.651115,-51.333748
3163,0.00720018,142.67447,142.67447,-208.4353
3164,0.007201733,111.06573,111.06573,-89.27125
3165,0.007203314,-74.06031,-147.27518,-74.06031
3166,0.007204942,-323.22202,-323.22202,-250.48608
3167,0.00720656,-439.83493,-439.83493,-239.82983
3168,0.007208108,-234.03294,-406.616,-234.03294
3169,0.00720966,372.58072,372.58072,310.74826
3170,0.007211253,1083.1147,1083.1147,1272.0763
3171,0.007212846,1440.5686,1507.6484,1440.5686
3172,0.007214455,1126.0927,1126.0927,982.39667
3173,0.007216077,352.50296,352.50296,-89.41578
3174,0.007217678,-498.3962,-131.2221,-498.3962
3175,0.007219268,-1109.3335,-1109.3335,-410.87668
3176,0.007220877,-1309.1344,-1309.1344,-801.6072
3177,0.007222511,-930.7907,-1184.2925,-930.7907
3178,0.007224145,34.1586,34.1586,-247.51732
3179,0.007225721,954.1731,954.1731,859.95135
3180,0.007227292,1175.463,940.3323,1175.463
3181,0.007228873,280.604,280.604,394.97482
3182,0.007230486,-1113.7062,-1113.7062,-1584.2242
3183,0.007232119,-2033.9977,-2183.459,-2033.9977
3184,0.007233755,-1739.9434,-1739.9434,-1674.2126
3185,0.007235391,-647.9272,-647.9272,-297.29465
3186,0.007236981,508.60373,415.84076,508.60373
3187,0.007238572,1239.2704,1239.2704,520.3693
3188,0.007240104,1557.2498,1557.2498,886.2209
3189,0.007241593,1636.303,1585.3021,1636.303
3190,0.007243113,1603.9987,1603.9987,1954.7286
3191,0.007244643,1531.7704,1531.7704,1603.4591
3192,0.007246193,1484.338,1260.7299,1484.338
3193,0.007247762,1502.3824,1502.3824,1277.049
3194,0.007249374,1510.5328,1510.5328,1488.9318
3195,0.007250993,1394.9474,1409.3373,1394.9474
3196,0.007252568,1086.501,1086.501,641.45135
3197,0.007254106,650.0182,650.0182,146.03343
3198,0.007255622,167.8928,265.60345,167.8928
3199,0.007257133,-281.23093,-281.23093,220.00607
3200,0.007258644,-593.81793,-593.81793,251.29123
3201,0.007260157,-658.8884,-490.14862,-658.8884
3202,0.007261733,-415.78296,-415.78296,-1308.2711
3203,0.00726338,-82.77233,-82.77233,-624.21655
3204,0.007265018,-18.263437,304.53595,-18.263437
3205,0.007266621,-401.63464,-401.63464,-931.611
3206,0.007268188,-811.4026,-811.4026,-1312.6149
3207,0.007269742,-734.62274,-971.28156,-734.62274
3208,0.007271301,139.26645,139.26645,13.396717
3209,0.007272857,1325.0608,1325.0608,930.75214
3210,0.007274416,2145.1309,1615.0345,2145.1309
3211,0.007276018,2081.1272,2081.1272,2391.2444
3212,0.007277665,1308.8923,1308.8923,1765.7249
3213,0.007279284,298.73264,671.0062,298.73264
3214,0.007280861,-570.6339,-570.6339,-464.6306
3215,0.007282461,-1274.469,-1274.469,-1080.8572
3216,0.007284148,-1835.1852,-1616.9287,-1835.1852
3217,0.00728589,-2230.785,-2230.785,-2165.857
3218,0.007287598,-2440.351,-2440.351,-2108.9978
3219,0.007289266,-2474.8884,-1774.7998,-2474.8884
3220,0.007290893,-2332.499,-2332.499,-2882.2595
3221,0.007292517,-1945.394,-1945.394,-2211.3298
3222,0.007294122,-1238.5642,-1232.8398,-1238.5642
3223,0.007295711,-206.96826,-206.96826,-65.75172
3224,0.007297371,945.21655,945.21655,1088.3107
3225,0.007299045,1815.9318,1203.9097,1815.9318
3226,0.00730066,2105.0613,2105.0613,1704.1936
3227,0.007302235,1914.4526,1914.4526,1555.2483
3228,0.007303781,1393.545,1630.1957,1393.545
3229,0.007305292,694.833,694.833,1486.42
3230,0.007306824,-2.1416233,-2.1416233,847.7366
3231,0.007308454,-481.822,-282.86157,-481.822
3232,0.007310101,-518.7176,-518.7176,-668.6853
3233,0.007311693,-311.84106,-311.84106,-347.60327
3234,0.007313251,-135.65015,52.645782,-135.65015
3235,0.007314804,-161.42676,-161.42676,-549.1072
3236,0.007316398,-273.1182,-273.1182,-812.27905
3237,0.007318009,-265.8181,-273.16013,-265.8181
3238,0.007319625,2.4004593,2.4004593,1140.5413
3239,0.007321251,382.02005,382.02005,1473.7091
3240,0.007322811,637.37714,271.12088,637.37714
3241,0.007324319,641.70624,641.70624,-381.29077
3242,0.007325807,486.0143,486.0143,-422.13843
3243,0.007327297,295.7053,121.84955,295.7053
3244,0.007328806,172.50523,172.50523,922.70135
3245,0.007330387,134.90436,134.90436,806.51
3246,0.007331989,184.29904,125.41375,184.29904
3247,0.00733358,300.02496,300.02496,-191.04468
3248,0.007335138,410.32794,410.32794,-195.92749
3249,0.007336688,439.8381,645.42676,439.8381
3250,0.00733823,350.94974,350.94974,777.2795
3251,0.007339776,252.97655,252.97655,434.20917
3252,0.007341349,295.80295,321.40442,295.80295
3253,0.007342948,564.4678,564.4678,461.2131
3254,0.007344589,821.80707,821.80707,335.5217
3255,0.00734626,707.4279,1129.1758,707.4279
3256,0.007347922,12.753188,12.753188,-301.72824
3257,0.007349598,-839.37775,-839.37775,-1025.7947
3258,0.007351259,-1244.3336,-1058.0468,-1244.3336
3259,0.007352906,-818.881,-818.881,-198.72437
3260,0.00735454,78.70639,78.70639,586.7326
3261,0.007356195,941.81464,814.3269,941.81464
3262,0.00735787,1334.3622,1334.3622,712.1741
3263,0.007359529,1247.8591,1247.8591,886.0529
3264,0.007361182,799.26776,1040.701,799.26776
3265,0.007362782,145.2225,145.2225,182.2717
3266,0.007364313,-483.7985,-483.7985,-578.1267
3267,0.007365798,-896.3962,-990.79114,-896.3962
3268,0.007367281,-970.1435,-970.1435,-689.89233
3269,0.007368807,-745.7845,-745.7845,-486.64233
3270,0.007370365,-311.79468,-598.5847,-311.79468
3271,0.007371954,236.75864,236.75864,-157.73999
3272,0.007373559,823.9165,823.9165,849.18964
3273,0.007375126,1364.5099,1222.2625,1364.5099
3274,0.007376683,1796.4437,1796.4437,1706.1193
3275,0.007378258,2010.4836,2010.4836,2020.6075
3276,0.007379852,1868.2833,1968.5807,1868.2833
3277,0.007381472,1305.0687,1305.0687,1303.9279
3278,0.007383091,618.4072,618.4072,491.79904
3279,0.007384713,192.81078,-508.19275,192.81078
3280,0.007386338,268.137,268.137,911.0959
3281,0.007387983,486.97354,486.97354,1450.9786
3282,0.007389615,326.67014,465.172,326.67014
3283,0.007391226,-504.00916,-504.00916,-1158.8103
3284,0.00739282,-1481.8014,-1481.8014,-1633.6656
3285,0.007394331,-1921.1697,-2153.2524,-1921.1697
3286,0.007395834,-1488.1805,-1488.1805,-1317.1306
3287,0.00739735,-576.55383,-576.55383,-712.45483
3288,0.007398823,189.95921,-114.63192,189.95921
3289,0.007400306,426.16034,426.16034,1169.0139
3290,0.0074018,326.02252,326.02252,1110.4045
3291,0.007403289,249.03734,264.48557,249.03734
3292,0.007404813,466.1312,466.1312,687.58417
3293,0.007406326,845.13293,845.13293,1940.4474
3294,0.007407831,1153.8458,1437.7141,1153.8458
3295,0.007409349,1234.8134,1234.8134,-130.54468
3296,0.007410862,1203.5485,1203.5485,-72.075935
3297,0.007412392,1249.7327,969.8776,1249.7327
3298,0.007413975,1515.2351,1515.2351,1833.674
3299,0.007415577,1868.5381,1868.5381,2396.1897
3300,0.007417171,2093.3613,1841.631,2093.3613
3301,0.007418823,2021.1918,2021.1918,1446.5607
3302,0.007420463,1677.4412,1677.4412,1300.8107
3303,0.007422086,1154.7092,1263.8635,1154.7092
3304,0.007423708,535.00665,535.00665,121.36156
3305,0.007425294,-81.51588,-81.51588,-634.63055
3306,0.00742684,-613.65796,-429.25568,-613.65796
3307,0.007428354,-1018.2019,-1018.2019,-183.3728
3308,0.007429937,-1365.519,-1365.519,-700.2478
3309,0.007431594,-1728.2164,-1580.2885,-1728.2164
3310,0.007433233,-2124.0432,-2124.0432,-2636.5757
3311,0.007434827,-2403.3218,-2403.3218,-2782.5837
3312,0.007436398,-2399.7046,-2519.414,-2399.7046
3313,0.007437985,-1986.8359,-1986.8359,-1957.6305
3314,0.007439605,-1207.9513,-1207.9513,-1139.5876
3315,0.007441205,-199.7478,-363.55722,-199.7478
3316,0.007442822,893.0464,893.0464,338.10764
3317,0.007444471,1702.4342,1702.4342,1354.2325
3318,0.007446123,1762.1154,2117.4468,1762.1154
3319,0.007447718,895.7741,895.7741,1015.9396
3320,0.007449234,-192.97879,-192.97879,-387.8103
3321,0.007450745,-802.4157,-578.6908,-802.4157
3322,0.007452284,-429.00256,-429.00256,-126.40015
3323,0.007453862,542.9647,542.9647,964.674
3324,0.007455474,1412.1974,1282.7843,1412.1974
3325,0.007457085,1575.812,1575.812,914.8459
3326,0.007458675,1168.9193,1168.9193,857.8537
3327,0.007460249,498.65057,688.77673,498.65057
3328,0.007461827,-187.05824,-187.05824,-92.88453
3329,0.007463458,-781.6603,-781.6603,-1136.8181
3330,0.007465119,-1167.8376,-948.76294,-1167.8376
3331,0.007466677,-1269.1034,-1269.1034,-1279.6384
3332,0.007468248,-1188.8618,-1188.8618,-1059.607
3333,0.007469808,-1033.7478,-1115.8528,-1033.7478
3334,0.007471348,-880.4133,-880.4133,-1475.65
3335,0.007472887,-681.2232,-681.2232,-1033.3883
3336,0.007474451,-354.09152,-544.71466,-354.09152
3337,0.007476054,146.24057,146.24057,-27.892344
3338,0.007477679,666.2688,666.2688,121.75609
3339,0.007479278,987.9943,961.63245,987.9943
3340,0.007480836,994.1904,994.1904,1701.8302
3341,0.007482341,844.6622,844.6622,1421.2169
3342,0.007483812,732.87714,631.5294,732.87714
3343,0.007485331,784.44617,784.44617,-383.17746
3344,0.007486927,924.2943,924.2943,190.93578
3345,0.007488582,988.08417,831.9681,988.08417
3346,0.007490242,845.42224,845.42224,847.2834
3347,0.007491887,609.9044,609.9044,137.23265
3348,0.007493509,449.092,531.30835,449.092
3349,0.00749511,462.30832,462.30832,1085.8577
3350,0.007496737,528.173,528.173,995.07635
3351,0.00749836,466.12326,408.99063,466.12326
3352,0.007500013,145.21396,145.21396,575.299
3353,0.00750162,-309.52554,-309.52554,277.36545
3354,0.007503232,-745.88055,-595.38477,-745.88055
3355,0.00750481,-1018.8093,-1018.8093,-1490.193
3356,0.007506399,-1082.3667,-1082.3667,-1392.9236
3357,0.007508004,-893.38446,-956.90155,-893.38446
3358,0.007509613,-448.7708,-448.7708,293.4631
3359,0.007511253,106.42179,106.42179,692.14276
3360,0.007512874,556.6662,606.80206,556.6662
3361,0.007514474,767.4031,767.4031,655.0373
3362,0.007516025,836.9297,836.9297,605.6818
3363,0.007517578,911.7482,377.37506,911.7482
3364,0.007519209,1091.6028,1091.6028,1201.7716
3365,0.007520816,1260.4261,1260.4261,1433.381
3366,0.007522393,1263.7952,897.70294,1263.7952
3367,0.007523972,1007.43555,1007.43555,993.51385
3368,0.007525575,597.857,597.857,704.37714
3369,0.007527212,203.72093,103.529015,203.72093
3370,0.007528855,-31.270514,-31.270514,-288.8025
3371,0.007530496,-161.73692,-161.73692,-229.11108
3372,0.007532135,-292.47046,527.4799,-292.47046
3373,0.007533743,-477.18097,-477.18097,-865.77905
3374,0.007535351,-593.1808,-593.1808,-985.4431
3375,0.007536966,-469.69308,-520.45795,-469.69308
3376,0.007538566,-9.457092,-9.457092,342.67017
3377,0.007540139,604.55444,604.55444,1102.01
3378,0.007541738,1156.5255,1112.6825,1156.5255
3379,0.007543304,1430.0455,1430.0455,1049.8341
3380,0.007544839,1381.4391,1381.4391,1201.2483
3381,0.00754641,979.1193,945.1621,979.1193
3382,0.007548002,238.51878,238.51878,750.092
3383,0.007549587,-564.3753,-564.3753,-241.29468
3384,0.00755119,-1110.154,-853.4009,-1110.154
3385,0.007552829,-1153.1583,-1153.1583,-1235.2087
3386,0.007554498,-866.67065,-866.67065,-1350.4235
3387,0.007556149,-571.52515,-545.78467,-571.52515
3388,0.007557773,-499.60132,-499.60132,-179.23218
3389,0.007559339,-561.0944,-561.0944,-334.66577
3390,0.007560872,-608.31415,-475.52515,-608.31415
3391,0.007562421,-558.00476,-558.00476,-1228.1891
3392,0.007563972,-527.41187,-527.41187,-1050.5564
3393,0.007565541,-689.72437,-388.67242,-689.72437
3394,0.007567142,-1127.5989,-1127.5989,-269.04858
3395,0.007568754,-1479.8998,-1479.8998,121.20921
3396,0.007570366,-1263.5797,-1272.5686,-1263.5797
3397,0.007571897,-286.94482,-286.94482,-687.7126
3398,0.00757343,891.3907,891.3907,1866.8107
3399,0.007574979,1522.4396,1607.9023,1522.4396
3400,0.007576584,1034.2147,1034.2147,-151.48218
3401,0.007578179,-95.458725,-95.458725,-1096.5095
3402,0.007579758,-1091.7125,-946.50165,-1091.7125
3403,0.007581329,-1397.2839,-1397.2839,-550.4861
3404,0.007582913,-1156.7389,-1156.7389,-240.3064
3405,0.007584524,-681.2478,-747.40515,-681.2478
3406,0.00758616,-248.57278,-248.57278,-783.58765
3407,0.00758783,88.817795,88.817795,-200.50952
3408,0.007589516,332.53342,360.07413,332.53342
3409,0.00759118,477.91797,477.91797,537.5373
3410,0.007592857,490.225,490.225,432.0256
3411,0.007594532,319.59982,297.68506,319.59982
3412,0.007596187,-32.649857,-32.649857,375.92014
3413,0.007597832,-395.6807,-395.6807,-533.7634
3414,0.007599459,-561.779,-444.87192,-561.779
3415,0.007601094,-413.70605,-413.70605,-533.8806
3416,0.007602727,-162.12961,-162.12961,-23.372812
3417,0.007604311,-97.57202,-94.785995,-97.57202
3418,0.00760582,-367.21216,-367.21216,-323.77905
3419,0.007607313,-781.3151,-781.3151,-338.89233
3420,0.007608842,-1095.4119,-860.01,-1095.4119
3421,0.00761043,-1105.0282,-1105.0282,-1767.4235
3422,0.007612041,-923.9349,-923.9349,-1382.2672
3423,0.00761369,-777.3884,-692.103,-777.3884
3424,0.007615344,-832.8667,-832.8667,-388.23608
3425,0.00761696,-927.79877,-927.79877,-803.2556
3426,0.007618521,-842.06024,-838.9849,-842.06024
3427,0.007620063,-454.73077,-454.73077,-344.27905
3428,0.007621638,83.81213,83.81213,-31.458748
3429,0.007623205,518.8498,583.63434,518.8498
3430,0.007624784,680.3654,680.3654,1029.6624
3431,0.007626402,679.1009,679.1009,1056.7286
3432,0.007627998,708.4631,711.01215,708.4631
3433,0.007629595,885.88257,885.88257,946.63885
3434,0.007631217,1016.6471,1016.6471,1264.8536
3435,0.007632822,818.00995,884.508,818.00995
3436,0.007634409,169.21855,169.21855,-101.462654
3437,0.007635929,-472.95084,-472.95084,-403.26733
3438,0.00763741,-627.7673,-937.845,-627.7673
3439,0.007638927,-1.1511489,-1.1511489,664.8029
3440,0.007640515,1011.0623,1011.0623,1391.8419
3441,0.007642067,1657.7249,1635.7017,1657.7249
3442,0.007643587,1490.1215,1490.1215,1004.424
3443,0.007645079,862.57135,862.57135,-131.79077
3444,0.007646564,268.92404,530.05426,268.92404
3445,0.007648092,76.96484,76.96484,1913.0646
3446,0.007649667,233.94347,233.94347,2025.924
3447,0.007651308,545.07635,587.309,545.07635
3448,0.00765291,782.4478,782.4478,-448.06027
3449,0.007654496,840.63885,840.63885,255.7053
3450,0.007656102,631.9162,323.92218,631.9162
3451,0.007657726,138.59735,138.59735,-152.2478
3452,0.007659329,-314.77933,-314.77933,-632.9704
3453,0.007660925,-347.49777,-379.21136,-347.49777
3454,0.00766255,268.38354,268.38354,1061.9669
3455,0.007664127,1044.7872,1044.7872,2265.1895
3456,0.007665713,1397.6466,1738.3949,1397.6466
3457,0.007667348,888.4803,888.4803,137.35374
3458,0.007669062,-146.87029,-146.87029,-524.7478
3459,0.007670748,-984.8649,-709.43756,-984.8649
3460,0.007672379,-1129.7385,-1129.7385,-230.32593
3461,0.007673985,-744.76654,-744.76654,-19.747812
3462,0.007675598,-90.03297,-376.58334,-90.03297
3463,0.00767721,584.8899,584.8899,-307.56027
3464,0.007678815,1072.4199,1072.4199,261.56467
3465,0.007680445,1179.7286,1035.104,1179.7286
3466,0.007682099,775.99365,775.99365,1315.2482
3467,0.007683747,117.20117,117.20117,452.5256
3468,0.007685372,-442.7712,-156.67435,-442.7712
3469,0.007686948,-648.608,-648.608,-1102.7633
3470,0.007688483,-548.4976,-548.4976,-646.6735
3471,0.007690017,-233.85327,-361.32413,-233.85327
3472,0.007691558,200.23439,200.23439,-188.73999
3473,0.007693081,585.4117,585.4117,-109.40796
3474,0.007694612,752.45917,615.50604,752.45917
3475,0.007696159,602.0341,602.0341,1481.756
3476,0.007697741,368.56134,368.56134,927.1154
3477,0.007699325,400.86935,171.27686,400.86935
3478,0.007700942,929.14844,929.14844,633.385
3479,0.00770261,1635.175,1635.175,1535.9161
3480,0.007704292,1979.8225,2002.5587,1979.8225
3481,0.007705997,1570.2812,1570.2812,1322.4279
3482,0.007707701,699.44055,699.44055,341.4631
3483,0.007709342,-133.26733,109.04926,-133.26733
3484,0.007710959,-624.81964,-624.81964,-201.64624
3485,0.007712569,-851.3139,-851.3139,-207.4353
3486,0.007714175,-970.3962,-972.7875,-970.3962
3487,0.007715805,-1085.1097,-1085.1097,-1496.5836
3488,0.007717382,-1081.6804,-1081.6804,-1301.7438
3489,0.007718899,-826.49,-738.25446,-826.49
3490,0.007720405,-258.66388,-258.66388,-172.97827
3491,0.007721935,430.1839,430.1839,582.967
3492,0.007723515,961.0451,1020.88824,961.0451
3493,0.007725127,1088.2118,1088.2118,230.60374
3494,0.007726727,942.27826,942.27826,551.16235
3495,0.007728319,758.6818,548.8572,758.6818
3496,0.007729917,713.61,713.61,744.33026
3497,0.007731487,772.57263,772.57263,781.57245
3498,0.007733061,851.2014,647.8435,851.2014
3499,0.00773467,860.7307,860.7307,735.14276
3500,0.007736299,683.23987,683.23987,913.3107
3501,0.007737929,196.09984,460.27707,196.09984
3502,0.007739535,-613.8647,-613.8647,-808.0564
3503,0.007741093,-1392.0422,-1392.0422,-1945.4117
3504,0.007742658,-1765.4939,-1657.5391,-1765.4939
3505,0.007744248,-1472.7352,-1472.7352,-690.70874
3506,0.007745803,-881.7609,-881.7609,-22.294687
3507,0.00774733,-484.22827,-424.5136,-484.22827
3508,0.007748864,-579.83984,-579.83984,-712.322
3509,0.007750415,-859.20483,-859.20483,-607.6228
3510,0.007751969,-836.6267,-757.35364,-836.6267
3511,0.007753545,-194.67535,-194.67535,-1239.9158
3512,0.007755136,625.50305,625.50305,-229.62671
3513,0.007756741,958.049,1203.2814,958.049
3514,0.007758377,351.87952,351.87952,738.7834
3515,0.007760041,-600.89703,-600.89703,-141.72827
3516,0.007761705,-964.5876,-1028.7906,-964.5876
3517,0.007763382,-128.49171,-128.49171,-757.24384
3518,0.007765013,1135.9717,1135.9717,753.37714
3519,0.007766567,1831.3615,1628.3674,1831.3615
3520,0.007768134,1420.7979,1420.7979,1766.8888
3521,0.007769733,405.06607,405.06607,941.5568
3522,0.007771336,-355.2478,-155.82483,-355.2478
3523,0.007772955,-217.4045,-217.4045,-963.0017
3524,0.007774572,510.237,510.237,-324.92358
3525,0.007776194,1270.4045,833.65045,1270.4045
3526,0.007777812,1610.486,1610.486,2320.2441
3527,0.007779409,1537.594,1537.594,2276.7131
3528,0.007781046,1157.0216,889.8486,1157.0216
3529,0.007782722,567.3001,567.3001,118.61937
3530,0.007784369,-96.08824,-96.08824,-533.9353
3531,0.007785997,-724.947,-484.74576,-724.947
3532,0.007787563,-1193.6156,-1193.6156,-1150.3766
3533,0.007789085,-1375.5793,-1375.5793,-1400.6033
3534,0.007790605,-1137.1578,-1189.1705,-1137.1578
3535,0.007792146,-423.65237,-423.65237,-137.84937
3536,0.007793685,369.37537,369.37537,415.84592
3537,0.007795217,739.81854,815.013,739.81854
3538,0.007796771,357.79324,357.79324,623.2248
3539,0.007798344,-417.4397,-417.4397,-315.44702
3540,0.007799925,-1009.32587,-1010.4786,-1009.32587
3541,0.007801555,-970.0258,-970.0258,-252.17749
3542,0.00780318,-468.38504,-468.38504,312.53732
3543,0.007804784,132.66234,0.74439585,132.66234
3544,0.00780636,550.65784,550.65784,355.90845
3545,0.007807925,756.48895,756.48895,897.95135
3546,0.007809478,772.049,399.1787,772.049
3547,0.007811017,627.54144,627.54144,214.99828
3548,0.007812569,380.9571,380.9571,-64.23609
3549,0.007814151,97.24046,93.6379,97.24046
3550,0.007815739,-136.40007,-136.40007,491.2053
3551,0.007817335,-192.59091,-192.59091,-65.763435
3552,0.007818975,81.33812,-93.65849,81.33812
3553,0.007820622,744.979,744.979,519.9787
3554,0.007822211,1431.0836,1431.0836,1255.9552
3555,0.007823717,1755.2482,1508.2224,1755.2482
3556,0.0078252,1551.2965,1551.2965,1624.0099
3557,0.007826735,1110.6586,1110.6586,1326.674
3558,0.007828313,900.56854,805.7136,900.56854
3559,0.007829896,1257.8226,1257.8226,809.174
3560,0.007831501,1774.0608,1774.0608,1167.8733
3561,0.007833085,1827.3654,1596.3612,1827.3654
3562,0.007834695,1013.2424,1013.2424,1479.0374
3563,0.007836359,-252.80408,-252.80408,-104.419685
3564,0.007838035,-1210.8375,-931.4412,-1210.8375
3565,0.007839674,-1306.6556,-1306.6556,-1292.865
3566,0.007841335,-853.6088,-853.6088,-454.2634
3567,0.007843008,-357.93918,-354.60178,-357.93918
3568,0.007844592,-209.40245,-209.40245,-822.00165
3569,0.007846151,-230.50374,-230.50374,-1022.1149
3570,0.007847703,-163.36499,-550.9064,-163.36499
3571,0.007849254,147.60391,147.60391,745.9319
3572,0.007850794,478.56308,478.56308,827.1232
3573,0.00785236,517.51385,818.16516,517.51385
3574,0.007853948,29.132702,29.132702,255.0139
3575,0.007855544,-779.1578,-779.1578,-343.20483
3576,0.007857107,-1561.0406,-1167.2281,-1561.0406
3577,0.00785866,-2066.5896,-2066.5896,-2713.982
3578,0.007860236,-2234.349,-2234.349,-2870.4119
3579,0.007861847,-2025.7633,-2086.9326,-2025.7633
3580,0.007863494,-1432.794,-1432.794,-967.654
3581,0.007865163,-618.9812,-618.9812,-131.0564
3582,0.007866819,181.8225,-96.77479,181.8225
3583,0.007868443,789.0517,789.0517,570.7287
3584,0.007870029,1199.792,1199.792,1052.9357
3585,0.007871587,1452.846,1367.6011,1452.846
3586,0.007873124,1557.7401,1557.7401,1110.8029
3587,0.00787468,1426.3953,1426.3953,1120.3497
3588,0.007876225,945.9279,843.33905,945.9279
3589,0.007877766,98.90022,98.90022,-2.4157817
3590,0.00787933,-775.9817,-775.9817,-1199.6228
3591,0.007880914,-1206.2205,-1237.0356,-1206.2205
3592,0.00788252,-888.234,-888.234,-585.33765
3593,0.007884076,-350.14163,-350.14163,-247.41187
3594,0.007885615,-253.10718,-16.886412,-253.10718
3595,0.007887143,-999.8097,-999.8097,-845.4353
3596,0.007888672,-2108.7158,-2108.7158,-1704.1305
3597,0.007890229,-2883.8923,-2611.0166,-2883.8923
3598,0.007891816,-2748.0386,-2748.0386,-3182.5642
3599,0.007893424,-1906.9674,-1906.9674,-2049.0486
3600,0.007895043,-811.77124,-727.88837,-811.77124
3601,0.007896698,146.14284,146.14284,-236.45483
3602,0.007898334,792.5903,792.5903,297.2014
3603,0.007899951,1068.1661,1244.8806,1068.1661
3604,0.007901562,947.2402,947.2402,700.174
3605,0.0079032,515.5408,515.5408,83.71312
3606,0.007904832,-94.294685,324.69116,-94.294685
3607,0.007906474,-734.7419,-734.7419,-531.91187
3608,0.007908109,-1156.611,-1156.611,-853.1228
3609,0.007909748,-1097.7751,-1125.2668,-1097.7751
3610,0.007911382,-423.23672,-423.23672,171.85765
3611,0.007913041,500.56296,500.56296,1317.5529
3612,0.007914702,1137.1702,860.71155,1137.1702
3613,0.007916249,1118.5391,1118.5391,430.6467
3614,0.007917725,680.7526,680.7526,99.75218
3615,0.007919207,64.88109,275.8249,64.88109
3616,0.007920681,-510.51526,-510.51526,-93.075935
3617,0.007922171,-915.09906,-915.09906,-710.9157
3618,0.00792371,-1017.56805,-1068.2013,-1017.56805
3619,0.007925312,-695.457,-695.457,-807.83765
3620,0.007926899,-64.60334,-64.60334,-203.91968
3621,0.007928493,709.1115,578.85,709.1115
3622,0.007930075,1435.571,1435.571,1450.8147
3623,0.00793164,1897.526,1897.526,1661.6232
3624,0.007933216,1878.1427,1989.0979,1878.1427
3625,0.007934771,1274.9989,1274.9989,1591.8616
3626,0.007936261,476.91632,476.91632,764.31464
3627,0.007937774,-125.88843,316.02112,-125.88843
3628,0.007939199,-232.08218,-232.08218,-413.16183
3629,0.007940579,-97.301155,-97.301155,-159.3689
3630,0.00794201,-23.400156,224.1913,-23.400156
3631,0.007943555,-257.9599,-257.9599,-327.85327
3632,0.007945149,-584.5234,-584.5234,-807.0759
3633,0.007946735,-601.2009,-518.6773,-601.2009
3634,0.00794829,-82.25094,-82.25094,-33.11109
3635,0.007949864,622.4049,622.4049,414.0139
3636,0.00795146,993.4787,1027.0458,993.4787
3637,0.007953043,665.97687,665.97687,1302.9318
3638,0.007954615,-5.4705887,-5.4705887,673.6858
3639,0.007956184,-512.1892,-404.7805,-512.1892
3640,0.007957718,-543.66077,-543.66077,-1310.9861
3641,0.007959282,-541.2541,-541.2541,-1263.8961
3642,0.007960865,-1151.3533,-454.95346,-1151.3533
3643,0.007962442,-2751.8743,-2751.8743,-2403.701
3644,0.007964069,-4679.567,-4679.567,-5064.1577
3645,0.007965654,-5800.5796,-4940.7974,-5800.5796
3646,0.007967204,-5479.1626,-5479.1626,-4052.9897
3647,0.007968743,-4218.47,-4218.47,-2369.2046
3648,0.00797029,-2734.0369,-3304.8665,-2734.0369
3649,0.007971831,-1633.7532,-1633.7532,-2768.2905
3650,0.00797334,-995.09174,-995.09174,-1954.3883
3651,0.007974843,-738.31415,-152.4067,-738.31415
3652,0.007976359,-769.58905,-769.58905,-2557.8647
3653,0.007977897,-835.8999,-835.8999,-2981.9353
3654,0.007979447,-624.5876,-588.4294,-624.5876
3655,0.007981,52.217175,52.217175,1767.2169
3656,0.007982519,833.72833,833.72833,1955.924
3657,0.00798406,1284.2911,1055.6709,1284.2911
3658,0.007985645,1068.4768,1068.4768,1098.26
3659,0.0079873,484.57126,484.57126,520.7443
3660,0.007988992,108.978745,-24.925428,108.978745
3661,0.00799061,359.89685,359.89685,607.07635
3662,0.007992175,887.60175,887.60175,1232.6935
3663,0.007993747,1259.5999,1264.2142,1259.5999
3664,0.007995298,1154.9349,1154.9349,409.1623
3665,0.007996852,708.6089,708.6089,-8.275157
3666,0.00799835,179.42795,279.61606,179.42795
3667,0.007999803,-242.0303,-242.0303,85.0764
3668,0.008001254,-482.4518,-482.4518,-8.107187
3669,0.00800273,-472.91187,-686.7505,-472.91187
3670,0.008004275,-159.33788,-159.33788,-545.99
3671,0.008005898,333.85696,333.85696,107.197495
3672,0.008007509,762.0139,793.5079,762.0139
3673,0.008009096,961.6646,961.6646,431.79123
3674,0.008010658,1025.9816,1025.9816,981.1193
3675,0.008012253,1103.3654,1244.8357,1103.3654
3676,0.008013915,1289.0524,1289.0524,1494.6154
3677,0.008015562,1410.0503,1410.0503,1548.7404
3678,0.00801718,1241.9747,1433.087,1241.9747
3679,0.00801883,625.2715,625.2715,73.17406
3680,0.008020518,-309.04907,-309.04907,-1113.6501
3681,0.008022209,-1305.9196,-930.8308,-1305.9196
3682,0.008023842,-2096.1985,-2096.1985,-1155.572
3683,0.008025406,-2500.1702,-2500.1702,-1476.9899
3684,0.008026948,-2383.2827,-1946.84,-2383.2827
3685,0.00802852,-1676.4971,-1676.4971,-2236.6501
3686,0.008030121,-767.80304,-767.80304,-678.3103
3687,0.008031696,-221.75171,78.01631,-221.75171
3688,0.008033267,-376.7761,-376.7761,-1370.2869
3689,0.008034861,-904.5388,-904.5388,-1897.8141
3690,0.00803649,-1282.525,-1186.592,-1282.525
3691,0.008038091,-1097.8978,-1097.8978,-1043.7634
3692,0.008039661,-561.4013,-561.4013,-906.31805
3693,0.00804117,-9.1423435,-93.07515,-9.1423435
3694,0.008042715,366.77725,366.77725,488.06076
3695,0.008044321,607.1261,607.1261,678.049
3696,0.00804587,814.3381,755.77234,814.3381
3697,0.008047449,1077.5728,1077.5728,1350.8263
3698,0.008049032,1287.6802,1287.6802,2097.1191
3699,0.008050581,1294.4825,1504.2175,1294.4825
3700,0.008052117,1019.69556,1019.69556,634.0842
3701,0.008053659,596.0176,596.0176,541.75995
3702,0.008055167,220.69359,362.56543,220.69359
3703,0.008056663,2.2884126,2.2884126,-621.7947
3704,0.008058173,-194.86974,-194.86974,-1304.1892
3705,0.008059707,-572.4353,-198.42502,-572.4353
3706,0.008061276,-1248.585,-1248.585,137.97484
3707,0.008062833,-1893.5084,-1893.5084,-1217.6969
3708,0.008064389,-2092.9353,-2036.672,-2092.9353
3709,0.008065943,-1575.2955,-1575.2955,-1155.9509
3710,0.008067523,-629.2862,-629.2862,221.37326
3711,0.008069117,277.2639,258.4473,277.2639
3712,0.00807066,723.0945,723.0945,321.16232
3713,0.008072251,635.44086,635.44086,298.49826
3714,0.008073775,5.275624,192.1864,5.275624
3715,0.008075261,-1058.264,-1058.264,-1038.3102
3716,0.008076808,-2179.7036,-2179.7036,-2420.1812
3717,0.008078357,-2746.8572,-2399.3599,-2746.8572
3718,0.008079886,-2387.403,-2387.403,-1830.607
3719,0.008081363,-1543.7123,-1543.7123,-631.6462
3720,0.008082843,-748.4157,-637.0927,-748.4157
3721,0.008084357,-384.72647,-384.72647,-1044.8962
3722,0.008085901,-248.18597,-248.18597,-968.8415
3723,0.008087485,67.20921,-489.05832,67.20921
3724,0.008089074,835.77264,835.77264,2252.0918
3725,0.008090659,1687.0438,1687.0438,2650.5254
3726,0.008092219,2096.1035,1844.239,2096.1035
3727,0.008093789,1730.2778,1730.2778,656.07245
3728,0.008095388,866.94196,866.94196,191.22093
3729,0.008097004,-14.943125,70.65298,-14.943125
3730,0.00809861,-508.8317,-508.8317,-409.45093
3731,0.008100192,-645.1667,-645.1667,-718.861
3732,0.008101705,-563.9509,-493.29056,-563.9509
3733,0.008103219,-366.06073,-366.06073,-561.7986
3734,0.008104786,-54.21501,-54.21501,-61.4939
3735,0.008106325,361.60373,-108.410225,361.60373
3736,0.008107863,849.43726,849.43726,1252.5568
3737,0.008109403,1214.7162,1214.7162,1665.0374
3738,0.008110911,1226.1896,1115.6279,1226.1896
3739,0.008112425,764.6447,764.6447,406.72873
3740,0.008113981,67.191154,67.191154,-237.49779
3741,0.00811554,-477.72043,-401.27225,-477.72043
3742,0.008117096,-584.18146,-584.18146,-434.87277
3743,0.008118567,-385.20834,-385.20834,-59.607185
3744,0.00812001,-85.704834,6.7675076,-85.704834
3745,0.00812149,174.32535,174.32535,-23.017344
3746,0.008123033,337.9599,337.9599,130.2678
3747,0.008124649,357.84982,342.0759,357.84982
3748,0.008126173,230.44215,230.44215,404.67795
3749,0.008127647,74.78222,74.78222,347.6545
3750,0.00812913,12.724842,132.23674,12.724842
3751,0.008130676,139.95374,139.95374,10.52953
3752,0.008132242,383.11823,383.11823,258.61545
3753,0.008133832,612.20917,497.67236,612.20917
3754,0.00813547,720.8335,720.8335,976.95526
3755,0.008137091,734.42346,734.42346,1248.6624
3756,0.008138691,722.8225,967.5379,722.8225
3757,0.008140262,739.97943,739.97943,237.30685
3758,0.008141759,790.46967,790.46967,299.75998
3759,0.008143241,870.9631,818.96704,870.9631
3760,0.008144733,963.06824,963.06824,1152.0568
3761,0.008146223,977.5618,977.5618,1184.631
3762,0.008147719,807.63104,1275.8864,807.63104
3763,0.008149209,403.6222,403.6222,-28.907967
3764,0.008150729,-73.5659,-73.5659,-555.6189
3765,0.008152283,-382.4353,-39.4312,-382.4353
3766,0.008153848,-339.5154,-339.5154,60.623276
3767,0.00815543,-105.42061,-105.42061,326.35373
3768,0.008156955,59.44359,63.530693,59.44359
3769,0.008158428,0.7278444,0.7278444,-470.47433
3770,0.008159896,-182.40775,-182.40775,-299.22046
3771,0.008161397,-342.8259,-173.1387,-342.8259
3772,0.008162897,-355.047,-355.047,-349.62668
3773,0.008164344,-250.46791,-250.46791,-303.00168
3774,0.008165787,-89.34547,-185.74727,-89.34547
3775,0.008167312,72.29583,72.29583,24.642809
3776,0.008168923,116.485725,116.485725,37.467026
3777,0.008170497,-93.575935,290.35754,-93.575935
3778,0.008172063,-587.41003,-587.41003,-778.38055
3779,0.008173565,-1028.2754,-1028.2754,-1042.3337
3780,0.008175085,-1062.6539,-1138.6205,-1062.6539
3781,0.008176624,-440.50632,-440.50632,-546.822
3782,0.008178211,506.73627,506.73627,120.2639
3783,0.008179888,1226.6154,1151.3982,1226.6154
3784,0.008181561,1200.596,1200.596,906.82635
3785,0.008183201,752.3041,752.3041,593.4123
3786,0.008184747,377.25998,496.4476,377.25998
3787,0.008186271,337.93457,337.93457,567.32635
3788,0.00818783,454.77628,454.77628,638.0451
3789,0.008189424,421.34592,672.43353,421.34592
3790,0.008191052,3.9169374,3.9169374,427.1545
3791,0.00819269,-579.0737,-579.0737,187.17796
3792,0.008194322,-980.71265,-793.9884,-980.71265
3793,0.008196,-945.4626,-945.4626,-1769.6853
3794,0.008197672,-577.22546,-577.22546,-1385.3297
3795,0.008199309,-99.857185,-60.139404,-99.857185
3796,0.008200912,297.49832,297.49832,328.97482
3797,0.008202463,493.2088,493.2088,433.69748
3798,0.008204001,398.22482,367.34717,398.22482
3799,0.008205534,-20.287289,-20.287289,17.412342
3800,0.00820709,-542.5425,-542.5425,-776.33374
3801,0.008208648,-858.9196,-910.8895,-858.9196
3802,0.008210205,-757.7586,-757.7586,-379.57202
3803,0.00821179,-403.97562,-403.97562,307.34204
3804,0.008213357,-79.6853,-335.5664,-79.6853
3805,0.008214914,18.256153,18.256153,-779.2986
3806,0.008216447,-19.597477,-19.597477,-1011.9197
3807,0.00821797,-39.23609,19.524054,-39.23609
3808,0.008219498,70.054955,70.054955,668.72485
3809,0.008221048,269.9122,269.9122,485.0881
3810,0.00822266,483.68182,375.14243,483.68182
3811,0.008224268,630.57733,630.57733,281.88498
3812,0.008225775,712.7894,712.7894,677.51776
3813,0.008227207,760.76385,519.2331,760.76385
3814,0.008228621,794.8406,794.8406,465.58026
3815,0.008230061,821.6136,821.6136,900.2131
3816,0.008231572,844.58026,891.61676,844.58026
3817,0.008233071,846.07745,846.07745,427.424
3818,0.008234547,734.6862,734.6862,150.34984
3819,0.008236073,384.93967,421.11954,384.93967
3820,0.008237671,-271.48938,-271.48938,527.02167
3821,0.008239279,-888.57635,-888.57635,116.377174
3822,0.008240885,-1020.40796,-1014.61664,-1020.40796
3823,0.008242466,-423.32162,-423.32162,-1111.5134
3824,0.008244057,446.6045,446.6045,155.20921
3825,0.008245704,949.5256,910.232,949.5256
3826,0.008247378,568.62177,568.62177,278.62717
3827,0.008249018,-205.92114,-205.92114,-542.1072
3828,0.008250641,-680.361,-556.42975,-680.361
3829,0.008252283,-401.5976,-401.5976,285.66232
3830,0.008253913,208.73633,208.73633,491.17795
3831,0.008255518,514.7248,756.415,514.7248
3832,0.008257083,133.70728,133.70728,1091.0568
3833,0.008258665,-564.15515,-564.15515,672.81464
3834,0.00826025,-1011.7126,-992.4763,-1011.7126
3835,0.008261828,-819.23627,-819.23627,-2181.9822
3836,0.008263402,-315.20746,-315.20746,-1708.3416
3837,0.008264939,0.62328047,8.6371,0.62328047
3838,0.008266442,-160.52577,-160.52577,386.6428
3839,0.008267921,-481.77716,-481.77716,-153.65015
3840,0.008269428,-529.6501,-425.36652,-529.6501
3841,0.008270962,7.680659,7.680659,180.60373
3842,0.008272506,774.0775,774.0775,1442.5491
3843,0.008274058,1223.9591,1362.7833,1223.9591
3844,0.008275649,976.1664,976.1664,103.541245
3845,0.00827721,438.65497,438.65497,-600.40405
3846,0.008278742,196.04515,-239.40714,196.04515
3847,0.008280301,609.6332,609.6332,1399.76
3848,0.008281898,1266.3081,1266.3081,1540.8772
3849,0.008283461,1483.1077,1436.1228,1483.1077
3850,0.008284959,862.0129,862.0129,1507.7169
3851,0.008286427,-284.81927,-284.81927,281.0178
3852,0.008287897,-1558.4625,-778.7408,-1558.4625
3853,0.008289405,-2596.9463,-2596.9463,-3023.4585
3854,0.008290907,-3065.4849,-3065.4849,-3131.701
3855,0.008292378,-2716.142,-2780.6338,-2716.142
3856,0.008293809,-1528.0841,-1528.0841,-1425.0055
3857,0.008295242,-81.23071,-81.23071,165.69748
3858,0.008296723,892.8732,796.7457,892.8732
3859,0.008298253,744.3756,744.3756,562.6818
3860,0.008299784,-151.1586,-151.1586,-73.09156
3861,0.008301337,-1115.7087,-757.49146,-1115.7087
3862,0.008302894,-1584.91,-1584.91,-2034.0758
3863,0.008304459,-1654.054,-1654.054,-2181.8726
3864,0.008306026,-1586.0875,-1412.1067,-1586.0875
3865,0.008307599,-1569.9762,-1569.9762,-1676.9938
3866,0.008309155,-1481.4758,-1481.4758,-890.1032
3867,0.008310664,-1137.4664,-1186.1887,-1137.4664
3868,0.008312179,-447.1469,-447.1469,-990.9821
3869,0.008313701,296.16718,296.16718,-383.25952
3870,0.0083152,691.6662,568.95636,691.6662
3871,0.008316705,496.0012,496.0012,1339.7052
3872,0.008318236,-51.233826,-51.233826,282.78342
3873,0.008319818,-563.83374,-482.65945,-563.83374
3874,0.00832134,-690.6113,-690.6113,-621.1111
3875,0.008322822,-521.7468,-521.7468,-253.61499
3876,0.008324292,-207.22437,-528.1679,-207.22437
3877,0.008325747,120.31653,120.31653,-133.95093
3878,0.008327193,357.5702,357.5702,-230.27124
3879,0.008328659,407.6545,210.7395,407.6545
3880,0.00833017,205.83807,205.83807,775.01776
3881,0.008331683,-91.88468,-91.88468,313.6389
3882,0.008333215,-268.9939,-434.68018,-268.9939
3883,0.008334695,-177.09785,-177.09785,-629.34155
3884,0.008336138,39.91528,39.91528,-294.6228
3885,0.008337631,202.42015,107.75551,202.42015
3886,0.008339192,171.70656,171.70656,637.6389
3887,0.008340788,119.70752,119.70752,532.20526
3888,0.008342398,330.6545,274.5449,330.6545
3889,0.008343983,943.97754,943.97754,866.5959
3890,0.008345519,1555.5398,1555.5398,1743.6077
3891,0.008347066,1700.7091,1826.6987,1700.7091
3892,0.008348647,1049.7441,1049.7441,707.4631
3893,0.008350254,28.249063,28.249063,-199.3103
3894,0.008351813,-671.03687,-294.4862,-671.03687
3895,0.008353334,-650.7673,-650.7673,-20.044687
3896,0.008354895,-209.05263,-209.05263,629.9318
3897,0.008356511,171.59982,156.12651,171.59982
3898,0.00835814,67.55374,67.55374,-993.11884
3899,0.008359779,-368.9747,-368.9747,-1364.7673
3900,0.008361413,-827.9157,-610.8581,-827.9157
3901,0.008363044,-1056.8663,-1056.8663,-802.84546
3902,0.008364666,-1020.2781,-1020.2781,-1085.0289
3903,0.008366236,-748.9353,-810.8243,-748.9353
3904,0.008367772,-295.5703,-295.5703,-82.400154
3905,0.008369311,217.53882,217.53882,156.79124
3906,0.008370821,633.2561,719.56537,633.2561
3907,0.008372329,841.4163,841.4163,909.9318
3908,0.008373872,808.54785,808.54785,760.7912
3909,0.008375457,506.4865,470.1727,506.4865
3910,0.008377044,-28.701773,-28.701773,414.93576
3911,0.008378588,-547.9926,-547.9926,267.59982
3912,0.008380097,-798.9782,-773.31604,-798.9782
3913,0.008381593,-641.5619,-641.5619,-1763.8219
3914,0.008383079,-283.1143,-283.1143,-1307.74
3915,0.008384555,-8.618906,-2.3782356,-8.618906
3916,0.00838606,-20.363686,-20.363686,294.34204
3917,0.008387636,-226.3251,-226.3251,-124.767334
3918,0.008389259,-417.92358,-239.02231,-417.92358
3919,0.008390894,-427.74124,-427.74124,140.11156
3920,0.008392548,-398.86856,-398.86856,204.31078
3921,0.008394171,-554.1033,-232.00633,-554.1033
3922,0.008395721,-972.0939,-972.0939,-1170.1033
3923,0.008397208,-1328.7603,-1328.7603,-928.2087
3924,0.008398669,-1274.2086,-1257.7218,-1274.2086
3925,0.008400131,-606.1323,-606.1323,-1589.4626
3926,0.008401619,336.63226,336.63226,-652.4626
3927,0.008403093,1021.01385,629.971,1021.01385
3928,0.008404592,1088.2745,1088.2745,2032.506
3929,0.008406143,733.2094,733.2094,1471.9357
3930,0.008407746,350.48654,417.6946,350.48654
3931,0.008409346,278.53906,278.53906,-311.22827
3932,0.008410917,335.36438,335.36438,-496.88843
3933,0.008412493,223.75218,344.76218,223.75218
3934,0.00841411,-265.08084,-265.08084,302.24048
3935,0.008415757,-911.36206,-911.36206,-49.907967
3936,0.008417402,-1348.6033,-1178.1168,-1348.6033
3937,0.008418984,-1324.7144,-1324.7144,-1914.3414
3938,0.008420547,-982.0519,-982.0519,-1585.9197
3939,0.008422107,-517.71655,-247.4732,-517.71655
3940,0.008423637,-95.73871,-95.73871,279.43185
3941,0.008425195,286.76273,286.76273,373.8186
3942,0.008426818,659.2834,716.36523,659.2834
3943,0.008428407,1005.197,1005.197,1005.68964
3944,0.008429957,1262.6943,1262.6943,1225.0294
3945,0.008431483,1363.6779,1205.5677,1363.6779
3946,0.008433024,1272.737,1272.737,1440.1936
3947,0.008434576,1090.1653,1090.1653,1265.885
3948,0.008436048,961.51776,646.2127,961.51776
3949,0.008437534,978.2953,978.2953,1038.924
3950,0.008439009,1149.9764,1149.9764,1167.4319
3951,0.008440461,1457.1038,1477.4766,1457.1038
3952,0.00844191,1843.9143,1843.9143,1769.7638
3953,0.008443366,2079.8093,2079.8093,1840.7286
3954,0.008444828,1881.6779,1885.4279,1881.6779
3955,0.008446318,1081.0908,1081.0908,1444.2443
3956,0.008447845,65.9282,65.9282,366.35764
3957,0.008449358,-552.99,-562.4692,-552.99
3958,0.008450868,-420.1635,-420.1635,-665.1931
3959,0.008452385,-24.506172,-24.506172,-292.4431
3960,0.008453859,-62.09156,232.82715,-62.09156
3961,0.0084553,-919.59564,-919.59564,-330.23608
3962,0.008456732,-2125.832,-2125.832,-1672.8375
3963,0.008458185,-3032.6501,-2745.7095,-3032.6501
3964,0.008459678,-3092.742,-3092.742,-2420.6384
3965,0.008461227,-2397.0457,-2397.0457,-1536.9391
3966,0.008462784,-1297.0914,-1097.6882,-1297.0914
3967,0.008464372,-133.03589,-133.03589,-509.54468
3968,0.008465976,806.48663,806.48663,864.37714
3969,0.008467564,1249.8655,1162.1366,1249.8655
3970,0.008469122,1066.0027,1066.0027,342.00998
3971,0.00847069,501.69662,501.69662,-86.76734
3972,0.008472302,-119.6814,-55.729027,-119.6814
3973,0.008473937,-489.22476,-489.22476,-322.60327
3974,0.008475532,-568.26575,-568.26575,-875.4626
3975,0.008477108,-410.08765,-299.78714,-410.08765
3976,0.008478652,-75.91333,-75.91333,-98.84156
3977,0.008480186,329.85757,329.85757,100.83812
3978,0.008481693,689.1818,613.78455,689.1818
3979,0.008483203,927.706,927.706,928.39276
3980,0.008484772,1074.8757,1074.8757,831.95135
3981,0.008486375,1180.1779,1005.3003,1180.1779
3982,0.008487927,1267.5597,1267.5597,841.72876
3983,0.008489456,1248.0441,1248.0441,1159.0568
3984,0.008490996,1000.95135,1178.3976,1000.95135
3985,0.008492542,469.75745,469.75745,-21.939219
3986,0.008494072,-118.31316,-118.31316,-347.9392
3987,0.008495619,-487.92355,-499.65488,-487.92355
3988,0.008497198,-427.087,-427.087,189.33421
3989,0.008498795,-91.59946,-91.59946,603.70917
3990,0.008500339,235.7717,327.11465,235.7717
3991,0.008501902,379.60147,379.60147,-90.00172
3992,0.008503512,416.1821,416.1821,-403.56808
3993,0.008505137,500.89276,665.96954,500.89276
3994,0.00850675,750.4071,750.4071,1858.4552
3995,0.008508351,1098.1543,1098.1543,2211.9553
3996,0.008509937,1435.5569,1249.7086,1435.5569
3997,0.008511548,1672.5282,1672.5282,563.1857
3998,0.008513182,1738.012,1738.012,974.9006
3999,0.008514834,1565.8341,1408.5208,1565.8341
4000,0.008516526,1114.6702,1114.6702,837.2951
4001,0.008518185,515.7291,515.7291,-206.11499
4002,0.008519826,-85.71265,23.480925,-85.71265
4003,0.008521437,-569.8546,-569.8546,73.935776
4004,0.008523014,-916.71313,-916.71313,-589.3572
4005,0.008524594,-1134.6735,-879.17267,-1134.6735
4006,0.008526198,-1214.4567,-1214.4567,-1695.5406
4007,0.008527812,-1120.5654,-1120.5654,-1640.9509
4008,0.008529464,-806.1189,-798.20184,-806.1189
4009,0.008531129,-261.54092,-261.54092,627.3381
4010,0.008532757,363.92456,363.92456,1314.549
4011,0.008534314,901.9904,1001.5016,901.9904
4012,0.008535853,1261.5139,1261.5139,208.19359
4013,0.008537395,1427.6218,1427.6218,588.9123
4014,0.008538922,1400.9982,1212.433,1400.9982
4015,0.00854049,1197.6902,1197.6902,1510.4358
4016,0.008542147,909.0094,909.0094,1447.463
4017,0.008543858,690.8654,332.47324,690.8654
4018,0.008545593,658.648,658.648,335.13498
4019,0.00854734,666.3174,666.3174,590.4357
4020,0.008549059,500.67795,418.83563,500.67795
4021,0.00855073,50.51224,50.51224,-227.8103
4022,0.008552356,-488.2766,-488.2766,-712.0798
4023,0.008554015,-891.27515,-639.5634,-891.27515
4024,0.008555666,-956.80084,-956.80084,-1190.3416
4025,0.008557267,-749.9726,-749.9726,-652.572
4026,0.008558867,-381.70874,-379.6281,-381.70874
4027,0.008560451,39.68309,39.68309,-573.63837
4028,0.008562048,415.12833,415.12833,702.5295
4029,0.008563675,634.9279,702.3337,634.9279
4030,0.00856531,609.8492,609.8492,-521.9197
4031,0.008566936,394.87457,394.87457,-284.1189
4032,0.008568553,80.19359,298.4846,80.19359
4033,0.008570145,-241.57065,-241.57065,271.49435
4034,0.008571737,-480.8849,-480.8849,42.85375
4035,0.008573295,-542.82983,-301.14783,-542.82983
4036,0.008574837,-388.0212,-388.0212,-717.8259
4037,0.008576383,-133.82524,-133.82524,-657.38446
4038,0.008577877,57.377186,-33.4437,57.377186
4039,0.008579358,98.134964,98.134964,664.97485
4040,0.008580917,83.064835,83.064835,801.799
4041,0.008582563,178.3264,69.36172,178.3264
4042,0.008584221,503.5805,503.5805,-64.82984
4043,0.008585917,882.7323,882.7323,535.4514
4044,0.008587574,1035.295,726.32227,1035.295
4045,0.008589212,806.2651,806.2651,387.1428
4046,0.008590844,383.85706,383.85706,-128.26343
4047,0.008592466,35.994373,11.4314375,35.994373
4048,0.008594078,-56.732327,-56.732327,459.9709
4049,0.008595685,-27.483702,-27.483702,392.7717
4050,0.008597289,-82.66578,23.402102,-82.66578
4051,0.008598894,-343.99933,-343.99933,64.48656
4052,0.008600461,-595.55536,-595.55536,-425.75168
4053,0.008602007,-569.59155,-542.5894,-569.59155
4054,0.008603557,-121.128136,-121.128136,-430.8767
4055,0.008605123,432.89572,432.89572,-106.41968
4056,0.008606713,634.50995,593.7379,634.50995
4057,0.008608365,146.32286,146.32286,747.01776
4058,0.008610055,-626.55237,-626.55237,-38.900154
4059,0.008611741,-1003.2946,-942.1076,-1003.2946
4060,0.008613384,-555.29535,-555.29535,-1265.7751
4061,0.008615008,281.58133,281.58133,-435.79077
4062,0.008616621,911.64667,795.6485,911.64667
4063,0.008618214,923.7839,923.7839,550.0959
4064,0.00861981,550.7633,550.7633,14.240467
4065,0.008621433,170.06078,130.15118,170.06078
4066,0.008623036,74.625786,74.625786,-97.950935
4067,0.008624656,101.90765,101.90765,-666.52515
4068,0.008626259,-16.947031,-59.040234,-16.947031
4069,0.008627826,-439.33795,-439.33795,27.631092
4070,0.008629389,-962.30597,-962.30597,-600.5017
4071,0.008630952,-1296.9275,-1298.6726,-1296.9275
4072,0.008632486,-1244.3383,-1244.3383,-1249.6617
4073,0.008634054,-941.98425,-941.98425,-1238.3337
4074,0.008635675,-611.22046,-224.32668,-611.22046
4075,0.008637282,-432.86246,-432.86246,139.84593
4076,0.008638884,-241.10179,-241.10179,286.4045
4077,0.008640468,201.60373,-242.15704,201.60373
4078,0.008642048,1014.2338,1014.2338,817.9982
4079,0.008643596,1840.0176,1840.0176,1963.256
4080,0.008645166,2261.748,2013.8883,2261.748
4081,0.008646754,1939.1404,1939.1404,1624.006
4082,0.008648296,1099.0425,1099.0425,481.27948
4083,0.008649822,64.5139,536.8439,64.5139
4084,0.008651378,-902.3299,-902.3299,202.1428
4085,0.008652939,-1549.7478,-1549.7478,-367.72824
4086,0.008654514,-1653.4352,-1748.6354,-1653.4352
4087,0.00865614,-1071.708,-1071.708,-1891.3453
4088,0.008657722,-206.56322,-206.56322,-981.25946
4089,0.008659301,469.4045,609.77344,469.4045
4090,0.008660863,617.284,617.284,415.20135
4091,0.008662416,440.26938,440.26938,-181.34937
4092,0.00866395,259.6506,242.44928,259.6506
4093,0.00866549,306.75064,306.75064,1045.6075
4094,0.008667045,516.467,516.467,1262.3186
4095,0.008668613,742.8811,783.98395,742.8811
4096,0.008670252,859.7595,859.7595,581.68964
4097,0.008671894,825.5316,825.5316,696.50214
4098,0.008673508,642.63885,780.101,642.63885
4099,0.008675111,318.73648,318.73648,191.29904
4100,0.008676684,-110.45143,-110.45143,-390.6462
4101,0.008678293,-630.64624,-472.34875,-630.64624
4102,0.008679868,-1166.2366,-1166.2366,-695.2322
4103,0.008681418,-1585.5796,-1585.5796,-1210.3455
4104,0.00868302,-1745.8727,-1500.4211,-1745.8727
4105,0.008684665,-1534.9502,-1534.9502,-1730.6735
4106,0.008686326,-1191.1427,-1191.1427,-1321.9666
4107,0.008687995,-1061.1228,-690.89777,-1061.1228
4108,0.008689643,-1370.6458,-1370.6458,-1847.5289
4109,0.008691288,-1871.2672,-1871.2672,-2252.2632
4110,0.008692938,-2205.3062,-1623.0013,-2205.3062
4111,0.008694608,-2099.1184,-2099.1184,-1721.7789
4112,0.008696261,-1659.5966,-1659.5966,-1476.8688
4113,0.008697894,-1092.4039,-962.76654,-1092.4039
4114,0.008699519,-537.2715,-537.2715,107.74437
4115,0.008701153,68.97701,68.97701,663.7248
4116,0.008702794,834.50214,465.2668,834.50214
4117,0.008704398,1752.7554,1752.7554,905.2912
4118,0.00870602,2516.1335,2516.1335,2057.1543
4119,0.008707598,2692.9902,2491.0056,2692.9902
4120,0.008709068,2144.1953,2144.1953,2140.5217
4121,0.008710533,1283.1107,1283.1107,869.924
4122,0.008712074,599.19745,539.31067,599.19745
4123,0.008713723,559.77435,559.77435,897.8381
4124,0.008715364,847.62,847.62,957.58417
4125,0.008716962,877.092,967.795,877.092
4126,0.008718535,288.41376,288.41376,725.0998
4127,0.008720075,-618.1721,-618.1721,-69.91577
4128,0.00872159,-1429.0212,-1005.3927,-1429.0212
4129,0.008723079,-1854.6583,-1854.6583,-2390.3806
4130,0.008724557,-1973.0739,-1973.0739,-2367.9585
4131,0.00872604,-1934.2009,-1542.8977,-1934.2009
4132,0.008727554,-1835.7784,-1835.7784,-1747.5406
4133,0.008729119,-1579.8782,-1579.8782,-1858.0758
4134,0.008730755,-986.4079,-1044.1554,-986.4079
4135,0.008732441,22.75606,22.75606,17.54906
4136,0.008734144,994.1746,994.1746,1387.7872
4137,0.008735832,1327.8341,1445.5868,1327.8341
4138,0.008737452,745.1286,745.1286,1065.7405
4139,0.008739003,-85.467865,-85.467865,512.9709
4140,0.008740518,-444.99387,-778.18335,-444.99387
4141,0.008742019,90.59832,90.59832,-615.3181
4142,0.008743522,1065.9161,1065.9161,510.13107
4143,0.008745059,1814.3419,1904.5902,1814.3419
4144,0.008746653,1769.9349,1769.9349,1640.9983
4145,0.008748281,1133.7277,1133.7277,1143.0958
4146,0.008749928,386.11154,399.43988,386.11154
4147,0.008751616,-61.400265,-61.400265,31.556871
4148,0.00875333,-178.28256,-178.28256,93.17796
4149,0.008755009,-60.939217,62.31889,-60.939217
4150,0.008756641,166.96794,166.96794,-627.63055
4151,0.008758255,345.72864,345.72864,-177.03296
4152,0.008759872,309.35764,174.35432,309.35764
4153,0.008761499,-36.46736,-36.46736,924.43176
4154,0.008763142,-473.13437,-473.13437,322.56076
4155,0.008764779,-687.81024,-486.2208,-687.81024
4156,0.008766416,-465.90927,-465.90927,-319.85327
4157,0.008768072,50.379677,50.379677,684.799
4158,0.008769733,614.0608,816.945,614.0608
4159,0.00877142,1011.37866,1011.37866,-652.78687
4160,0.008773029,1148.8047,1148.8047,-411.36108
4161,0.008774592,1015.6662,1179.231,1015.6662
4162,0.008776179,628.1864,628.1864,992.95135
4163,0.008777785,226.45105,226.45105,-301.28293
4164,0.008779364,122.947495,142.3796,122.947495
4165,0.0087809,479.4489,479.4489,1399.5647
4166,0.008782412,1035.2002,1035.2002,2053.2874
4167,0.00878392,1460.3381,1274.0721,1460.3381
4168,0.008785458,1489.3473,1489.3473,635.3381
4169,0.008787015,1102.9242,1102.9242,166.98264
4170,0.008788578,364.98267,784.0227,364.98267
4171,0.008790164,-623.66675,-623.66675,-355.34546
4172,0.008791775,-1565.1566,-1565.1566,-1885.7164
4173,0.008793388,-2081.642,-2060.733,-2081.642
4174,0.008794969,-1944.4753,-1944.4753,-1420.982
4175,0.008796537,-1441.8141,-1441.8141,-510.97437
4176,0.008798087,-959.9079,-667.8595,-959.9079
4177,0.008799626,-772.35535,-772.35535,-1212.5251
4178,0.008801193,-795.3176,-795.3176,-720.97046
4179,0.008802809,-856.904,-637.83734,-856.904
4180,0.008804392,-797.0259,-797.0259,-750.365
4181,0.008805973,-580.50116,-580.50116,-396.5095
4182,0.008807587,-190.01343,-401.12982,-190.01343
4183,0.008809223,352.87708,352.87708,258.1428
4184,0.008810847,869.98315,869.98315,693.674
4185,0.008812476,1163.0529,974.86884,1163.0529
4186,0.008814079,1092.473,1092.473,1075.8575
4187,0.00881566,773.9243,773.9243,723.5295
4188,0.008817257,360.99826,431.18527,360.99826
4189,0.008818907,0.42461252,0.42461252,-32.89234
4190,0.008820503,-157.1043,-157.1043,-200.95874
4191,0.008822063,-16.130625,232.75575,-16.130625
4192,0.008823615,468.72336,468.72336,591.092
4193,0.008825161,1134.3412,1134.3412,1309.8811
4194,0.008826741,1782.635,1376.5608,1782.635
4195,0.008828347,2203.7869,2203.7869,1981.7404
4196,0.008829894,2284.3245,2284.3245,2281.998
4197,0.008831454,1968.9279,1806.4149,1968.9279
4198,0.008833024,1249.7955,1249.7955,1043.8888
4199,0.008834601,421.31598,421.31598,109.342026
4200,0.008836181,-138.22046,50.852345,-138.22046
4201,0.008837817,-161.97336,-161.97336,364.18967
4202,0.008839502,141.37071,141.37071,957.75214
4203,0.008841175,367.34982,356.8875,367.34982
4204,0.00884283,226.39703,226.39703,-499.9275
4205,0.00884449,-135.44458,-135.44458,-951.78687
4206,0.008846134,-463.0603,-401.0347,-463.0603
4207,0.008847724,-570.6054,-570.6054,-553.6931
4208,0.008849284,-509.61298,-509.61298,-899.6774
4209,0.008850842,-368.02515,-375.41428,-368.02515
4210,0.008852394,-213.92963,-213.92963,784.2834
4211,0.008853979,-47.469254,-47.469254,1437.5607
4212,0.008855622,147.6506,155.31496,147.6506
4213,0.008857293,361.3477,361.3477,-313.28293
4214,0.008858933,493.28342,493.28342,465.72482
4215,0.008860516,442.00607,467.06427,442.00607
4216,0.008862095,154.92583,154.92583,384.90842
4217,0.008863688,-270.56253,-270.56253,-177.02124
4218,0.008865268,-684.7868,-511.17972,-684.7868
4219,0.00886683,-974.0073,-974.0073,-749.68524
4220,0.008868408,-1139.6649,-1139.6649,-1258.4744
4221,0.008869994,-1200.5525,-1007.5545,-1200.5525
4222,0.008871547,-1157.5944,-1157.5944,-462.8181
4223,0.008873109,-923.16077,-923.16077,122.7014
4224,0.008874704,-370.19702,-522.719,-370.19702
4225,0.008876326,531.75195,531.75195,172.52951
4226,0.008877978,1378.0483,1378.0483,1099.1193
4227,0.008879601,1613.0021,1312.6951,1613.0021
4228,0.008881235,950.5978,950.5978,1014.4631
4229,0.008882861,-9.519863,-9.519863,161.7053
4230,0.008884403,-457.7478,-633.1406,-457.7478
4231,0.008885907,-0.833191,-0.833191,-222.64233
4232,0.008887415,916.3916,916.3916,1006.9279
4233,0.008888995,1665.7482,1251.3462,1665.7482
4234,0.008890626,1644.2695,1644.2695,1261.8147
4235,0.008892275,1041.4918,1041.4918,440.13107
4236,0.008893915,309.9631,466.6758,309.9631
4237,0.008895552,-209.27736,-209.27736,283.3264
4238,0.008897176,-587.18463,-587.18463,-474.28683
4239,0.008898799,-1000.2321,-662.8001,-1000.2321
4240,0.008900416,-1542.8943,-1542.8943,-1069.158
4241,0.008902021,-2012.249,-2012.249,-1179.197
4242,0.008903586,-2145.115,-1857.6353,-2145.115
4243,0.008905155,-1786.1494,-1786.1494,-2125.533
4244,0.00890673,-1095.6257,-1095.6257,-1327.2634
4245,0.0089083,-326.4392,-598.1491,-326.4392
4246,0.008909857,298.93106,298.93106,888.6584
4247,0.0089114,678.69037,678.69037,1618.5138
4248,0.008912912,744.81464,947.8406,744.81464
4249,0.008914401,480.52203,480.52203,-655.21655
4250,0.008915904,2.2075768,2.2075768,-956.9821
4251,0.008917449,-543.5134,-318.96692,-543.5134
4252,0.008918979,-969.9015,-969.9015,-553.8884
4253,0.008920488,-1118.4434,-1118.4434,-502.53687
4254,0.008922006,-835.9235,-644.98755,-835.9235
4255,0.008923571,-36.04331,-36.04331,-406.32202
4256,0.008925166,902.7378,902.7378,404.3264
4257,0.008926732,1430.4474,1377.8503,1430.4474
4258,0.008928275,1218.4009,1218.4009,1130.053
4259,0.008929837,517.7275,517.7275,407.6428
4260,0.008931438,-279.6853,-153.96602,-279.6853
4261,0.008933044,-802.9391,-802.9391,-462.49387
4262,0.00893465,-1023.3921,-1023.3921,-479.6384
4263,0.008936238,-1000.5134,-907.2333,-1000.5134
4264,0.008937838,-800.3523,-800.3523,-606.447
4265,0.008939442,-518.9165,-518.9165,-492.43137
4266,0.008941041,-263.34546,-358.5644,-263.34546
4267,0.008942655,-95.66801,-95.66801,5.59203
4268,0.008944354,96.4266,96.4266,234.8967
4269,0.008946062,473.11935,383.02673,473.11935
4270,0.008947697,1079.1987,1079.1987,1601.7716
4271,0.008949355,1657.6749,1657.6749,1764.8654
4272,0.008950969,1830.9982,1679.1079,1830.9982
4273,0.008952577,1395.705,1395.705,1183.2716
4274,0.008954174,620.7349,620.7349,419.0842
4275,0.008955781,-124.013435,28.229927,-124.013435
4276,0.008957426,-527.4659,-527.4659,-126.056404
4277,0.00895906,-537.5641,-537.5641,-57.880623
4278,0.008960682,-202.69312,-158.31726,-202.69312
4279,0.008962259,346.62396,346.62396,-12.8610935
4280,0.008963815,737.04553,737.04553,166.09203
4281,0.00896534,560.8381,706.72906,560.8381
4282,0.008966895,-408.11984,-408.11984,-53.880623
4283,0.008968506,-1640.6019,-1640.6019,-1021.57196
4284,0.008970158,-2260.474,-2014.6534,-2260.474
4285,0.008971814,-1624.7205,-1624.7205,-1130.8923
4286,0.008973424,-416.5216,-416.5216,565.78345
4287,0.00897501,468.88107,490.28625,468.88107
4288,0.0089766,448.55258,448.55258,-250.92358
4289,0.008978169,-59.09184,-59.09184,-611.3103
4290,0.008979759,-406.52515,-554.06573,-406.52515
4291,0.008981338,-113.40976,-113.40976,-729.9782
4292,0.008982862,520.54553,520.54553,-96.1814
4293,0.008984356,1075.4747,920.134,1075.4747
4294,0.008985895,1266.0226,1266.0226,1506.7911
4295,0.00898749,1139.0353,1139.0353,1197.3341
4296,0.008989106,869.7482,822.1188,869.7482
4297,0.008990754,612.6891,612.6891,940.44745
4298,0.008992415,360.5651,360.5651,767.9709
4299,0.008994059,63.3225,-41.633038,63.3225
4300,0.00899566,-278.36298,-278.36298,-631.4939
4301,0.008997245,-495.09937,-495.09937,-686.4001
4302,0.00899883,-376.16574,-509.04053,-376.16574
4303,0.009000404,182.8047,182.8047,-347.9392
4304,0.009001968,873.6706,873.6706,-50.84156
4305,0.009003514,1298.2872,1237.9812,1298.2872
4306,0.009005001,1220.366,1220.366,1906.8849
4307,0.009006496,898.569,898.569,1303.3967
4308,0.009008039,689.9006,764.54706,689.9006
4309,0.009009586,880.94275,880.94275,804.75214
4310,0.009011186,1295.0275,1295.0275,1116.795
4311,0.009012797,1592.0333,1767.3977,1592.0333
4312,0.009014404,1524.3104,1524.3104,1364.0607
4313,0.009015997,1261.2083,1261.2083,872.1154
4314,0.009017617,1063.9514,890.81006,1063.9514
4315,0.009019242,1154.0215,1154.0215,1309.0021
4316,0.009020875,1520.8623,1520.8623,1665.1584
4317,0.009022497,2087.3733,1314.6815,2087.3733
4318,0.009024116,2712.777,2712.777,2425.0254
4319,0.009025734,2979.6917,2979.6917,2734.9512
4320,0.009027336,2413.1194,2735.4478,2413.1194
4321,0.00902892,845.0322,845.0322,851.6076
4322,0.009030505,-836.2968,-836.2968,-749.75165
4323,0.009032059,-1473.6423,-1491.615,-1473.6423
4324,0.009033661,-369.8088,-369.8088,-764.87274
4325,0.009035288,1479.4899,1479.4899,989.6193
4326,0.009036879,2481.3262,3002.4792,2481.3262
4327,0.009038476,1661.8655,1661.8655,1806.3888
4328,0.009040036,-30.74591,-30.74591,88.5764
4329,0.009041523,-1261.6423,-1453.6722,-1261.6423
4330,0.009042979,-1308.2461,-1308.2461,-1895.0992
4331,0.009044475,-658.3295,-658.3295,-1203.8375
4332,0.009046088,-129.57593,251.69025,-129.57593
4333,0.009047742,-534.7983,-534.7983,-1327.9431
4334,0.009049374,-1415.3206,-1415.3206,-2550.1775
4335,0.009050951,-2004.4899,-1989.2489,-2004.4899
4336,0.009052483,-1852.767,-1852.767,-121.31421
4337,0.009054026,-1244.6538,-1244.6538,938.9279
4338,0.009055576,-630.26733,-559.4746,-630.26733
4339,0.009057163,-354.68356,-354.68356,-1201.8962
4340,0.009058794,-315.07874,-315.07874,-1545.3883
4341,0.009060412,-263.47046,-351.8019,-263.47046
4342,0.009062023,-41.062042,-41.062042,-326.16965
4343,0.009063586,123.68984,123.68984,-348.16574
4344,0.009065159,-63.200935,312.15335,-63.200935
4345,0.009066766,-783.63165,-783.63165,-314.16577
4346,0.009068406,-1631.8143,-1631.8143,-893.2946
4347,0.009070033,-1993.5406,-1793.5967,-1993.5406
4348,0.009071612,-1525.3629,-1525.3629,-1831.4705
4349,0.009073175,-708.9037,-708.9037,-1095.029
4350,0.009074762,-172.98218,-235.46585,-172.98218
4351,0.009076395,-394.22952,-394.22952,-791.6189
4352,0.009078023,-966.8472,-966.8472,-1362.6619
4353,0.009079619,-1241.0758,-1231.0344,-1241.0758
4354,0.009081136,-836.7942,-836.7942,-273.57983
4355,0.009082632,-71.542725,-71.542725,392.66623
4356,0.009084157,641.70526,634.7931,641.70526
4357,0.009085726,947.69037,947.69037,165.47874
4358,0.009087301,898.35675,898.35675,337.7053
4359,0.009088886,681.70526,817.43567,681.70526
4360,0.009090497,462.5075,462.5075,1213.6622
4361,0.009092126,306.89294,306.89294,1155.9396
4362,0.009093737,255.23264,285.9349,255.23264
4363,0.009095329,321.0306,321.0306,-241.00562
4364,0.009096954,446.0784,446.0784,124.36156
4365,0.009098601,547.52167,620.8517,547.52167
4366,0.009100269,556.8148,556.8148,688.7248
4367,0.009101951,486.54095,486.54095,253.26389
4368,0.009103631,373.34592,710.99005,373.34592
4369,0.00910526,240.14984,240.14984,805.4279
4370,0.009106861,35.84619,35.84619,1095.3225
4371,0.009108456,-306.4353,-263.7258,-306.4353
4372,0.009110027,-792.91565,-792.91565,-1243.0798
4373,0.009111601,-1240.8961,-1240.8961,-1114.1266
4374,0.009113206,-1409.7946,-1402.8506,-1409.7946
4375,0.009114827,-1135.4873,-1135.4873,-1853.7633
4376,0.00911646,-681.9949,-681.9949,-1963.5328
4377,0.009118063,-435.46655,74.02108,-435.46655
4378,0.009119619,-593.51794,-593.51794,367.217
4379,0.009121103,-783.8433,-783.8433,-101.90797
4380,0.009122596,-572.08374,-509.91437,-572.08374
4381,0.009124151,349.3343,349.3343,-1007.1189
4382,0.009125735,1493.8657,1493.8657,-214.17358
4383,0.009127342,2103.037,2185.8252,2103.037
4384,0.009128997,1616.5684,1616.5684,3167.5295
4385,0.009130645,598.5712,598.5712,1534.0256
4386,0.009132223,-71.806404,-263.79065,-71.806404
4387,0.009133725,55.080845,55.080845,-78.60328
4388,0.009135191,487.73322,487.73322,705.3498
4389,0.009136665,609.5491,763.1693,609.5491
4390,0.009138213,-31.388685,-31.388685,-704.4978
4391,0.009139825,-973.24805,-973.24805,-2196.7205
4392,0.009141445,-1347.361,-1394.9915,-1347.361
4393,0.009143084,-566.33594,-566.33594,-77.275154
4394,0.009144736,726.9661,726.9661,1411.5685
4395,0.009146371,1530.4435,1723.9882,1530.4435
4396,0.009147992,1188.2849,1188.2849,781.178
4397,0.00914964,175.10358,175.10358,17.713123
4398,0.009151305,-712.8572,-651.04895,-712.8572
4399,0.00915296,-851.87506,-851.87506,61.611557
4400,0.009154583,-495.469,-495.469,64.60765
4401,0.009156208,-76.77906,-107.69837,-76.77906
4402,0.009157859,76.61263,76.61263,975.4357
4403,0.009159513,20.785866,20.785866,1390.1505
4404,0.009161142,-77.49781,-54.535843,-77.49781
4405,0.009162774,-112.178185,-112.178185,-1857.5955
4406,0.009164406,-190.16428,-190.16428,-1800.1306
4407,0.009166028,-469.2595,23.958376,-469.2595
4408,0.009167651,-1026.0675,-1026.0675,-20.868906
4409,0.009169284,-1613.032,-1613.032,-971.365
4410,0.009170887,-1888.947,-1903.4652,-1888.947
4411,0.009172446,-1657.7802,-1657.7802,-1527.0369
4412,0.009173994,-1102.1074,-1102.1074,-486.6892
4413,0.009175583,-458.23215,-250.36867,-458.23215
4414,0.009177205,37.172543,37.172543,-867.0251
4415,0.009178854,290.5173,290.5173,-779.63446
4416,0.009180498,249.7678,461.52457,249.7678
4417,0.009182104,-63.381706,-63.381706,891.7795
4418,0.009183694,-432.96954,-432.96954,309.74045
4419,0.009185258,-608.50555,-967.66724,-608.50555
4420,0.009186787,-440.1063,-440.1063,-624.5408
4421,0.009188357,-59.87067,-59.87067,-221.9353
4422,0.009189911,304.217,328.59738,304.217
4423,0.009191435,496.24158,496.24158,655.50995
4424,0.009192924,606.93085,606.93085,665.6857
4425,0.009194414,777.1116,661.0408,777.1116
4426,0.009195852,1043.156,1043.156,1205.9591
4427,0.009197265,1129.0461,1129.0461,967.95526
4428,0.009198728,665.3459,1066.0009,665.3459
4429,0.009200272,-647.69214,-647.69214,-162.65796
4430,0.009201856,-2273.2053,-2273.2053,-1421.5798
4431,0.009203399,-3339.4897,-2837.3389,-3339.4897
4432,0.009204907,-3351.9255,-3351.9255,-3847.611
4433,0.009206417,-2669.5002,-2669.5002,-2827.4626
4434,0.00920793,-1828.8492,-1234.695,-1828.8492
4435,0.00920946,-1234.7352,-1234.7352,-1859.6696
4436,0.009211009,-764.99304,-764.99304,-1974.4196
4437,0.009212579,-145.6189,-424.7874,-145.6189
4438,0.009214184,799.82245,799.82245,1401.2443
4439,0.009215805,1714.141,1714.141,2195.6387
4440,0.009217417,2090.3887,2148.0254,2090.3887
4441,0.009218959,1671.6589,1671.6589,2609.0762
4442,0.009220487,927.8399,927.8399,1889.4005
4443,0.009222048,443.88498,222.54233,443.88498
4444,0.009223618,640.1905,640.1905,150.1467
4445,0.009225197,1020.8651,1020.8651,489.3928
4446,0.009226742,859.57245,1021.1698,859.57245
4447,0.009228272,-255.14548,-255.14548,-270.3025
4448,0.009229811,-1738.8661,-1738.8661,-1451.9938
4449,0.009231353,-2730.2283,-2387.8118,-2730.2283
4450,0.009232864,-2637.115,-2637.115,-1967.3727
4451,0.009234386,-1907.775,-1907.775,-1275.982
4452,0.009235911,-1227.1696,-1056.1929,-1227.1696
4453,0.009237438,-1102.5072,-1102.5072,-1471.9547
4454,0.009238951,-1289.5828,-1289.5828,-1616.7867
4455,0.009240478,-1363.8572,-1385.0138,-1363.8572
4456,0.009241975,-1034.257,-1034.257,-280.34937
4457,0.00924346,-521.96234,-521.96234,303.86157
4458,0.009244955,-153.82983,-216.30905,-153.82983
4459,0.009246474,-181.99164,-181.99164,-204.3689
4460,0.009248018,-500.57626,-500.57626,-431.48605
4461,0.009249588,-893.0525,-930.8515,-893.0525
4462,0.009251188,-1152.0651,-1152.0651,-1310.5055
4463,0.009252771,-1180.397,-1180.397,-814.5251
4464,0.00925434,-928.57196,-878.3499,-928.57196
4465,0.009255907,-390.52438,-390.52438,-1676.1814
4466,0.009257481,256.67856,256.67856,-963.49774
4467,0.009259067,784.08026,731.81915,784.08026
4468,0.009260618,1006.6421,1006.6421,1489.2365
4469,0.009262211,981.4228,981.4228,1136.2834
4470,0.009263865,797.6741,636.46954,797.6741
4471,0.009265503,567.53046,567.53046,617.2717
4472,0.009267123,373.18112,373.18112,602.17017
4473,0.009268747,284.28732,298.9858,284.28732
4474,0.009270361,356.99365,356.99365,-95.79078
4475,0.009271966,580.8998,580.8998,200.99437
4476,0.009273549,927.1076,765.5784,927.1076
4477,0.009275154,1357.1428,1357.1428,1645.6232
4478,0.009276764,1719.0577,1719.0577,1947.1075
4479,0.009278345,1837.1349,2036.865,1837.1349
4480,0.009279933,1605.8323,1605.8323,1238.8811
4481,0.009281529,1129.9186,1129.9186,863.8107
4482,0.009283122,577.2483,608.35583,577.2483
4483,0.009284699,85.06138,85.06138,423.92014
4484,0.00928621,-330.86148,-330.86148,-52.31031
4485,0.009287713,-714.7907,-513.7735,-714.7907
4486,0.009289257,-1061.2755,-1061.2755,-893.63837
4487,0.009290866,-1171.6986,-1171.6986,-819.9822
4488,0.009292519,-753.37274,-784.70416,-753.37274
4489,0.00929415,296.18192,296.18192,-777.95087
4490,0.009295738,1420.1971,1420.1971,785.174
4491,0.009297256,1994.9514,1930.9857,1994.9514
4492,0.009298701,1722.8732,1722.8732,1641.5529
4493,0.009300127,941.67804,941.67804,825.9084
4494,0.009301555,70.04906,200.57889,70.04906
4495,0.009302996,-547.45624,-547.45624,-337.10324
4496,0.009304459,-843.3916,-843.3916,-578.24384
4497,0.009305929,-818.1697,-638.12866,-818.1697
4498,0.009307386,-509.30118,-509.30118,-197.09155
4499,0.009308848,-39.18274,-39.18274,307.93967
4500,0.009310366,462.0256,534.9105,462.0256
4501,0.009311915,849.77576,849.77576,279.40454
4502,0.009313471,1092.9325,1092.9325,712.9826
4503,0.009314997,1198.0099,1209.9064,1198.0099
4504,0.009316517,1186.7568,1186.7568,1498.8536
4505,0.009318033,1101.5178,1101.5178,1258.0608
4506,0.009319549,989.94745,1014.9067,989.94745
4507,0.009321073,886.93115,886.93115,1056.4474
4508,0.009322621,777.85345,777.85345,980.58026
4509,0.009324211,633.07635,671.95953,633.07635
4510,0.009325782,439.869,439.869,189.18576
4511,0.009327346,222.92728,222.92728,-395.4978
4512,0.009328942,13.025623,99.27777,13.025623
4513,0.009330559,-175.45966,-175.45966,454.35373
4514,0.009332166,-427.9992,-427.9992,144.74437
4515,0.00933375,-851.9743,-346.5074,-851.9743
4516,0.00933533,-1468.1265,-1468.1265,-1816.8258
4517,0.009336954,-1946.5187,-1946.5187,-1616.443
4518,0.009338589,-1804.3844,-1727.8868,-1804.3844
4519,0.009340153,-843.2886,-843.2886,-1475.7164
4520,0.00934167,328.8984,328.8984,-319.4353
4521,0.009343181,1034.795,1218.6421,1034.795
4522,0.009344715,823.2763,823.2763,1184.506
4523,0.009346309,186.97299,186.97299,735.64276
4524,0.009347893,-11.825937,-258.9404,-11.825937
4525,0.009349382,689.5458,689.5458,487.1623
4526,0.009350837,1582.0156,1582.0156,1808.4279
4527,0.009352312,1794.3732,2060.9153,1794.3732
4528,0.009353817,687.6067,687.6067,-236.70483
4529,0.009355376,-1109.9685,-1109.9685,-1992.3064
4530,0.009356933,-2429.1228,-2661.4548,-2429.1228
4531,0.00935852,-2423.4153,-2423.4153,-1524.7086
4532,0.00936012,-1482.3964,-1482.3964,-923.2282
4533,0.009361708,-388.54855,-230.75308,-388.54855
4534,0.009363321,264.5826,264.5826,162.25607
4535,0.009364929,494.13263,494.13263,735.5881
4536,0.009366538,503.66232,650.42993,503.66232
4537,0.009368149,457.44415,457.44415,1042.0333
4538,0.009369757,374.37454,374.37454,493.36545
4539,0.009371319,241.54904,20.615114,241.54904
4540,0.00937289,62.65044,62.65044,574.43964
4541,0.009374495,-64.09444,-64.09444,480.2756
4542,0.009376134,-0.9235944,15.854406,-0.9235944
4543,0.009377784,327.3147,327.3147,-273.8728
4544,0.009379398,699.82324,699.82324,54.22875
4545,0.009380965,855.07635,734.973,855.07635
4546,0.009382518,657.2712,657.2712,1194.1974
4547,0.009384091,327.03616,327.03616,869.092
4548,0.009385649,189.92015,112.43456,189.92015
4549,0.009387114,421.88397,421.88397,256.7053
4550,0.009388559,786.99603,786.99603,362.44748
4551,0.009390036,988.717,905.8277,988.717
4552,0.009391562,777.24396,777.24396,501.29514
4553,0.009393178,244.19693,244.19693,-31.177498
4554,0.009394748,-319.65402,-197.5116,-319.65402
4555,0.009396336,-716.7686,-716.7686,-464.60324
4556,0.00939798,-895.6089,-895.6089,-621.8454
4557,0.009399639,-832.4235,-930.2555,-832.4235
4558,0.009401278,-533.4766,-533.4766,-373.6853
4559,0.009402899,-41.467247,-41.467247,438.68964
4560,0.009404484,587.8576,597.7921,587.8576
4561,0.009406066,1273.4978,1273.4978,709.6623
4562,0.009407661,1733.6152,1733.6152,1216.42
4563,0.009409259,1619.3575,1703.8658,1619.3575
4564,0.009410821,774.0823,774.0823,294.54907
4565,0.009412429,-386.0243,-386.0243,-1349.2633
4566,0.009414053,-1201.0759,-977.7515,-1201.0759
4567,0.009415684,-1177.2032,-1177.2032,183.49435
4568,0.009417339,-573.3972,-573.3972,1148.0999
4569,0.009418944,112.8264,121.87155,112.8264
4570,0.00942052,512.9718,512.9718,-722.08765
4571,0.009422071,537.3172,537.3172,-448.78687
4572,0.009423607,160.06468,210.38232,160.06468
4573,0.009425164,-577.4456,-577.4456,-309.39624
4574,0.00942675,-1256.7783,-1256.7783,-1371.607
4575,0.009428337,-1319.2633,-1357.5311,-1319.2633
4576,0.009429934,-435.4028,-435.4028,337.0842
4577,0.009431547,811.93176,811.93176,1367.7677
4578,0.009433164,1565.5255,1855.8475,1565.5255
4579,0.009434798,1228.4045,1228.4045,1077.7716
4580,0.009436397,333.7567,333.7567,245.60764
4581,0.009437939,-344.5095,-207.05595,-344.5095
4582,0.009439493,-341.0305,-341.0305,-488.23605
4583,0.009441074,87.9975,87.9975,55.869373
4584,0.009442635,457.44748,714.3999,457.44748
4585,0.009444201,438.01923,438.01923,719.4006
4586,0.009445792,248.70178,248.70178,856.39667
4587,0.00944739,267.74826,212.12975,267.74826
4588,0.00944896,713.04425,713.04425,-491.40796
4589,0.009450537,1198.721,1198.721,119.35765
4590,0.009452088,1189.0216,1158.1716,1189.0216
4591,0.009453623,402.78595,402.78595,1399.1544
4592,0.009455143,-608.17456,-608.17456,-462.79855
4593,0.009456667,-1122.0056,-939.84546,-1122.0056
4594,0.009458212,-641.48773,-641.48773,-684.64624
4595,0.009459761,314.54117,314.54117,904.64667
4596,0.009461314,947.8107,1202.5974,947.8107
4597,0.009462902,671.7518,671.7518,-448.66574
4598,0.009464513,-152.12355,-152.12355,-1443.8259
4599,0.009466119,-850.96265,-1218.9528,-850.96265
4600,0.009467733,-916.2682,-916.2682,-85.31031
4601,0.009469354,-469.79544,-469.79544,13.963123
4602,0.009470969,193.8225,108.87514,193.8225
4603,0.009472572,807.31177,807.31177,466.56076
4604,0.009474131,1213.0432,1213.0432,1177.7249
4605,0.009475673,1312.0802,1429.3788,1312.0802
4606,0.009477213,1056.6434,1056.6434,1156.0841
4607,0.009478735,639.64124,639.64124,551.1272
4608,0.009480271,297.3264,281.5795,297.3264
4609,0.009481831,207.29927,207.29927,621.3655
4610,0.009483449,258.51285,258.51285,207.68185
4611,0.009485046,243.45921,112.281204,243.45921
4612,0.009486586,50.488586,50.488586,939.1115
4613,0.009488121,-106.03767,-106.03767,257.3889
4614,0.009489709,78.228745,218.03104,78.228745
4615,0.009491333,785.0758,785.0758,529.38885
4616,0.00949291,1464.5632,1464.5632,1089.3302
4617,0.00949444,1492.5529,1698.2972,1492.5529
4618,0.009495961,549.6184,549.6184,547.0686
4619,0.009497498,-750.1116,-750.1116,-882.02124
4620,0.009499067,-1511.7516,-1606.3793,-1511.7516
4621,0.009500667,-1055.0743,-1055.0743,-980.0524
4622,0.009502254,-22.800734,-22.800734,134.7053
4623,0.00950378,610.45135,880.63544,610.45135
4624,0.009505268,282.47095,282.47095,-52.157967
4625,0.00950678,-665.263,-665.263,-669.9197
4626,0.009508341,-1672.5642,-1341.0701,-1672.5642
4627,0.00950994,-2193.554,-2193.554,-2628.0134
4628,0.009511538,-2149.407,-2149.407,-2492.4233
4629,0.009513123,-1623.0563,-1813.069,-1623.0563
4630,0.009514715,-724.9082,-724.9082,54.385
4631,0.009516324,283.197,283.197,888.7209
4632,0.00951795,1079.717,823.12726,1079.717
4633,0.009519544,1400.6665,1400.6665,825.2131
4634,0.009521139,1323.815,1323.815,1069.7053
4635,0.009522742,979.87714,674.07355,979.87714
4636,0.00952434,491.65085,491.65085,701.092
4637,0.009525888,-56.656975,-56.656975,450.3342
4638,0.00952742,-624.4822,-354.68045,-624.4822
4639,0.009528996,-1153.5626,-1153.5626,-1406.7048
4640,0.009530623,-1419.346,-1419.346,-2138.9275
4641,0.009532247,-1138.4235,-1175.1877,-1138.4235
4642,0.009533877,-200.8419,-200.8419,321.92404
4643,0.00953553,876.4429,876.4429,1178.9944
4644,0.009537156,1366.2755,1420.5647,1366.2755
4645,0.009538733,880.6842,880.6842,1106.592
4646,0.009540303,-25.495584,-25.495584,-56.27515
4647,0.009541839,-604.2165,-811.3506,-604.2165
4648,0.009543332,-382.35873,-382.35873,-129.47437
4649,0.009544829,388.8882,388.8882,596.8342
4650,0.009546333,1306.799,1384.6993,1306.799
4651,0.009547838,2011.0598,2011.0598,1930.8341
4652,0.009549381,2365.8916,2365.8916,2131.1895
4653,0.009550927,2258.7207,2050.8374,2258.7207
4654,0.00955247,1673.5942,1673.5942,1944.6857
4655,0.009554052,871.3698,871.3698,1232.1505
4656,0.009555582,256.49435,309.03976,256.49435
4657,0.009557146,43.18831,43.18831,-514.4158
4658,0.009558749,59.289818,59.289818,-349.97824
4659,0.009560351,-8.615,42.733234,-8.615
4660,0.009561993,-399.00244,-399.00244,128.36156
4661,0.009563636,-935.40106,-935.40106,-619.64624
4662,0.009565264,-1332.2438,-1079.8872,-1332.2438
4663,0.009566899,-1369.2898,-1369.2898,-1608.4977
4664,0.009568536,-1024.5873,-1024.5873,-1250.3962
4665,0.009570158,-338.69702,-576.31647,-338.69702
4666,0.009571729,561.4074,561.4074,1223.9161
4667,0.009573287,1354.9517,1354.9517,2322.4749
4668,0.009574853,1665.3224,1856.9688,1665.3224
4669,0.009576425,1236.3092,1236.3092,436.37326
4670,0.009577964,400.417,400.417,-333.24387
4671,0.009579511,-418.03687,-151.31938,-418.03687
4672,0.009581099,-880.4681,-880.4681,-386.85718
4673,0.009582706,-999.8808,-999.8808,-660.7322
4674,0.009584314,-911.75946,-885.0485,-911.75946
4675,0.009585935,-761.2856,-761.2856,-858.3064
4676,0.009587565,-708.4815,-708.4815,-744.39624
4677,0.009589178,-914.861,-446.56824,-914.861
4678,0.009590801,-1441.9534,-1441.9534,-1402.693
4679,0.009592381,-1931.3904,-1931.3904,-1808.0953
4680,0.009593919,-1985.275,-1609.5654,-1985.275
4681,0.009595446,-1396.467,-1396.467,-1955.318
4682,0.009596989,-546.38086,-546.38086,-1342.4587
4683,0.009598541,6.18578,18.99157,6.18578
4684,0.009600085,-120.84104,-120.84104,580.178
4685,0.009601634,-559.00287,-559.00287,46.59203
4686,0.009603221,-750.1618,-981.443,-750.1618
4687,0.009604843,-269.88635,-269.88635,-320.91183
4688,0.009606471,475.85532,475.85532,407.61935
4689,0.009608069,850.89667,969.8082,850.89667
4690,0.009609679,471.07626,471.07626,-66.67359
4691,0.009611295,-218.53749,-218.53749,-813.6814
4692,0.009612881,-546.0095,-768.9759,-546.0095
4693,0.00961444,-93.46752,-93.46752,705.64276
4694,0.009615967,795.7851,795.7851,2019.2833
4695,0.009617469,1645.1896,1458.1246,1645.1896
4696,0.009618942,2083.0234,2083.0234,632.5334
4697,0.009620451,2000.1917,2000.1917,619.81854
4698,0.009622009,1284.3419,1636.977,1284.3419
4699,0.009623583,-29.054287,-29.054287,805.4709
4700,0.009625101,-1318.8098,-1318.8098,-1010.9392
4701,0.009626608,-1987.7438,-2326.8513,-1987.7438
4702,0.009628139,-1619.1245,-1619.1245,-1903.6306
4703,0.009629733,-581.87714,-581.87714,-165.79077
4704,0.009631365,417.81076,129.35591,417.81076
4705,0.009632953,768.7753,768.7753,-603.9353
4706,0.009634523,676.0158,676.0158,-629.3689
4707,0.009636085,486.4553,227.42465,486.4553
4708,0.009637648,457.21118,457.21118,1574.6271
4709,0.009639209,538.5009,538.5009,1188.3303
4710,0.009640822,604.549,539.35364,604.549
4711,0.009642463,558.1916,558.1916,320.9553
4712,0.009644094,487.43494,487.43494,905.2287
4713,0.00964566,521.1819,536.0953,521.1819
4714,0.009647212,708.02734,708.02734,123.06468
4715,0.009648789,846.9872,846.9872,134.5139
4716,0.009650385,653.3576,526.6961,653.3576
4717,0.009651976,-9.853709,-9.853709,440.17795
4718,0.009653579,-684.85016,-684.85016,-484.5212
4719,0.00965517,-747.1931,-979.42084,-747.1931
4720,0.009656745,149.82344,149.82344,-185.38843
4721,0.009658321,1403.0543,1403.0543,1472.928
4722,0.009659952,2180.9983,2170.5176,2180.9983
4723,0.009661571,1802.685,1802.685,952.1818
4724,0.009663203,752.1668,752.1668,-210.63452
4725,0.009664808,-180.15405,178.41205,-180.15405
4726,0.009666375,-443.42902,-443.42902,494.50998
4727,0.009667914,-204.58011,-204.58011,667.5334
4728,0.009669446,240.46312,218.85356,240.46312
4729,0.009671021,637.7487,637.7487,-333.77515
4730,0.009672666,760.9035,760.9035,125.88108
4731,0.009674245,396.9553,707.7838,396.9553
4732,0.00967579,-465.43106,-465.43106,61.99437
4733,0.00967727,-1280.1675,-1280.1675,-1275.5406
4734,0.009678679,-1504.7439,-1399.9052,-1504.7439
4735,0.009680059,-897.23004,-897.23004,-616.8923
4736,0.009681496,112.29206,112.29206,221.41624
4737,0.009683034,806.7678,795.36194,806.7678
4738,0.009684557,518.3026,518.3026,-436.57983
4739,0.009686067,-242.17056,-242.17056,-1195.6033
4740,0.009687572,-725.95483,-1080.8427,-725.95483
4741,0.009689069,-407.35254,-407.35254,921.3537
4742,0.009690595,431.70328,431.70328,1546.2249
4743,0.009692185,1290.3966,1128.2594,1290.3966
4744,0.009693794,1655.2601,1655.2601,78.45531
4745,0.009695419,1471.3718,1471.3718,-250.08765
4746,0.00969703,819.13885,1083.4429,819.13885
4747,0.009698587,-115.25803,-115.25803,808.217
4748,0.009700115,-927.2728,-927.2728,-153.4939
4749,0.009701573,-1189.9742,-1322.0282,-1189.9742
4750,0.009703031,-703.3767,-703.3767,-1091.6384
4751,0.009704576,240.92834,240.92834,52.635
4752,0.009706181,1070.0763,1003.16455,1070.0763
4753,0.009707726,1269.0618,1269.0618,1233.049
4754,0.00970924,1064.0417,1064.0417,710.8381
4755,0.009710753,781.9045,675.66705,781.9045
4756,0.009712283,663.52386,663.52386,1009.4162
4757,0.009713831,653.53864,653.53864,957.56854
4758,0.009715418,611.33417,414.7061,611.33417
4759,0.00971703,434.69754,434.69754,111.252174
4760,0.00971863,236.02588,236.02588,128.25218
4761,0.009720248,176.7678,157.09274,176.7678
4762,0.009721876,365.29657,365.29657,508.6545
4763,0.009723503,652.89496,652.89496,842.5412
4764,0.009725122,826.2951,984.7006,826.2951
4765,0.009726727,740.10846,740.10846,459.6545
4766,0.009728309,495.7722,495.7722,-569.33374
4767,0.009729902,241.02171,506.51105,241.02171
4768,0.009731535,100.48054,100.48054,792.95526
4769,0.009733163,100.74911,100.74911,569.5608
4770,0.009734782,231.37717,79.60118,231.37717
4771,0.009736367,450.12897,450.12897,300.80685
4772,0.00973796,616.8176,616.8176,323.23264
4773,0.009739541,560.7795,448.34613,560.7795
4774,0.009741124,187.11887,187.11887,250.8889
4775,0.009742671,-302.20755,-302.20755,-448.88452
4776,0.009744195,-663.5017,-514.7184,-663.5017
4777,0.009745736,-739.81323,-739.81323,-307.27124
4778,0.009747316,-648.8627,-648.8627,-79.556404
4779,0.009748932,-600.5251,-491.03656,-600.5251
4780,0.009750573,-754.15875,-754.15875,-425.8298
4781,0.009752238,-964.241,-964.241,-389.24
4782,0.009753927,-990.3337,-937.83105,-990.3337
4783,0.009755627,-646.4965,-646.4965,-1851.2711
4784,0.009757239,-64.53821,-64.53821,-1398.275
4785,0.009758803,601.1897,441.23917,601.1897
4786,0.009760339,1219.5819,1219.5819,2108.3381
4787,0.009761886,1654.068,1654.068,2267.6152
4788,0.009763474,1737.2013,1769.4791,1737.2013
4789,0.00976512,1327.8923,1327.8923,1275.3655
4790,0.009766759,599.751,599.751,752.81464
4791,0.009768399,-195.9314,134.1503,-195.9314
4792,0.009770021,-824.60364,-824.60364,-1254.5133
4793,0.009771619,-1165.4435,-1165.4435,-1170.1267
4794,0.009773218,-1130.0564,-905.1355,-1130.0564
4795,0.009774788,-699.99097,-699.99097,-842.904
4796,0.009776343,-124.89313,-124.89313,-689.45087
4797,0.00977794,304.50998,574.48785,304.50998
4798,0.009779598,345.30145,345.30145,1088.8069
4799,0.009781263,175.08797,175.08797,832.89667
4800,0.009782932,109.62327,-61.155327,109.62327
4801,0.009784479,335.42242,335.42242,270.85373
4802,0.009785955,654.5262,654.5262,1085.2091
4803,0.009787427,847.9826,626.1715,847.9826
4804,0.0097889,755.9112,755.9112,-90.72047
4805,0.00979038,459.1463,459.1463,-297.03687
4806,0.009791875,99.6428,122.25187,99.6428
4807,0.009793404,-200.64989,-200.64989,613.2639
4808,0.009794952,-407.29755,-407.29755,10.759998
4809,0.009796544,-515.58374,-626.068,-515.58374
4810,0.009798205,-510.4885,-510.4885,-971.90405
4811,0.009799886,-364.1478,-364.1478,-889.7946
4812,0.009801591,-48.118904,-86.77602,-48.118904
4813,0.009803286,412.39807,412.39807,634.0881
4814,0.009804934,814.76544,814.76544,1199.4904
4815,0.009806542,952.2482,1027.9362,952.2482
4816,0.009808131,741.5187,741.5187,556.9631
4817,0.009809736,499.22675,499.22675,326.97092
4818,0.009811287,638.87714,668.1617,638.87714
4819,0.009812813,1359.955,1359.955,1504.3536
4820,0.00981436,2264.0735,2264.0735,2770.662
4821,0.009815969,2761.7793,2605.4314,2761.7793
4822,0.009817628,2338.1406,2338.1406,1876.7404
4823,0.009819273,1377.0363,1377.0363,991.3459
4824,0.009820892,499.50217,498.39645,499.50217
4825,0.009822471,138.26735,138.26735,431.69357
4826,0.00982403,158.8904,158.8904,495.424
4827,0.009825586,324.68576,589.73517,324.68576
4828,0.009827178,445.75665,445.75665,459.99045
4829,0.009828799,466.76108,466.76108,560.89276
4830,0.00983041,371.4553,478.64185,371.4553
4831,0.009832001,162.83789,162.83789,-138.75954
4832,0.009833571,-105.153786,-105.153786,-565.7595
4833,0.009835136,-372.8064,-296.64737,-372.8064
4834,0.009836705,-577.76807,-577.76807,-160.60718
4835,0.009838303,-642.1738,-642.1738,-317.23996
4836,0.00983989,-479.365,-390.15744,-479.365
4837,0.009841468,-78.75404,-78.75404,-436.1228
4838,0.009843029,302.4002,302.4002,-5.6306257
4839,0.009844582,357.06467,523.6453,357.06467
4840,0.00984614,-110.36924,-110.36924,752.69745
4841,0.009847725,-863.6415,-863.6415,409.342
4842,0.009849283,-1509.6696,-1270.211,-1509.6696
4843,0.009850815,-1787.0673,-1787.0673,-2436.3923
4844,0.009852352,-1797.1171,-1797.1171,-2410.8533
4845,0.00985392,-1714.2242,-1604.6193,-1714.2242
4846,0.009855529,-1681.0525,-1681.0525,-1213.1149
4847,0.009857178,-1669.9844,-1669.9844,-1170.615
4848,0.009858779,-1605.443,-1565.1348,-1605.443
4849,0.00986028,-1446.3702,-1446.3702,-1824.033
4850,0.009861746,-1216.561,-1216.561,-1661.6853
4851,0.009863221,-944.7595,-888.1272,-944.7595
4852,0.009864759,-650.99646,-650.99646,-179.8689
4853,0.009866287,-369.79752,-369.79752,-110.243904
4854,0.009867851,-112.005615,-0.1426771,-112.005615
4855,0.009869452,101.646545,101.646545,-291.66965
4856,0.009871039,249.92648,249.92648,-342.40796
4857,0.009872622,322.9319,208.69101,322.9319
4858,0.009874228,297.50455,297.50455,17.002186
4859,0.009875853,101.67127,101.67127,-439.7048
4860,0.009877454,-336.54855,-124.39855,-336.54855
4861,0.009879038,-1037.7502,-1037.7502,-940.93524
4862,0.009880575,-1817.6216,-1817.6216,-1913.6736
4863,0.00988209,-2491.642,-2045.5902,-2491.642
4864,0.00988362,-2912.1558,-2912.1558,-2293.439
4865,0.009885185,-3003.6836,-3003.6836,-2499.7244
4866,0.009886744,-2711.1384,-2681.6936,-2711.1384
4867,0.009888264,-2068.0066,-2068.0066,-2322.9116
4868,0.009889749,-1310.4364,-1310.4364,-488.5017
4869,0.009891224,-685.51337,-461.26718,-685.51337
4870,0.009892705,-365.93893,-365.93893,-1245.9899
4871,0.009894202,-244.54137,-244.54137,-827.57983
4872,0.009895746,-133.71265,-390.8267,-133.71265
4873,0.009897321,128.0188,128.0188,683.7131
4874,0.009898904,521.1447,521.1447,632.97485
4875,0.009900474,972.2248,793.7796,972.2248
4876,0.009902059,1407.5466,1407.5466,1486.9396
4877,0.0099036,1682.4984,1682.4984,1490.2716
4878,0.009905146,1671.8146,1764.9027,1671.8146
4879,0.009906706,1304.682,1304.682,1775.2208
4880,0.009908308,802.7602,802.7602,1215.4827
4881,0.009909926,506.94745,388.02173,506.94745
4882,0.009911534,641.39435,641.39435,332.05295
4883,0.009913077,917.57324,917.57324,871.5998
4884,0.009914583,983.6076,939.31146,983.6076
4885,0.009916094,627.48773,627.48773,686.428
4886,0.009917632,70.71854,70.71854,77.12718
4887,0.00991917,-321.09546,-386.8491,-321.09546
4888,0.009920689,-295.07208,-295.07208,-415.53687
4889,0.009922216,-25.60323,-25.60323,-304.39233
4890,0.009923768,212.80296,321.45926,212.80296
4891,0.009925338,210.79297,210.79297,728.8303
4892,0.009926879,110.77181,110.77181,785.2873
4893,0.009928441,138.32248,-165.75851,138.32248
4894,0.009930009,418.59552,418.59552,-25.255625
4895,0.009931516,638.4894,638.4894,497.00998
4896,0.009932989,444.299,754.35596,444.299
4897,0.009934434,-332.60602,-332.60602,-1153.1228
4898,0.009935903,-1308.1738,-1308.1738,-2426.1072
4899,0.009937437,-1912.8455,-1943.6421,-1912.8455
4900,0.009939061,-1638.1699,-1638.1699,-333.5642
4901,0.009940696,-941.1224,-941.1224,286.06467
4902,0.009942343,-610.24384,-131.06609,-610.24384
4903,0.009943976,-1176.1436,-1176.1436,-1752.0406
4904,0.009945597,-2083.4111,-2083.4111,-2624.6892
4905,0.009947163,-2541.185,-2625.4731,-2541.185
4906,0.009948697,-2117.6772,-2117.6772,-1334.6189
4907,0.009950249,-1262.2753,-1262.2753,-649.8103
4908,0.009951813,-662.77515,-450.69067,-662.77515
4909,0.009953316,-822.5429,-822.5429,-1095.3922
4910,0.009954837,-1508.7212,-1508.7212,-1786.9899
4911,0.009956423,-2365.8298,-2131.0847,-2365.8298
4912,0.009958071,-2984.6965,-2984.6965,-3261.6577
4913,0.009959667,-3063.577,-3063.577,-3363.8257
4914,0.009961197,-2460.3726,-2539.5742,-2460.3726
4915,0.009962713,-1170.2386,-1170.2386,-801.3962
4916,0.009964227,244.39603,244.39603,200.3303
4917,0.009965791,1085.0997,1258.0425,1085.0997
4918,0.009967439,742.5582,742.5582,-419.54858
4919,0.009969124,-260.0058,-260.0058,-1745.7477
4920,0.009970797,-943.36884,-905.55414,-943.36884
4921,0.009972408,-663.3805,-663.3805,1122.9124
4922,0.009974013,112.94439,112.94439,1769.0568
4923,0.009975611,706.5803,523.3691,706.5803
4924,0.0099772,636.60284,636.60284,137.50218
4925,0.009978778,151.70055,151.70055,288.5217
4926,0.009980398,-344.23218,-232.40666,-344.23218
4927,0.009982003,-505.21545,-505.21545,-761.4821
4928,0.009983572,-432.20264,-432.20264,-714.8728
4929,0.009985145,-317.52905,-351.90784,-317.52905
4930,0.009986762,-299.18173,-299.18173,-99.50953
4931,0.009988412,-317.8807,-317.8807,-158.06032
4932,0.009990027,-255.34546,-143.93944,-255.34546
4933,0.009991675,-31.908253,-31.908253,225.99437
4934,0.009993324,258.35483,258.35483,272.37326
4935,0.009994958,476.29904,509.04343,476.29904
4936,0.009996595,528.15137,528.15137,520.3069
4937,0.009998241,468.09293,468.09293,314.24045
4938,0.009999911,389.24435,330.73663,389.24435
4939,0.010001579,369.7156,369.7156,729.3654
4940,0.010003222,402.3688,402.3688,1040.5411
4941,0.010004837,459.29904,335.55716,459.29904
4942,0.010006445,509.87164,509.87164,-204.63843
4943,0.010008019,501.61722,501.61722,84.58031
4944,0.010009586,380.59592,538.5924,380.59592
4945,0.010011164,136.08737,136.08737,638.842
4946,0.010012755,-52.459064,-52.459064,8.916249
4947,0.010014342,48.41625,115.80266,48.41625
4948,0.010015921,557.42126,557.42126,487.66623
4949,0.010017471,1158.2269,1158.2269,1215.7288
4950,0.010018921,1462.7365,1233.1328,1462.7365
4951,0.010020348,1304.5875,1304.5875,1576.4202
4952,0.010021801,893.9644,893.9644,1378.6271
4953,0.01002335,548.7873,607.09894,548.7873
4954,0.010024981,577.92633,577.92633,-475.50558
4955,0.010026588,759.81494,759.81494,525.4241
4956,0.010028174,726.07635,667.5408,726.07635
4957,0.01002976,252.92204,252.92204,-358.07593
4958,0.010031349,-370.63452,-370.63452,-732.6774
4959,0.010032956,-723.4509,-583.5741,-723.4509
4960,0.010034577,-503.22894,-503.22894,-84.712654
4961,0.010036178,-4.858553,-4.858553,132.13109
4962,0.010037777,344.98654,430.28552,344.98654
4963,0.010039392,243.47514,243.47514,37.638905
4964,0.010040988,-110.39692,-110.39692,-598.1892
4965,0.01004255,-396.35324,-49.759987,-396.35324
4966,0.010044126,-399.96848,-399.96848,201.08029
4967,0.010045737,-200.75412,-200.75412,88.03343
4968,0.010047363,28.822496,15.592762,28.822496
4969,0.010048969,144.62704,144.62704,-93.661865
4970,0.010050535,168.93552,168.93552,102.18186
4971,0.010052077,160.35374,117.31135,160.35374
4972,0.010053619,150.61818,150.61818,-661.19696
4973,0.010055117,90.813774,90.813774,-1074.3689
4974,0.01005663,-88.64625,175.37448,-88.64625
4975,0.010058146,-404.51523,-404.51523,931.51776
4976,0.010059683,-663.815,-663.815,508.45526
4977,0.010061151,-618.01733,-665.83484,-618.01733
4978,0.010062605,-167.35072,-167.35072,-475.92355
4979,0.010064096,409.4114,409.4114,109.041245
4980,0.010065653,682.0334,756.3182,682.0334
4981,0.010067225,305.00897,305.00897,1029.4943
4982,0.010068738,-338.32504,-338.32504,480.93576
4983,0.010070244,-771.6579,-655.09314,-771.6579
4984,0.010071768,-654.75244,-654.75244,-1294.697
4985,0.010073261,-190.03954,-190.03954,-887.1618
4986,0.010074769,306.967,143.27058,306.967
4987,0.010076322,593.47675,593.47675,932.79114
4988,0.010077919,743.456,743.456,861.00604
4989,0.010079524,936.2131,688.4955,936.2131
4990,0.010081142,1297.0586,1297.0586,1107.4396
4991,0.010082776,1668.4596,1668.4596,1479.2834
4992,0.010084427,1809.5217,1836.0991,1809.5217
4993,0.010086065,1545.3955,1545.3955,1516.3888
4994,0.010087699,987.0392,987.0392,1026.135
4995,0.010089311,318.4631,511.75604,318.4631
4996,0.010090876,-303.2685,-303.2685,-518.7517
4997,0.010092411,-837.04816,-837.04816,-1212.7009
4998,0.010093906,-1257.7634,-1181.0298,-1257.7634
4999,0.010095419,-1547.7871,-1547.7871,-1931.068
5000,0.010096992,-1624.5857,-1624.5857,-2559.865
5001,0.010098624,-1362.3962,-1476.6699,-1362.3962
5002,0.010100252,-740.3369,-740.3369,-40.67359
5003,0.010101859,-110.19786,-110.19786,127.11156
5004,0.010103425,117.93968,489.03705,117.93968
5005,0.01010498,-254.45844,-254.45844,36.10375
5006,0.010106524,-780.59644,-780.59644,-702.5876
5007,0.010107985,-885.4782,-947.6475,-885.4782
5008,0.010109422,-303.14233,-303.14233,128.67015
5009,0.010110871,528.6825,528.6825,774.842
5010,0.010112337,972.00214,1281.7412,972.00214
5011,0.010113838,565.9316,565.9316,144.56076
5012,0.010115406,-243.68675,-243.68675,-780.6931
5013,0.010116958,-621.029,-772.75525,-621.029
5014,0.010118516,-20.71191,-20.71191,667.27167
5015,0.010120121,1076.7161,1076.7161,1962.8185
5016,0.010121765,1819.8107,1941.2413,1819.8107
5017,0.010123397,1546.7834,1546.7834,926.7912
5018,0.010125001,732.14166,732.14166,487.6076
5019,0.010126619,62.06078,238.59764,62.06078
5020,0.010128223,45.883522,45.883522,-226.16577
5021,0.010129839,401.58044,401.58044,-270.6306
5022,0.010131456,651.2834,809.0034,651.2834
5023,0.010133043,478.7526,478.7526,918.4553
5024,0.0101346,194.06863,194.06863,316.5256
5025,0.010136166,224.75998,-71.745224,224.75998
5026,0.010137751,855.8318,855.8318,1087.088
5027,0.010139327,1708.4253,1708.4253,1983.6193
5028,0.010140912,2252.9746,2444.7048,2252.9746
5029,0.010142553,2086.298,2086.298,1781.4318
5030,0.010144188,1465.0902,1465.0902,1225.3889
5031,0.010145854,835.3069,669.9483,835.3069
5032,0.010147537,561.5908,561.5908,909.2912
5033,0.010149178,511.49435,511.49435,925.2873
5034,0.010150756,432.3264,577.6028,432.3264
5035,0.01015227,196.06187,196.06187,-49.618904
5036,0.010153749,-13.04352,-13.04352,48.213123
5037,0.010155221,40.54906,114.6062,40.54906
5038,0.010156749,518.0916,518.0916,-7.564219
5039,0.010158337,1168.0424,1168.0424,463.16623
5040,0.010159903,1543.9786,1321.1544,1543.9786
5041,0.010161484,1374.9559,1374.9559,1973.17
5042,0.010163068,948.77856,948.77856,1443.2013
5043,0.010164629,706.6076,846.5368,706.6076
5044,0.010166151,918.68713,918.68713,887.2912
5045,0.010167679,1333.1079,1333.1079,1535.1857
5046,0.010169195,1574.8224,1718.5623,1574.8224
5047,0.010170728,1386.7335,1386.7335,958.4748
5048,0.010172335,932.9344,932.9344,596.3459
5049,0.010173864,572.1232,506.49014,572.1232
5050,0.010175342,508.14758,508.14758,910.63104
5051,0.010176868,658.32794,658.32794,1256.8185
5052,0.010178434,876.7834,631.9435,876.7834
5053,0.010180005,1004.6364,1004.6364,975.7404
5054,0.010181583,935.8356,935.8356,636.90845
5055,0.010183113,593.4592,673.2073,593.4592
5056,0.010184624,-35.98353,-35.98353,596.5256
5057,0.010186176,-763.7225,-763.7225,-877.45087
5058,0.010187756,-1292.7244,-1228.2808,-1292.7244
5059,0.010189313,-1397.4554,-1397.4554,-1370.6891
5060,0.010190848,-1238.7942,-1238.7942,-289.6775
5061,0.010192391,-1046.4861,-945.7609,-1046.4861
5062,0.010193998,-999.05237,-999.05237,-1306.6462
5063,0.010195607,-1068.9601,-1068.9601,-1232.9508
5064,0.010197203,-1159.7946,-1138.4314,-1159.7946
5065,0.010198821,-1186.9117,-1186.9117,-1353.357
5066,0.010200446,-1098.3444,-1098.3444,-998.7634
5067,0.01020209,-848.8728,1018.0488,-848.8728
5068,0.010203737,-426.0842,-426.0842,-785.32983
5069,0.010205355,50.3128,50.3128,-388.67355
5070,0.010206961,449.49435,219.12112,449.49435
5071,0.010208552,671.8816,671.8816,1001.76776
5072,0.010210129,738.6578,738.6578,705.83417
5073,0.010211667,699.2873,625.8497,699.2873
5074,0.010213173,586.812,586.812,612.6936
5075,0.010214666,371.7359,371.7359,512.2795
5076,0.010216163,7.142812,117.33219,7.142812
5077,0.010217671,-496.40146,-496.40146,-193.3689
5078,0.010219203,-884.1673,-884.1673,-716.12665
5079,0.010220738,-816.1501,-847.1013,-816.1501
5080,0.010222309,-84.654205,-84.654205,-512.09546
5081,0.01022392,897.9842,897.9842,454.06467
5082,0.01022553,1475.1467,1251.6073,1475.1467
5083,0.010227086,1240.6355,1240.6355,1517.0997
5084,0.010228629,638.9007,638.9007,773.2482
5085,0.010230201,263.47092,-10.843451,263.47092
5086,0.010231713,521.7441,521.7441,964.1545
5087,0.010233174,996.8347,996.8347,1745.881
5088,0.010234626,1176.3108,1275.6136,1176.3108
5089,0.010236109,719.6206,719.6206,-41.263435
5090,0.010237641,-14.299996,-14.299996,-850.20483
5091,0.010239134,-388.71265,-617.75024,-388.71265
5092,0.010240659,-13.266314,-13.266314,369.34982
5093,0.01024224,758.5028,758.5028,1017.06464
5094,0.010243812,1260.7247,1270.8011,1260.7247
5095,0.010245395,1027.8687,1027.8687,1191.2247
5096,0.010247009,336.61533,336.61533,725.8381
5097,0.010248528,-271.16968,-37.895916,-271.16968
5098,0.010249977,-503.80392,-503.80392,-754.7634
5099,0.010251421,-501.60913,-501.60913,-680.9001
5100,0.010252895,-468.63843,-303.88132,-468.63843
5101,0.010254426,-570.59625,-570.59625,-676.2439
5102,0.010256018,-757.52264,-757.52264,-1141.8416
5103,0.010257633,-895.72046,-804.8172,-895.72046
5104,0.010259227,-889.7813,-889.7813,-179.26343
5105,0.010260697,-832.7411,-832.7411,-503.74777
5106,0.01026212,-830.12665,-786.34753,-830.12665
5107,0.010263553,-934.51605,-934.51605,-1309.783
5108,0.010264999,-1037.706,-1037.706,-1727.1149
5109,0.010266497,-978.50946,-893.6459,-978.50946
5110,0.010268066,-624.5379,-624.5379,-264.27515
5111,0.010269655,-138.44408,-138.44408,215.36545
5112,0.010271174,213.05687,411.2447,213.05687
5113,0.010272655,293.34872,293.34872,145.40453
5114,0.010274123,206.07368,206.07368,437.61545
5115,0.010275641,97.90843,35.10563,97.90843
5116,0.010277169,87.97263,87.97263,-976.1306
5117,0.010278719,116.254364,116.254364,-924.7986
5118,0.010280293,70.86156,-96.91098,70.86156
5119,0.010281865,-113.42626,-113.42626,661.3381
5120,0.010283432,-297.153,-297.153,-6.9079695
5121,0.010284967,-295.7048,-478.48514,-295.7048
5122,0.010286543,14.829515,14.829515,237.08812
5123,0.010288161,519.0947,519.0947,1012.83417
5124,0.010289785,1001.342,1014.2813,1001.342
5125,0.010291422,1262.6743,1262.6743,272.68967
5126,0.010293053,1168.9845,1168.9845,234.98265
5127,0.010294696,603.83417,907.6958,603.83417
5128,0.010296321,-405.93362,-405.93362,546.89276
5129,0.010297894,-1323.4666,-1323.4666,-814.11884
5130,0.010299477,-1590.3297,-1548.8428,-1590.3297
5131,0.010301052,-842.1033,-842.1033,-950.39233
5132,0.010302586,332.981,332.981,739.83417
5133,0.010304092,1210.1975,1129.9318,1210.1975
5134,0.010305616,1318.161,1318.161,417.57248
5135,0.010307161,939.5464,939.5464,286.84982
5136,0.010308696,593.8029,601.0268,593.8029
5137,0.010310216,647.022,647.022,-288.29077
5138,0.010311724,885.1003,885.1003,-256.86108
5139,0.010313261,963.04895,1239.3572,963.04895
5140,0.010314829,630.5999,630.5999,1655.42
5141,0.010316417,154.94363,154.94363,1085.2561
5142,0.010318032,-35.923595,-65.96697,-35.923595
5143,0.010319684,384.03265,384.03265,-484.95874
5144,0.010321345,1138.6581,1138.6581,315.0217
5145,0.010322991,1772.7325,1641.7443,1772.7325
5146,0.010324626,1946.6869,1946.6869,2206.83
5147,0.010326239,1695.6073,1695.6073,1802.5802
5148,0.01032782,1149.0099,1368.3584,1149.0099
5149,0.010329373,433.37616,433.37616,7.541249
5150,0.010330925,-311.65027,-311.65027,-939.2126
5151,0.010332514,-942.5173,-878.64294,-942.5173
5152,0.01033416,-1312.0293,-1312.0293,-748.1657
5153,0.01033581,-1377.572,-1377.572,-591.1462
5154,0.010337452,-1157.3298,-1276.713,-1157.3298
5155,0.010339072,-719.6501,-719.6501,-1415.4391
5156,0.010340624,-302.7711,-302.7711,-810.8611
5157,0.010342128,-125.56812,25.584122,-125.56812
5158,0.01034359,-310.1309,-310.1309,135.0764
5159,0.010345049,-733.32416,-733.32416,-670.986
5160,0.010346544,-1232.6736,-864.0543,-1232.6736
5161,0.010348079,-1648.7722,-1648.7722,-1741.3063
5162,0.01034961,-1910.3436,-1910.3436,-1829.5367
5163,0.010351113,-1990.6305,-1780.7378,-1990.6305
5164,0.010352626,-1895.5286,-1895.5286,-2184.6384
5165,0.010354161,-1734.541,-1734.541,-1563.033
5166,0.010355718,-1655.0367,-1505.1068,-1655.0367
5167,0.010357282,-1760.9622,-1760.9622,-2337.1616
5168,0.010358819,-1940.0428,-1940.0428,-2874.349
5169,0.010360364,-2037.7047,-1848.8613,-2037.7047
5170,0.010361971,-1929.1715,-1929.1715,-1531.1072
5171,0.010363589,-1660.2323,-1660.2323,-1952.6656
5172,0.010365187,-1337.8453,-1455.8983,-1337.8453
5173,0.010366705,-1046.2417,-1046.2417,-782.5095
5174,0.010368241,-731.45074,-731.45074,37.994373
5175,0.010369769,-339.14233,-341.98538,-339.14233
5176,0.010371283,144.38307,144.38307,71.20531
5177,0.010372827,579.0914,579.0914,793.81854
5178,0.010374386,752.9866,889.9956,752.9866
5179,0.010375942,545.14935,545.14935,-210.90405
5180,0.010377497,206.86205,206.86205,-472.69308
5181,0.01037909,81.92015,100.27177,81.92015
5182,0.010380681,396.81433,396.81433,278.7639
5183,0.010382276,780.06854,780.06854,279.97485
5184,0.010383848,715.0256,752.3933,715.0256
5185,0.010385452,-105.896225,-105.896225,1424.8927
5186,0.010387111,-1144.4465,-1144.4465,154.18185
5187,0.010388733,-1514.1345,-1451.5231,-1514.1345
5188,0.010390289,-763.0407,-763.0407,-1034.2322
5189,0.010391821,481.29968,481.29968,676.8537
5190,0.010393367,1430.3224,1428.3901,1430.3224
5191,0.010394941,1476.6792,1476.6792,1114.0646
5192,0.010396496,943.76373,943.76373,352.11154
5193,0.01039804,398.44357,349.61288,398.44357
5194,0.010399541,244.27783,244.27783,1075.8029
5195,0.010401076,325.3862,325.3862,981.8732
5196,0.010402653,359.75217,417.64713,359.75217
5197,0.01040425,125.478806,125.478806,-388.5056
5198,0.010405824,-207.63673,-207.63673,-427.1892
5199,0.010407396,-387.1853,-246.48538,-387.1853
5200,0.010408977,-251.76251,-251.76251,40.439686
5201,0.010410542,-14.151961,-14.151961,300.28732
5202,0.01041208,30.763905,87.25137,30.763905
5203,0.010413595,-298.6918,-298.6918,-707.8142
5204,0.010415126,-849.4875,-849.4875,-1327.6539
5205,0.010416701,-1382.9742,-1062.5524,-1382.9742
5206,0.010418266,-1646.0457,-1646.0457,-2000.3336
5207,0.010419819,-1538.5269,-1538.5269,-1593.9625
5208,0.010421357,-998.55634,-1233.8047,-998.55634
5209,0.01042291,-36.727108,-36.727108,29.580309
5210,0.01042452,980.70825,980.70825,1270.8381
5211,0.010426077,1480.0333,1449.9554,1480.0333
5212,0.010427604,1190.338,1190.338,612.2873
5213,0.010429171,456.59406,456.59406,-199.14624
5214,0.010430751,-174.57202,-39.755226,-174.57202
5215,0.010432378,-278.24347,-278.24347,1285.3107
5216,0.010433983,-36.70835,-36.70835,1257.1388
5217,0.010435554,191.45921,322.12515,191.45921
5218,0.010437131,150.51558,150.51558,-901.0564
5219,0.010438731,-139.14403,-139.14403,-856.99774
5220,0.010440363,-585.447,-163.42697,-585.447
5221,0.010441998,-1069.0679,-1069.0679,-1072.4117
5222,0.010443584,-1435.8678,-1435.8678,-1480.908
5223,0.010445119,-1562.6578,-1456.6138,-1562.6578
5224,0.01044662,-1392.7819,-1392.7819,-1158.1033
5225,0.01044811,-1044.4504,-1044.4504,-1247.3572
5226,0.01044961,-666.9157,-449.86188,-666.9157
5227,0.010451118,-393.86545,-393.86545,34.963123
5228,0.010452629,-273.06473,-273.06473,57.896713
5229,0.010454168,-331.63452,-165.5669,-331.63452
5230,0.010455698,-551.14966,-551.14966,-748.3025
5231,0.010457234,-731.7141,-731.7141,-596.1853
5232,0.010458808,-616.52905,-670.47156,-616.52905
5233,0.010460417,-44.90681,-44.90681,-682.1697
5234,0.010462065,603.46844,603.46844,167.96312
5235,0.010463707,752.6506,1128.8512,752.6506
5236,0.010465297,96.070694,96.070694,473.82248
5237,0.010466886,-849.14624,-849.14624,-919.4314
5238,0.010468516,-1382.8414,-1414.4313,-1382.8414
5239,0.010470163,-974.259,-974.259,-1216.1267
5240,0.010471806,-167.72887,-167.72887,-833.0954
5241,0.010473438,224.62326,334.68866,224.62326
5242,0.010475012,-291.10104,-291.10104,-151.56812
5243,0.010476563,-1196.068,-1196.068,-1026.2985
5244,0.010478148,-1808.1227,-1730.8264,-1808.1227
5245,0.010479767,-1565.98,-1565.98,-1214.6228
5246,0.01048137,-763.24066,-763.24066,-421.80637
5247,0.010482966,89.27562,81.693665,89.27562
5248,0.010484579,594.5867,594.5867,466.86154
5249,0.010486231,723.3166,723.3166,732.3107
5250,0.010487899,541.3576,587.18896,541.3576
5251,0.010489589,146.46933,146.46933,-176.14626
5252,0.010491249,-270.0773,-270.0773,-428.95093
5253,0.010492872,-519.5134,-557.957,-519.5134
5254,0.010494485,-482.735,-482.735,-288.84937
5255,0.010496101,-228.44556,-228.44556,-140.63062
5256,0.010497687,120.34983,132.4908,120.34983
5257,0.01049923,462.15375,462.15375,843.5607
5258,0.010500761,769.24347,769.24347,804.6584
5259,0.010502332,1029.8732,687.218,1029.8732
5260,0.010503919,1222.7229,1222.7229,984.6701
5261,0.010505489,1359.4901,1359.4901,1189.3224
5262,0.010507063,1465.756,1346.498,1465.756
5263,0.010508604,1538.5642,1538.5642,1308.0607
5264,0.010510167,1482.3744,1482.3744,1583.1193
5265,0.010511747,1166.174,1149.7185,1166.174
5266,0.010513287,553.6843,553.6843,794.4162
5267,0.010514772,-111.49237,-111.49237,103.31859
5268,0.010516258,-583.0446,-559.29736,-583.0446
5269,0.010517795,-686.1442,-686.1442,-1172.8219
5270,0.010519345,-610.6444,-610.6444,-1724.7906
5271,0.010520867,-670.0368,-587.92596,-670.0368
5272,0.010522379,-1056.2698,-1056.2698,-548.3298
5273,0.010523912,-1546.0286,-1546.0286,-1238.6617
5274,0.010525467,-1788.0992,-1608.7638,-1788.0992
5275,0.010527026,-1512.947,-1512.947,-954.8025
5276,0.010528547,-886.3117,-886.3117,-75.44703
5277,0.010530029,-160.21265,-154.14131,-160.21265
5278,0.010531521,486.5841,486.5841,-406.29855
5279,0.010533047,942.9265,942.9265,-353.91965
5280,0.010534599,1093.2014,1237.032,1093.2014
5281,0.010536151,887.5653,887.5653,2280.3616
5282,0.010537708,540.0891,540.0891,1089.7327
5283,0.010539294,331.75998,145.76768,331.75998
5284,0.010540879,478.31552,478.31552,369.59982
5285,0.010542461,838.1749,838.1749,954.44745
5286,0.010544064,1187.8732,1022.02167,1187.8732
5287,0.010545682,1332.4667,1332.4667,1147.1818
5288,0.010547342,1250.502,1250.502,807.14276
5289,0.010548952,981.4357,1198.4062,981.4357
5290,0.010550548,582.6134,582.6134,1444.1154
5291,0.010552133,186.22458,186.22458,1149.7169
5292,0.010553701,-60.552498,-29.81217,-60.552498
5293,0.010555269,-87.791214,-87.791214,-1459.7711
5294,0.010556825,-96.63191,-96.63191,-1492.5446
5295,0.010558384,-353.66187,101.28823,-353.66187
5296,0.010559961,-995.80383,-995.80383,64.48656
5297,0.01056153,-1584.036,-1584.036,-997.2204
5298,0.010563059,-1564.2828,-1743.2295,-1564.2828
5299,0.010564577,-637.4594,-637.4594,-675.65015
5300,0.010566108,738.038,738.038,1089.9514
5301,0.010567638,1876.2286,1629.2645,1876.2286
5302,0.010569176,2275.8623,2275.8623,1392.0333
5303,0.010570738,2136.6182,2136.6182,877.4866
5304,0.010572284,1858.2325,1953.5133,1858.2325
5305,0.010573793,1732.1208,1732.1208,2455.1035
5306,0.010575298,1615.7137,1615.7137,2128.1038
5307,0.010576842,1258.6389,1569.695,1258.6389
5308,0.010578396,476.52182,476.52182,523.00604
5309,0.010579888,-563.31213,-563.31213,-535.8806
5310,0.010581378,-1709.5875,-1462.9631,-1709.5875
5311,0.0105829,-2778.9646,-2778.9646,-3295.6812
5312,0.010584419,-3394.2476,-3394.2476,-3816.0913
5313,0.01058597,-3157.099,-2970.0466,-3157.099
5314,0.010587539,-1832.8282,-1832.8282,-1561.4781
5315,0.01058912,-83.45776,-83.45776,-455.4548
5316,0.010590683,1158.0764,1239.8479,1158.0764
5317,0.01059224,1275.9666,1275.9666,1805.0372
5318,0.010593805,636.38654,636.38654,1008.1232
5319,0.010595346,-132.52124,45.736748,-132.52124
5320,0.010596908,-576.794,-576.794,-448.03293
5321,0.010598492,-747.44995,-747.44995,-731.70874
5322,0.010600053,-838.3024,-642.6753,-838.3024
5323,0.010601635,-1005.4113,-1005.4113,-1178.0328
5324,0.010603189,-1205.794,-1205.794,-1751.0758
5325,0.010604725,-1358.2166,-1284.7227,-1358.2166
5326,0.010606276,-1388.7113,-1388.7113,-640.3103
5327,0.010607847,-1228.8312,-1228.8312,-430.47043
5328,0.010609411,-818.0017,-1005.2868,-818.0017
5329,0.010610957,-162.22552,-162.22552,-250.02515
5330,0.010612515,521.04596,521.04596,535.95135
5331,0.010614109,943.08026,821.2771,943.08026
5332,0.010615733,877.3685,877.3685,825.4318
5333,0.010617386,528.83905,528.83905,399.73654
5334,0.010619003,248.38889,194.37485,248.38889
5335,0.010620605,261.74188,261.74188,-78.18531
5336,0.010622245,421.52255,421.52255,526.45526
5337,0.010623906,471.50998,315.84338,471.50998
5338,0.010625547,237.73451,237.73451,-500.12277
5339,0.010627153,-86.44505,-86.44505,-627.20483
5340,0.010628762,-246.02905,-173.91039,-246.02905
5341,0.01063034,-69.50163,-69.50163,-13.587656
5342,0.010631909,294.8352,294.8352,167.8342
5343,0.010633399,620.1311,555.00574,620.1311
5344,0.01063487,773.2635,773.2635,573.45135
5345,0.010636342,751.6534,751.6534,587.0764
5346,0.010637856,575.0334,627.42694,575.0334
5347,0.010639417,254.05286,254.05286,461.9006
5348,0.01064098,-203.80463,-203.80463,-87.669685
5349,0.010642464,-765.1853,-545.7273,-765.1853
5350,0.010643965,-1410.0089,-1410.0089,-701.9353
5351,0.010645539,-1902.9081,-1902.9081,-922.31415
5352,0.010647123,-1873.6578,-1719.328,-1873.6578
5353,0.010648724,-1131.761,-1131.761,-1560.1852
5354,0.010650319,-186.49408,-186.49408,-872.43524
5355,0.01065194,289.2678,556.47095,289.2678
5356,0.010653552,-162.4669,-162.4669,150.7053
5357,0.010655133,-935.2285,-935.2285,-498.7712
5358,0.010656727,-1229.525,-1134.388,-1229.525
5359,0.010658349,-480.62997,-480.62997,-1002.5486
5360,0.010659926,686.2011,686.2011,184.73265
5361,0.010661514,1453.1584,843.5311,1453.1584
5362,0.010663101,1227.0236,1227.0236,1080.338
5363,0.010664668,463.73492,463.73492,327.8928
5364,0.010666255,-161.10327,-164.30922,-161.10327
5365,0.010667784,-120.1314,-120.1314,625.27563
5366,0.010669312,426.69272,426.69272,1181.006
5367,0.010670876,1216.9083,904.13947,1216.9083
5368,0.010672429,1946.0817,1946.0817,1353.4163
5369,0.010673956,2365.2515,2365.2515,1727.338
5370,0.010675504,2251.5527,2517.7988,2251.5527
5371,0.010677024,1518.4042,1518.4042,1904.7599
5372,0.010678503,648.0265,648.0265,1067.3966
5373,0.010679971,176.41234,-191.52463,176.41234
5374,0.010681436,445.61673,445.61673,215.98654
5375,0.010682924,1071.766,1071.766,753.5412
5376,0.010684535,1454.0997,1558.3291,1454.0997
5377,0.010686176,1006.6123,1006.6123,1300.2599
5378,0.010687746,201.87506,201.87506,240.16234
5379,0.010689298,-344.71265,-317.79056,-344.71265
5380,0.010690864,-212.09692,-212.09692,-28.654062
5381,0.010692449,361.20367,361.20367,507.7756
5382,0.010693995,925.7326,919.86597,925.7326
5383,0.010695463,1164.3071,1164.3071,1563.9825
5384,0.010696961,1123.6937,1123.6937,1951.5294
5385,0.010698544,876.06854,972.4065,876.06854
5386,0.010700151,510.189,510.189,-194.16187
5387,0.010701749,74.47306,74.47306,-346.6853
5388,0.010703335,-401.60327,-312.04034,-401.60327
5389,0.010704938,-870.1775,-870.1775,-862.4431
5390,0.010706577,-1155.0476,-1155.0476,-1319.7242
5391,0.010708225,-1025.7634,-1024.9539,-1025.7634
5392,0.010709871,-388.3921,-388.3921,-396.79855
5393,0.010711467,320.31223,320.31223,490.9553
5394,0.010713001,617.553,590.54126,617.553
5395,0.010714536,251.53603,251.53603,-226.36108
5396,0.010716055,-405.23743,-405.23743,-711.91187
5397,0.01071756,-840.05634,-925.6385,-840.05634
5398,0.010719065,-699.9316,-699.9316,-571.2283
5399,0.010720582,-178.45786,-178.45786,-400.1228
5400,0.010722127,388.47482,368.04965,388.47482
5401,0.010723713,697.1751,697.1751,930.2209
5402,0.010725308,685.56274,685.56274,708.71313
5403,0.010726895,378.5842,388.32007,378.5842
5404,0.010728447,-138.04176,-138.04176,-594.1267
5405,0.01073,-622.2273,-622.2273,-1119.4899
5406,0.010731544,-783.1579,-652.2275,-783.1579
5407,0.010733108,-431.7102,-431.7102,-468.04468
5408,0.010734701,222.9847,222.9847,50.38109
5409,0.010736275,823.6701,807.738,823.6701
5410,0.010737819,1125.444,1125.444,1139.2522
5411,0.010739344,1243.6395,1243.6395,1281.9552
5412,0.010740886,1366.9592,1396.2614,1366.9592
5413,0.010742436,1616.0928,1616.0928,2179.2402
5414,0.010744007,1847.8534,1847.8534,2497.506
5415,0.010745617,1834.1349,1929.2634,1834.1349
5416,0.010747249,1420.4291,1420.4291,358.7092
5417,0.010748905,855.1578,855.1578,-236.8142
5418,0.010750536,518.20526,527.4342,518.20526
5419,0.010752167,633.04706,633.04706,1213.0569
5420,0.010753815,928.0556,928.0556,1270.9006
5421,0.010755486,988.28723,1068.8796,988.28723
5422,0.010757113,554.0719,554.0719,657.75214
5423,0.010758703,-20.421497,-20.421497,-76.45093
5424,0.010760286,-289.2478,-271.19223,-289.2478
5425,0.010761843,34.17893,34.17893,618.8732
5426,0.010763394,665.52423,665.52423,1387.0491
5427,0.010764939,1195.1897,1279.7079,1195.1897
5428,0.010766461,1320.6991,1320.6991,632.83026
5429,0.010767986,1134.3083,1134.3083,610.77167
5430,0.010769542,806.7365,1030.0459,806.7365
5431,0.010771146,488.48224,488.48224,654.0373
5432,0.010772779,221.23872,221.23872,-287.65012
5433,0.010774378,18.131092,-112.6734,18.131092
5434,0.010775995,-138.9327,-138.9327,1494.8655
5435,0.010777641,-316.515,-316.515,1234.178
5436,0.010779277,-592.77515,-395.243,-592.77515
5437,0.010780906,-990.4773,-990.4773,-2215.029
5438,0.010782508,-1300.0066,-1300.0066,-2247.244
5439,0.01078412,-1273.3063,-1196.9739,-1273.3063
5440,0.01078573,-751.704,-751.704,20.732655
5441,0.010787308,7.5546036,7.5546036,851.13885
5442,0.010788863,681.4436,642.33997,681.4436
5443,0.010790458,1041.6533,1041.6533,708.00604
5444,0.010792057,1081.5629,1081.5629,912.4631
5445,0.010793619,889.2834,1009.11664,889.2834
5446,0.010795224,535.39935,535.39935,676.7795
5447,0.010796863,96.76721,96.76721,128.26
