,time,spline,prediction,target
0,0.002200367,0.14132208,-0.009760576,0.14132208
1,0.002202058,0.17593896,0.17593896,0.17396657
2,0.002203771,0.1891247,0.1891247,0.18151212
3,0.002205414,0.17509487,-0.013938161,0.17509487
4,0.002206975,0.12612504,0.12612504,0.07615522
5,0.002208506,0.036310073,0.036310073,-0.10949819
6,0.002210057,0.13748394,0.13748394,0.13748394
7,0.002211659,0.14954588,0.14954588,0.07021694
8,0.002213252,0.106207065,0.106207065,0.055674456
9,0.002214841,0.035344776,0.035344776,0.035344776
10,0.002216448,-0.03801427,-0.03801427,-0.017321886
11,0.002218062,-0.09695405,-0.09695405,-0.06497069
12,0.002219656,-0.12499109,0.0027535725,-0.12499109
13,0.002221222,-0.108645,-0.108645,-0.24456044
14,0.002222794,-0.06562883,-0.06562883,-0.17305563
15,0.002224331,-0.022542262,0.002126845,-0.022542262
16,0.002225855,0.0009476995,0.0009476995,0.019933306
17,0.002227403,0.0100787515,0.0100787515,0.050713386
18,0.00222895,0.01706917,0.000999958,0.01706917
19,0.002230496,0.03184399,0.03184399,0.05571196
20,0.002232099,0.056869727,0.056869727,0.09055734
21,0.002233776,0.09161384,-0.006511152,0.09161384
22,0.002235436,0.13370141,0.13370141,0.08056554
23,0.002237094,0.1702913,0.1702913,0.13818257
24,0.002238718,0.18367335,-0.010239791,0.18367335
25,0.002240281,0.1610965,0.1610965,0.23102748
26,0.002241803,0.10427739,0.10427739,0.19204609
27,0.00224333,0.018538203,-0.0126990415,0.018538203
28,0.002244893,-0.074866116,-0.074866116,-0.111793354
29,0.002246442,-0.12857886,-0.12857886,-0.1468691
30,0.002247929,-0.08946531,-0.017935868,-0.08946531
31,0.00224939,0.05919621,0.05919621,0.06831609
32,0.002250885,0.24070078,0.24070078,0.33746123
33,0.002252457,0.36995465,-0.013542671,0.36995465
34,0.002254101,0.38106248,0.38106248,0.38584724
35,0.002255695,0.3068101,0.3068101,0.32839736
36,0.002257252,0.21203825,-0.0059550423,0.21203825
37,0.002258785,0.14063828,0.14063828,0.06176168
38,0.002260295,0.09894224,0.09894224,0.00830425
39,0.002261837,0.089435466,-0.009339247,0.089435466
40,0.002263393,0.110571146,0.110571146,0.23774904
41,0.00226496,0.1300344,0.1300344,0.13460372
42,0.002266521,0.11266786,-0.012164442,0.11266786
43,0.002268074,0.04016486,0.04016486,0.0051400936
44,0.002269638,-0.05301403,-0.05301403,-0.022288317
45,0.002271202,-0.12442212,-0.01930641,-0.12442212
46,0.002272763,-0.13809371,-0.13809371,-0.11316809
47,0.002274323,-0.11136228,-0.11136228,-0.13117047
48,0.002275877,-0.0764433,-0.017222326,-0.0764433
49,0.002277408,-0.058181822,-0.058181822,-0.086338654
50,0.002278937,-0.052419588,-0.052419588,-0.11808416
51,0.0022805,-0.048067678,-0.027684653,-0.048067678
52,0.002282093,-0.03524969,-0.03524969,0.06713314
53,0.002283682,-0.0096010575,-0.0096010575,0.031978104
54,0.00228528,0.031694155,-0.019068206,0.031694155
55,0.002286932,0.08498122,0.08498122,0.10813325
56,0.0022886,0.1252648,0.1252648,0.11025697
57,0.002290256,0.12080059,-0.001713282,0.12080059
58,0.002291883,0.05275489,0.05275489,0.080228016
59,0.002293498,-0.024137411,-0.024137411,0.04727921
60,0.002295121,-0.03719832,0.0043588793,-0.03719832
61,0.002296736,0.064444214,0.064444214,-0.030461764
62,0.002298372,0.21111378,0.21111378,0.12838686
63,0.002300001,0.2953757,-0.0035654719,0.2953757
64,0.002301629,0.25099322,0.25099322,0.2736434
65,0.002303256,0.15113053,0.15113053,0.12558058
66,0.002304883,0.09768392,-0.007830074,0.09768392
67,0.002306491,0.16023535,0.16023535,0.18447697
68,0.002308114,0.27591252,0.27591252,0.23086461
69,0.002309769,0.34387633,-0.008543086,0.34387633
70,0.002311398,0.29318872,0.29318872,0.3151525
71,0.002313017,0.16450211,0.16450211,0.12803969
72,0.00231466,0.02614911,-0.008610127,0.02614911
73,0.002316297,-0.06339964,-0.06339964,0.07681206
74,0.00231792,-0.09075462,-0.09075462,-0.0339163
75,0.002319533,-0.04829484,-0.0032965513,-0.04829484
76,0.002321151,0.0521537,0.0521537,0.013164601
77,0.00232273,0.13635725,0.13635725,0.26663578
78,0.002324269,0.11505517,-0.0010195985,0.11505517
79,0.002325794,-0.06501625,-0.06501625,-0.018934503
80,0.002327346,-0.29683423,-0.29683423,-0.28421688
81,0.002328921,-0.4403685,0.00096256426,-0.4403685
82,0.002330539,-0.40003324,-0.40003324,-0.3672061
83,0.002332148,-0.24895428,-0.24895428,-0.29609132
84,0.002333722,-0.095045716,0.002227908,-0.095045716
85,0.00233528,-0.012289298,-0.012289298,-0.065573946
86,0.002336827,0.0013121691,0.0013121691,-0.020940362
87,0.002338406,-0.036696855,0.005792167,-0.036696855
88,0.002339954,-0.10279319,-0.10279319,-0.014397746
89,0.002341537,-0.14909673,-0.14909673,-0.113527045
90,0.002343172,-0.12626404,0.00038004032,-0.12626404
91,0.002344802,-0.012188498,-0.012188498,0.038389996
92,0.002346469,0.12675484,0.12675484,0.22212541
93,0.002348142,0.20560385,0.010024022,0.20560385
94,0.002349782,0.16251136,0.16251136,0.06474047
95,0.002351341,0.055490717,0.055490717,0.063790046
96,0.002352839,-0.024129163,0.011488741,-0.024129163
97,0.00235434,0.002097762,0.002097762,0.06733137
98,0.002355859,0.10667127,0.10667127,0.055423725
99,0.002357352,0.2306621,0.009688679,0.2306621
100,0.002358869,0.31317472,0.31317472,0.23356801
101,0.002360446,0.30746728,0.30746728,0.10727818
102,0.00236203,0.18272506,0.001885158,0.18272506
103,0.002363575,-0.0685345,-0.0685345,-0.1041203
104,0.002365137,-0.33331627,-0.33331627,-0.3279418
105,0.002366717,-0.45732725,0.0014710505,-0.45732725
106,0.002368316,-0.3462578,-0.3462578,-0.24975295
107,0.002369992,-0.08781759,-0.08781759,-0.08299448
108,0.002371682,0.14820865,-0.0040615494,0.14820865
109,0.002373328,0.22889826,0.22889826,0.21931377
110,0.002374945,0.19249403,0.19249403,0.15774612
111,0.002376548,0.1094662,-0.0031137662,0.1094662
112,0.002378206,0.041468527,0.041468527,-0.03904024
113,0.00237989,-0.0026196167,-0.0026196167,-0.07512106
114,0.002381539,-0.023861287,-0.0041098157,-0.023861287
115,0.002383149,-0.028728906,-0.028728906,0.06862361
116,0.002384732,-0.031411104,-0.031411104,0.09293715
117,0.002386315,-0.04631898,-0.006349855,-0.04631898
118,0.00238791,-0.08383285,-0.08383285,-0.15757345
119,0.002389523,-0.13124079,-0.13124079,-0.15284917
120,0.002391171,-0.1677356,-0.0019424519,-0.1677356
121,0.002392832,-0.1774953,-0.1774953,-0.16322885
122,0.002394452,-0.15289548,-0.15289548,-0.14647372
123,0.002395985,-0.0868862,-4.518195e-05,-0.0868862
124,0.002397483,0.018099355,0.018099355,0.15240037
125,0.002398995,0.11532576,0.11532576,0.34345418
126,0.002400548,0.14300005,-0.0020874399,0.14300005
127,0.00240213,0.056391645,0.056391645,0.32026464
128,0.002403712,-0.08970184,-0.08970184,0.071010925
129,0.00240529,-0.22054906,-0.008854004,-0.22054906
130,0.002406867,-0.29337886,-0.29337886,-0.20342211
131,0.002408442,-0.30379882,-0.30379882,-0.3040301
132,0.002410034,-0.25065625,-0.006515152,-0.25065625
133,0.002411665,-0.1356898,-0.1356898,-0.12952998
134,0.002413304,0.021275213,0.021275213,-0.03048748
135,0.002414961,0.1969268,0.001410751,0.1969268
136,0.00241663,0.36257076,0.36257076,0.37862527
137,0.002418245,0.4643262,0.4643262,0.4781414
138,0.002419793,0.44133624,0.00745898,0.44133624
139,0.002421326,0.25248638,0.25248638,0.36455855
140,0.002422876,-0.019342426,-0.019342426,0.054023266
141,0.002424413,-0.25796178,0.008986217,-0.25796178
142,0.002425917,-0.3655905,-0.3655905,-0.47351232
143,0.00242746,-0.35200322,-0.35200322,-0.4471233
144,0.00242901,-0.26124808,-0.0089603625,-0.26124808
145,0.002430517,-0.1309569,-0.1309569,-0.06457851
146,0.00243201,-0.015618649,-0.015618649,0.18734647
147,0.002433532,0.020060813,-0.01297985,0.020060813
148,0.002435089,-0.054382052,-0.054382052,0.013030663
149,0.002436639,-0.16625716,-0.16625716,-0.09221694
150,0.002438236,-0.20734061,-0.009715639,-0.20734061
151,0.002439846,-0.10823922,-0.10823922,-0.285972
152,0.002441465,0.06276843,0.06276843,-0.069345646
153,0.002443075,0.2138266,-0.005320385,0.2138266
154,0.002444679,0.26575792,0.26575792,0.38563293
155,0.00244627,0.23338829,0.23338829,0.32164472
156,0.002447869,0.15800864,-0.009886773,0.15800864
157,0.002449451,0.07893257,0.07893257,0.03204025
158,0.00245098,0.0077669374,0.0077669374,-0.11579328
159,0.002452439,-0.05059429,-0.01573101,-0.05059429
160,0.002453899,-0.09260296,-0.09260296,-0.0014635978
161,0.002455331,-0.1155281,-0.1155281,-0.016596476
162,0.002456772,-0.11715624,-0.010360917,-0.11715624
163,0.002458237,-0.09914732,-0.09914732,-0.09184084
164,0.002459774,-0.07987679,-0.07987679,-0.08973961
165,0.00246139,-0.07810092,-0.011154198,-0.07810092
166,0.002462985,-0.10065404,-0.10065404,-0.12606688
167,0.002464575,-0.11796277,-0.11796277,-0.11274271
168,0.002466128,-0.09321665,-0.014308798,-0.09321665
169,0.002467627,-0.00035227052,-0.00035227052,-0.013726983
170,0.002469114,0.13595255,0.13595255,0.04073552
171,0.002470649,0.2656114,-0.015488475,0.2656114
172,0.0024722,0.33423632,0.33423632,0.3338674
173,0.00247374,0.34944275,0.34944275,0.24705614
174,0.002475278,0.3306336,-0.017228719,0.3306336
175,0.002476825,0.29542404,0.29542404,0.124844454
176,0.002478408,0.2509826,0.2509826,0.04169452
177,0.002479996,0.20066743,-0.017428657,0.20066743
178,0.002481581,0.14914954,0.14914954,0.08000943
179,0.002483125,0.09404022,0.09404022,0.04065516
180,0.002484629,0.03001939,-0.020896677,0.03001939
181,0.002486142,-0.044738613,-0.044738613,0.026968813
182,0.002487692,-0.117595516,-0.117595516,-0.109774634
183,0.002489219,-0.16820921,-0.01817854,-0.16820921
184,0.00249077,-0.18377048,-0.18377048,-0.19991507
185,0.002492381,-0.17774437,-0.17774437,-0.1503172
186,0.002494005,-0.16906641,-0.01612246,-0.16906641
187,0.002495614,-0.16899559,-0.16899559,-0.09580755
188,0.002497209,-0.1668179,-0.1668179,-0.03444348
189,0.002498816,-0.14591761,-0.011370963,-0.14591761
190,0.002500394,-0.09483059,-0.09483059,-0.26528123
191,0.002501934,-0.025135446,-0.025135446,-0.1393482
192,0.00250348,0.03941114,-0.016545566,0.03941114
193,0.002505027,0.08132626,0.08132626,0.2073622
194,0.002506572,0.11094925,0.11094925,0.31392348
195,0.002508128,0.14509806,-0.014059553,0.14509806
196,0.002509703,0.19188525,0.19188525,0.073405735
197,0.002511262,0.23273532,0.23273532,0.18052848
198,0.002512812,0.24523993,-0.009170156,0.24523993
199,0.002514413,0.21139276,0.21139276,0.14104134
200,0.002515986,0.13692702,0.13692702,-0.050242834
201,0.00251752,0.032469925,-0.0089596445,0.032469925
202,0.002519055,-0.09121535,-0.09121535,0.0062266006
203,0.002520608,-0.21849173,-0.21849173,-0.14979646
204,0.002522213,-0.3368589,0.0009850019,-0.3368589
205,0.002523849,-0.4342042,-0.4342042,-0.42546386
206,0.002525471,-0.4785354,-0.4785354,-0.45096892
207,0.002527096,-0.44502634,0.00464252,-0.44502634
208,0.002528713,-0.3223164,-0.3223164,-0.23936899
209,0.002530307,-0.15012258,-0.15012258,-0.04172222
210,0.002531838,0.017777435,-0.006857378,0.017777435
211,0.002533329,0.12400314,0.12400314,0.045977328
212,0.002534857,0.15103011,0.15103011,0.10067663
213,0.00253642,0.09652455,-0.017199494,0.09652455
214,0.002537953,-0.030835044,-0.030835044,0.13642421
215,0.002539492,-0.17598806,-0.17598806,-0.119343184
216,0.002541012,-0.27603915,-0.016365528,-0.27603915
217,0.002542552,-0.2938891,-0.2938891,-0.2300051
218,0.002544153,-0.23182152,-0.23182152,-0.19626552
219,0.002545773,-0.09716301,-0.018132072,-0.09716301
220,0.002547387,0.08000386,0.08000386,0.116825305
221,0.002548973,0.22964731,0.22964731,0.24700578
222,0.002550494,0.26638398,-0.02323649,0.26638398
223,0.002551998,0.14298502,0.14298502,0.12401725
224,0.002553533,-0.051859606,-0.051859606,-0.099417455
225,0.002555101,-0.16673803,-0.017110484,-0.16673803
226,0.002556715,-0.09266637,-0.09266637,-0.0772405
227,0.002558404,0.082504794,0.082504794,0.01221739
228,0.002560073,0.22957344,-0.008525839,0.22957344
229,0.002561746,0.26953372,0.26953372,0.21280974
230,0.002563438,0.21620736,0.21620736,0.16403049
231,0.002565124,0.10487265,-0.0105625335,0.10487265
232,0.002566756,-0.02339579,-0.02339579,-0.11747662
233,0.002568312,-0.11304411,-0.11304411,-0.13629656
234,0.002569823,-0.09409529,-0.007096432,-0.09409529
235,0.002571347,0.06327026,0.06327026,0.09073735
236,0.002572896,0.26315054,0.26315054,0.33457246
237,0.002574436,0.36970928,8.9643174e-05,0.36970928
238,0.002575932,0.3021476,0.3021476,0.12563737
239,0.002577378,0.16689786,0.16689786,0.012910655
240,0.002578867,0.08439403,0.0045417883,0.08439403
241,0.00258045,0.12592393,0.12592393,0.15503627
242,0.002582042,0.22548811,0.22548811,0.1448109
243,0.002583629,0.27358556,-0.0006142145,0.27358556
244,0.00258526,0.2005963,0.2005963,0.30556035
245,0.002586881,0.07229041,0.07229041,0.17870906
246,0.002588473,-0.032132242,-0.0055230604,-0.032132242
247,0.002590041,-0.04372688,-0.04372688,-0.04030569
248,0.002591607,0.0024646707,0.0024646707,-0.045836803
249,0.002593151,0.031647008,-0.0032166725,0.031647008
250,0.002594677,-0.01103406,-0.01103406,-0.08513214
251,0.002596222,-0.09097257,-0.09097257,-0.10902672
252,0.002597784,-0.14993897,-0.0054497514,-0.14993897
253,0.002599365,-0.1510365,-0.1510365,-0.1237235
254,0.002600919,-0.12045398,-0.12045398,-0.039985307
255,0.00260244,-0.098554894,-0.007112155,-0.098554894
256,0.002604001,-0.11460865,-0.11460865,-0.046794727
257,0.002605604,-0.16474627,-0.16474627,-0.10186585
258,0.002607223,-0.23684345,-0.0097057335,-0.23684345
259,0.002608783,-0.3110163,-0.3110163,-0.41074565
260,0.002610324,-0.3378142,-0.3378142,-0.34568918
261,0.002611884,-0.26841217,-0.011687436,-0.26841217
262,0.002613442,-0.073903725,-0.073903725,-0.10082113
263,0.002614961,0.16654892,0.16654892,0.06835894
264,0.00261648,0.3284445,-0.011031192,0.3284445
265,0.002618037,0.3260593,0.3260593,0.44038796
266,0.002619603,0.23330015,0.23330015,0.29676867
267,0.002621175,0.14672782,-0.015790958,0.14672782
268,0.002622774,0.13708201,0.13708201,0.22654001
269,0.002624376,0.15472816,0.15472816,0.036462355
270,0.002625984,0.12512948,-0.015468849,0.12512948
271,0.002627616,-0.004601083,-0.004601083,0.07184563
272,0.002629254,-0.18273355,-0.18273355,-0.10338953
273,0.002630908,-0.32853436,-0.019936144,-0.32853436
274,0.002632552,-0.3766307,-0.3766307,-0.41682324
275,0.00263417,-0.32699916,-0.32699916,-0.33720285
276,0.002635753,-0.19995472,-0.015228492,-0.19995472
277,0.002637273,-0.018915975,-0.018915975,-0.13994396
278,0.002638794,0.16750629,0.16750629,0.055082988
279,0.002640327,0.3060736,-0.013360876,0.3060736
280,0.002641879,0.34693846,0.34693846,0.3738153
281,0.002643432,0.2740042,0.2740042,0.2361375
282,0.002644921,0.08266891,-0.0032450946,0.08266891
283,0.002646418,-0.200601,-0.200601,-0.23980938
284,0.002647956,-0.47888824,-0.47888824,-0.54716015
285,0.002649585,-0.62734413,-0.011053182,-0.62734413
286,0.002651251,-0.5546767,-0.5546767,-0.52479565
287,0.002652911,-0.3381514,-0.3381514,-0.2685279
288,0.002654547,-0.10956462,-0.014506896,-0.10956462
289,0.002656167,0.04956702,0.04956702,0.026525209
290,0.002657776,0.12796283,0.12796283,0.18704751
291,0.002659353,0.12747394,-0.02231652,0.12747394
292,0.002660923,0.056162894,0.056162894,0.09978193
293,0.00266253,-0.042156313,-0.042156313,0.026165184
294,0.002664151,-0.116621554,-0.010733003,-0.116621554
295,0.002665785,-0.13256851,-0.13256851,-0.14405961
296,0.002667387,-0.102944866,-0.102944866,-0.039359547
297,0.002668947,-0.052121185,-0.0028817293,-0.052121185
298,0.002670514,-0.0015406499,-0.0015406499,0.083354674
299,0.002672076,0.028632708,0.028632708,-0.008282661
300,0.002673588,0.014754716,0.002536681,0.014754716
301,0.002675093,-0.05352125,-0.05352125,-0.033423405
302,0.002676616,-0.13017295,-0.13017295,-0.10244982
303,0.002678199,-0.16121121,-0.008720364,-0.16121121
304,0.00267986,-0.11359935,-0.11359935,-0.17297205
305,0.002681509,-0.017265432,-0.017265432,-0.058722734
306,0.002683105,0.079339735,-0.013794875,0.079339735
307,0.002684679,0.14760889,0.14760889,0.11330219
308,0.002686219,0.19972014,0.19972014,0.22363837
309,0.002687762,0.2596206,-0.01445365,0.2596206
310,0.002689269,0.33987075,0.33987075,0.32922778
311,0.002690773,0.38724944,0.38724944,0.40159836
312,0.002692312,0.34106687,-0.0070283203,0.34106687
313,0.002693889,0.17182413,0.17182413,0.15739895
314,0.002695464,-0.056358993,-0.056358993,0.019768292
315,0.002697002,-0.2695019,-0.005847087,-0.2695019
316,0.002698519,-0.39738598,-0.39738598,-0.32574415
317,0.00270006,-0.41640857,-0.41640857,-0.38909802
318,0.002701649,-0.3022021,0.001628964,-0.3022021
319,0.002703237,-0.049397767,-0.049397767,0.011568057
320,0.002704773,0.22809003,0.22809003,0.32551607
321,0.002706333,0.38975286,0.0010549056,0.38975286
322,0.002707891,0.35761473,0.35761473,0.3993032
323,0.002709439,0.21661587,0.21661587,0.26955777
324,0.002710944,0.09565234,-0.0033682077,0.09565234
325,0.002712423,0.10285644,0.10285644,0.15735608
326,0.00271388,0.18144402,0.18144402,0.27024567
327,0.002715327,0.2453771,-0.0036733937,0.2453771
328,0.002716798,0.22718918,0.22718918,0.3105568
329,0.002718313,0.14861576,0.14861576,0.33881348
330,0.002719846,0.054427225,0.002812536,0.054427225
331,0.00272144,-0.022943491,-0.022943491,-0.013375529
332,0.002722997,-0.07530983,-0.07530983,-0.11230875
333,0.002724509,-0.100381814,0.017678455,-0.100381814
334,0.002725968,-0.09918043,-0.09918043,-0.14888461
335,0.002727429,-0.0892167,-0.0892167,-0.11282735
336,0.002728924,-0.09527073,0.007774125,-0.09527073
337,0.002730407,-0.13331793,-0.13331793,-0.036070026
338,0.002731917,-0.16708812,-0.16708812,-0.14592081
339,0.002733429,-0.15288882,-0.0022425312,-0.15288882
340,0.002734958,-0.07343979,-0.07343979,-0.09728302
341,0.002736493,0.019200623,0.019200623,-0.045132823
342,0.002738068,0.054789394,-0.0019309378,0.054789394
343,0.002739622,-0.014645502,-0.014645502,-0.008279447
344,0.002741178,-0.12554204,-0.12554204,-0.22749779
345,0.002742718,-0.18018115,0.0057279035,-0.18018115
346,0.002744261,-0.11012581,-0.11012581,-0.15030113
347,0.002745862,0.02816073,0.02816073,-0.02885879
348,0.002747492,0.14548594,0.0051181884,0.14548594
349,0.002749117,0.1648949,0.1648949,0.13904619
350,0.002750677,0.10968502,0.10968502,0.17060097
351,0.002752215,0.025454774,0.008379666,0.025454774
352,0.002753759,-0.05146155,-0.05146155,-0.10186692
353,0.002755326,-0.11283604,-0.11283604,-0.08094791
354,0.002756922,-0.15240772,-0.0036144746,-0.15240772
355,0.002758482,-0.1647571,-0.1647571,-0.25816643
356,0.002760051,-0.14594156,-0.14594156,-0.21848856
357,0.002761631,-0.09273662,-0.01182694,-0.09273662
358,0.002763245,-0.007872021,-0.007872021,0.007989228
359,0.002764832,0.07306886,0.07306886,0.15541023
360,0.002766391,0.10206424,-0.024311613,0.10206424
361,0.002767958,0.049544245,0.049544245,-0.039222397
362,0.002769508,-0.038105916,-0.038105916,-0.16340566
363,0.002771087,-0.09610757,-0.024858741,-0.09610757
364,0.002772682,-0.076501064,-0.076501064,0.049304355
365,0.002774281,-0.014022745,-0.014022745,0.13091667
366,0.002775917,0.03664344,-0.020357665,0.03664344
367,0.002777532,0.040203307,0.040203307,0.11857293
368,0.002779127,0.020518448,0.020518448,0.07482763
369,0.002780722,0.016085526,-0.019229826,0.016085526
370,0.002782339,0.05262832,0.05262832,0.020671573
371,0.002783993,0.09396203,0.09396203,0.17892122
372,0.002785694,0.0865349,-0.01736719,0.0865349
373,0.002787359,-0.0035289875,-0.0035289875,0.0060990914
374,0.00278892,-0.12361927,-0.12361927,-0.23526512
375,0.002790451,-0.20517296,-0.020833056,-0.20517296
376,0.00279195,-0.19801874,-0.19801874,-0.09331952
377,0.002793444,-0.12897916,-0.12897916,-0.18355317
378,0.002794993,-0.049558144,-0.012037363,-0.049558144
379,0.002796533,-0.007882871,-0.007882871,-0.11924996
380,0.00279805,0.0018997666,0.0018997666,0.042473502
381,0.002799559,-0.003105145,-0.006547084,-0.003105145
382,0.002801082,-0.01037227,-0.01037227,-0.027268676
383,0.002802565,-0.009997356,-0.009997356,-0.09542289
384,0.002804017,0.0085849855,-0.010768075,0.0085849855
385,0.002805473,0.04712598,0.04712598,0.13835078
386,0.002807037,0.07276276,0.07276276,0.22728257
387,0.002808717,0.046674877,-0.0048062922,0.046674877
388,0.002810419,-0.052768085,-0.052768085,-0.020622125
389,0.002812107,-0.16894539,-0.16894539,-0.13002396
390,0.002813794,-0.23600447,-0.009227668,-0.23600447
391,0.002815469,-0.21027657,-0.21027657,-0.18388213
392,0.002817128,-0.10510309,-0.10510309,-0.103959575
393,0.002818765,0.042445645,-0.005655004,0.042445645
394,0.002820373,0.17275377,0.17275377,0.18647534
395,0.002821903,0.24690866,0.24690866,0.41046187
396,0.002823408,0.23545815,0.00022223569,0.23545815
397,0.002824907,0.12515613,0.12515613,0.19154677
398,0.002826448,-0.032442234,-0.032442234,-0.04372165
399,0.002828062,-0.17261632,0.009960991,-0.17261632
400,0.002829697,-0.24708307,-0.24708307,-0.35862976
401,0.00283135,-0.25756943,-0.25756943,-0.36237144
402,0.00283298,-0.21833104,0.0020899125,-0.21833104
403,0.002834539,-0.14485596,-0.14485596,-0.13051042
404,0.002836069,-0.07769202,-0.07769202,-0.018270168
405,0.00283764,-0.073609166,-0.01869208,-0.073609166
406,0.002839269,-0.17396373,-0.17396373,-0.10863991
407,0.002840903,-0.31397644,-0.31397644,-0.23965295
408,0.002842578,-0.39686108,-0.0121850725,-0.39686108
409,0.002844282,-0.36176103,-0.36176103,-0.28371754
410,0.002845978,-0.24669895,-0.24669895,-0.1687846
411,0.002847686,-0.09743303,-0.008812523,-0.09743303
412,0.002849369,0.040001508,0.040001508,0.13491447
413,0.002850997,0.13022278,0.13022278,0.15816936
414,0.002852545,0.14730965,-0.010977119,0.14730965
415,0.002854059,0.07429266,0.07429266,0.015040808
416,0.002855588,-0.041297372,-0.041297372,-0.13939856
417,0.002857154,-0.13770558,-0.0095148925,-0.13770558
418,0.002858735,-0.16853963,-0.16853963,0.051433437
419,0.002860367,-0.16156876,-0.16156876,-0.06957387
420,0.002862051,-0.1572745,-0.011717846,-0.1572745
421,0.002863642,-0.1734213,-0.1734213,-0.36501914
422,0.002865151,-0.16808414,-0.16808414,-0.27248174
423,0.002866611,-0.080143206,-0.006161279,-0.080143206
424,0.002868097,0.121893376,0.121893376,0.1529404
425,0.002869614,0.33752522,0.33752522,0.34004572
426,0.002871197,0.4068766,0.0010938626,0.4068766
427,0.002872836,0.2318042,0.2318042,0.19535062
428,0.002874475,-0.042571634,-0.042571634,0.076108076
429,0.002876138,-0.26662704,0.002865515,-0.26662704
430,0.002877797,-0.34709936,-0.34709936,-0.2149333
431,0.002879405,-0.3071267,-0.3071267,-0.27444366
432,0.002880996,-0.20663664,0.0011858263,-0.20663664
433,0.002882569,-0.10670121,-0.10670121,-0.109464966
434,0.002884141,-0.027809583,-0.027809583,-0.15818635
435,0.002885734,0.026585214,-0.005740587,0.026585214
436,0.002887344,0.051777482,0.051777482,0.024036102
437,0.002888903,0.048532426,0.048532426,0.104673356
438,0.002890404,0.019343976,-0.0066240598,0.019343976
439,0.002891925,-0.028959539,-0.028959539,0.017599564
440,0.002893513,-0.06993631,-0.06993631,0.008472477
441,0.002895165,-0.07151223,-0.0028542096,-0.07151223
442,0.002896789,-0.014553742,-0.014553742,0.016839867
443,0.002898391,0.054379154,0.054379154,0.08905401
444,0.002900013,0.08145168,0.0012659684,0.08145168
445,0.002901628,0.036275398,0.036275398,-0.018270168
446,0.002903149,-0.047298294,-0.047298294,0.029076464
447,0.002904684,-0.10622795,0.0040315534,-0.10622795
448,0.002906273,-0.08353078,-0.08353078,-0.30858934
449,0.002907872,0.007104411,0.007104411,-0.1218998
450,0.002909451,0.14187926,0.0027226433,0.14187926
451,0.00291104,0.28659442,0.28659442,0.32338274
452,0.002912616,0.3802079,0.3802079,0.36810738
453,0.002914187,0.37647584,-0.000713112,0.37647584
454,0.002915755,0.23894313,0.23894313,0.08713494
455,0.002917345,0.049900014,0.049900014,-0.024941364
456,0.002918964,-0.07254623,0.0019309353,-0.07254623
457,0.002920624,-0.05329353,-0.05329353,0.12218605
458,0.002922288,0.040716365,0.040716365,0.09934797
459,0.002923981,0.10786644,0.0126686655,0.10786644
460,0.002925631,0.074169576,0.074169576,0.13962053
461,0.002927145,-0.033290986,-0.033290986,-0.03238726
462,0.002928634,-0.16030471,0.0074865366,-0.16030471
463,0.002930146,-0.25152427,-0.25152427,-0.28933653
464,0.002931675,-0.26295993,-0.26295993,-0.24254493
465,0.002933238,-0.1550822,-0.0031447832,-0.1550822
466,0.002934809,0.06961258,0.06961258,0.078388244
467,0.002936391,0.2711437,0.2711437,0.29841876
468,0.002937988,0.34138402,-0.0029336438,0.34138402
469,0.002939619,0.20450662,0.20450662,0.1643798
470,0.002941282,-0.051169824,-0.051169824,-0.08224336
471,0.002942948,-0.2873596,-0.011437662,-0.2873596
472,0.00294459,-0.38324404,-0.38324404,-0.344608
473,0.002946182,-0.3625695,-0.3625695,-0.2736186
474,0.002947738,-0.28604272,-0.016132653,-0.28604272
475,0.002949291,-0.20798874,-0.20798874,-0.3699138
476,0.002950781,-0.15246616,-0.15246616,-0.22990867
477,0.002952229,-0.1365505,-0.022418022,-0.1365505
478,0.002953688,-0.1652199,-0.1652199,-0.040773936
479,0.002955185,-0.20382196,-0.20382196,-0.12564792
480,0.002956763,-0.21407288,-0.01668104,-0.21407288
481,0.002958415,-0.17280069,-0.17280069,-0.12054648
482,0.002960047,-0.10728098,-0.10728098,-0.03026032
483,0.002961695,-0.050309267,-0.009179164,-0.050309267
484,0.00296334,-0.023293613,-0.023293613,-0.088890985
485,0.00296498,-0.024431892,-0.024431892,-0.13682373
486,0.002966579,-0.04643363,-0.001871652,-0.04643363
487,0.002968137,-0.07286235,-0.07286235,0.06531908
488,0.00296967,-0.05525329,-0.05525329,0.06337859
489,0.00297121,0.061447732,0.010535816,0.061447732
490,0.00297275,0.296625,0.296625,0.18061419
491,0.002974306,0.5282298,0.5282298,0.38680407
492,0.002975862,0.60268253,0.00581374,0.60268253
493,0.002977437,0.43951768,0.43951768,0.5576482
494,0.002979024,0.14818181,0.14818181,0.23625214
495,0.002980622,-0.13345492,-0.001811853,-0.13345492
496,0.002982239,-0.29081234,-0.29081234,-0.2686179
497,0.002983804,-0.32301646,-0.32301646,-0.35465232
498,0.002985334,-0.25609198,0.0007744378,-0.25609198
499,0.002986863,-0.123588264,-0.123588264,-0.047674436
500,0.002988404,0.009906894,0.009906894,0.11385937
501,0.002989931,0.06960082,0.0021890735,0.06960082
502,0.002991432,0.010778023,0.010778023,-0.03434276
503,0.002992989,-0.073763356,-0.073763356,-0.10025645
504,0.002994551,-0.07160545,-0.002029221,-0.07160545
505,0.002996112,0.0786392,0.0786392,0.09061305
506,0.002997673,0.2682605,0.2682605,0.26770192
507,0.002999203,0.34012392,0.0058991574,0.34012392
508,0.00300071,0.20084089,0.20084089,0.1309006
509,0.003002243,-0.045531474,-0.045531474,-0.08721194
510,0.003003841,-0.21825175,0.012246002,-0.21825175
511,0.003005444,-0.19010645,-0.19010645,-0.13470215
512,0.003007076,-0.05442867,-0.05442867,0.017222395
513,0.003008688,0.040182624,0.0193429,0.040182624
514,0.003010299,0.0011782809,0.0011782809,0.054136846
515,0.003011915,-0.09678737,-0.09678737,-0.042843014
516,0.003013522,-0.1309176,0.014895103,-0.1309176
517,0.003015113,-0.0060354555,-0.0060354555,-0.13926356
518,0.00301663,0.18383682,0.18383682,0.085631624
519,0.003018139,0.28517282,0.004509367,0.28517282
520,0.003019694,0.19964322,0.19964322,0.31904742
521,0.003021263,0.011581416,0.011581416,0.18403444
522,0.003022797,-0.14609869,-0.00055177556,-0.14609869
523,0.003024318,-0.17710431,-0.17710431,-0.28447512
524,0.003025822,-0.11987579,-0.11987579,-0.18004936
525,0.003027315,-0.035014592,-0.0069913277,-0.035014592
526,0.003028793,0.031204086,0.031204086,0.22330943
527,0.003030276,0.054901455,0.054901455,0.15465374
528,0.003031787,0.022731006,-0.0012620584,0.022731006
529,0.003033311,-0.0641732,-0.0641732,0.04330285
530,0.003034858,-0.15745741,-0.15745741,-0.22120483
531,0.003036424,-0.20025046,0.0012882476,-0.20025046
532,0.003038007,-0.15549868,-0.15549868,-0.04121647
533,0.003039604,-0.05498345,-0.05498345,0.099307254
534,0.00304121,0.053971834,0.0015387525,0.053971834
535,0.003042813,0.12675624,0.12675624,0.22009812
536,0.003044397,0.15225318,0.15225318,0.3036531
537,0.003045906,0.12679137,0.009277908,0.12679137
538,0.003047352,0.053943235,0.053943235,-0.2179121
539,0.003048801,-0.033733033,-0.033733033,-0.28515765
540,0.003050288,-0.09460854,0.0083863195,-0.09460854
541,0.00305186,-0.10315472,-0.10315472,-0.033671994
542,0.00305345,-0.102111384,-0.102111384,-0.1408826
543,0.003055079,-0.14526184,0.0022627246,-0.14526184
544,0.003056764,-0.253385,-0.253385,-0.4276819
545,0.003058451,-0.3687216,-0.3687216,-0.34550273
546,0.003060053,-0.41105103,0.0023578622,-0.41105103
547,0.003061614,-0.31102186,-0.31102186,-0.30624062
548,0.003063191,-0.12622587,-0.12622587,-0.027512979
549,0.003064783,0.04395647,-0.00068773364,0.04395647
550,0.003066412,0.11222784,0.11222784,0.03159236
551,0.003068038,0.09302779,0.09302779,0.004821856
552,0.003069622,0.039231125,0.0026867762,0.039231125
553,0.003071186,-0.008788601,-0.008788601,0.16807865
554,0.003072719,-0.031949162,-0.031949162,0.11273751
555,0.003074241,-0.012342597,0.003682687,-0.012342597
556,0.003075783,0.062085252,0.062085252,0.019582922
557,0.003077305,0.16774984,0.16774984,0.1485258
558,0.003078802,0.2705339,0.0019867131,0.2705339
559,0.003080325,0.3440678,0.3440678,0.26675683
560,0.003081915,0.3672844,0.3672844,0.45880392
561,0.003083515,0.32239586,0.005457548,0.32239586
562,0.003085034,0.19922946,0.19922946,0.038917176
563,0.003086493,0.037776705,0.037776705,-0.20724525
564,0.003087948,-0.11340383,0.008244339,-0.11340383
565,0.003089448,-0.22141072,-0.22141072,-0.14123084
566,0.003090996,-0.28163213,-0.28163213,-0.24822606
567,0.003092549,-0.29433295,0.0077333516,-0.29433295
568,0.003094136,-0.27072707,-0.27072707,-0.20559299
569,0.003095723,-0.2344078,-0.2344078,-0.24186882
570,0.003097327,-0.2057462,0.0056536905,-0.2057462
571,0.003098881,-0.19925533,-0.19925533,-0.23756029
572,0.003100373,-0.20590004,-0.20590004,-0.27694777
573,0.003101847,-0.20763849,-0.0049336734,-0.20763849
574,0.003103335,-0.18648331,-0.18648331,-0.26884827
575,0.003104835,-0.1308063,-0.1308063,-0.19135052
576,0.003106341,-0.029516695,-0.009859115,-0.029516695
577,0.003107853,0.107550405,0.107550405,0.13394155
578,0.003109371,0.22021025,0.22021025,0.27980992
579,0.003110872,0.24923772,-0.007496473,0.24923772
580,0.00311239,0.15205827,0.15205827,0.048443936
581,0.003113955,-0.037437737,-0.037437737,-0.06256301
582,0.003115553,-0.26201743,-9.286334e-06,-0.26201743
583,0.003117143,-0.46309856,-0.46309856,-0.36634246
584,0.003118689,-0.5803325,-0.5803325,-0.52025783
585,0.003120192,-0.5536685,0.0011581641,-0.5536685
586,0.003121681,-0.35462207,-0.35462207,-0.3384897
587,0.003123193,-0.074198894,-0.074198894,-0.16891962
588,0.003124703,0.14228,-0.00021692645,0.14228
589,0.003126211,0.17764033,0.17764033,0.17305258
590,0.00312772,0.09196764,0.09196764,0.053687885
591,0.003129268,-0.019463826,-0.010288192,-0.019463826
592,0.003130811,-0.091191664,-0.091191664,-0.029309895
593,0.003132314,-0.12057352,-0.12057352,-0.106504396
594,0.003133794,-0.117928796,-0.0067706234,-0.117928796
595,0.003135289,-0.09645397,-0.09645397,-0.10498179
596,0.003136827,-0.07455539,-0.07455539,-0.114051014
597,0.003138378,-0.07239086,-0.00048404792,-0.07239086
598,0.003139904,-0.101258025,-0.101258025,-0.07514678
599,0.003141406,-0.12944515,-0.12944515,-0.09325844
600,0.003142942,-0.11941604,0.0020449348,-0.11941604
601,0.003144506,-0.049762607,-0.049762607,-0.04764872
602,0.003146115,0.03841555,0.03841555,-0.010620688
603,0.003147779,0.078968994,0.0054324437,0.078968994
604,0.003149393,0.029756133,0.029756133,-0.027879434
605,0.00315096,-0.056335595,-0.056335595,-0.08625401
606,0.003152465,-0.109953575,0.0141272135,-0.109953575
607,0.003153951,-0.07649801,-0.07649801,-0.049382415
608,0.003155462,0.0053377314,0.0053377314,0.022409555
609,0.003156995,0.063927196,0.009859871,0.063927196
610,0.003158552,0.04515664,0.04515664,0.047709953
611,0.003160107,0.0035877938,0.0035877938,0.040930536
612,0.003161666,0.0073409667,0.0029704883,0.0073409667
613,0.003163242,0.08953785,0.08953785,0.10455763
614,0.003164832,0.1875039,0.1875039,0.21673037
615,0.00316641,0.20707396,-0.005911504,0.20707396
616,0.003167982,0.08287782,0.08287782,0.13093382
617,0.003169603,-0.100779556,-0.100779556,-0.009613472
618,0.003171247,-0.22195166,-0.011112863,-0.22195166
619,0.003172881,-0.19144978,-0.19144978,-0.17624336
620,0.003174564,-0.061581817,-0.061581817,-0.05920384
621,0.003176234,0.072779976,-0.008267829,0.072779976
622,0.003177881,0.13733403,0.13733403,0.15480697
623,0.003179508,0.12623383,0.12623383,0.11628312
624,0.003181141,0.04804105,-0.010183791,0.04804105
625,0.00318274,-0.07547425,-0.07547425,-0.08610078
626,0.003184321,-0.19758725,-0.19758725,-0.26154274
627,0.003185914,-0.25265566,-0.010945671,-0.25265566
628,0.00318746,-0.20451882,-0.20451882,-0.14392889
629,0.003188985,-0.10569549,-0.10569549,-0.016636122
630,0.003190517,-0.025065659,-0.011440616,-0.025065659
631,0.00319205,-0.011049491,-0.011049491,-0.049909595
632,0.003193606,-0.026073799,-0.026073799,-0.12135118
633,0.003195161,-0.01564605,-0.017974686,-0.01564605
634,0.003196706,0.05430648,0.05430648,0.10102166
635,0.003198239,0.14965,0.14965,0.23798476
636,0.003199793,0.22405626,-0.027927713,0.22405626
637,0.003201367,0.24172759,0.24172759,0.24005812
638,0.003202956,0.21618591,0.21618591,0.2610532
639,0.003204552,0.17448947,-0.020680431,0.17448947
640,0.003206154,0.14009865,0.14009865,0.2229301
641,0.00320771,0.11837469,0.11837469,0.22173859
642,0.003209203,0.1101166,-0.012508072,0.1101166
643,0.003210693,0.11723991,0.11723991,0.00868785
644,0.003212227,0.14232455,0.14232455,0.081230946
645,0.003213747,0.18791223,-0.010771006,0.18791223
646,0.003215275,0.2490464,0.2490464,0.19405624
647,0.003216816,0.2898928,0.2898928,0.31834558
648,0.003218375,0.27528068,-0.0037900577,0.27528068
649,0.003219988,0.19041498,0.19041498,0.1922379
650,0.003221652,0.0841536,0.0841536,0.10104952
651,0.003223297,0.032889955,-0.0039488436,0.032889955
652,0.003224949,0.081919335,0.081919335,0.08205386
653,0.003226584,0.16923934,0.16923934,0.16813973
654,0.003228196,0.2016725,-0.0050363257,0.2016725
655,0.003229821,0.10903626,0.10903626,0.06530515
656,0.003231453,-0.047516998,-0.047516998,-0.041130748
657,0.003233099,-0.15308705,-0.010051167,-0.15308705
658,0.00323475,-0.1327382,-0.1327382,-0.100800775
659,0.00323643,-0.045017418,-0.045017418,-0.048613075
660,0.003238074,0.019981522,-0.0058572926,0.019981522
661,0.003239576,0.0022625658,0.0022625658,-0.12139512
662,0.003241051,-0.05877546,-0.05877546,-0.16116942
663,0.003242575,-0.09642045,0.00059666124,-0.09642045
664,0.003244134,-0.059299134,-0.059299134,-0.056363277
665,0.003245673,0.033727746,0.033727746,0.08128881
666,0.003247226,0.13953158,0.00219263,0.13953158
667,0.003248758,0.21871963,0.21871963,0.1475743
668,0.003250312,0.2637687,0.2637687,0.2795506
669,0.003251907,0.2625169,0.006397703,0.2625169
670,0.003253545,0.20179042,0.20179042,0.20304832
671,0.003255209,0.09471235,0.09471235,0.039166838
672,0.003256921,-0.043567352,-0.0016173741,-0.043567352
673,0.00325857,-0.18685609,-0.18685609,-0.07793055
674,0.003260156,-0.29112783,-0.29112783,-0.14592725
675,0.003261731,-0.2977318,0.0008135773,-0.2977318
676,0.00326334,-0.16585408,-0.16585408,-0.22664593
677,0.003265016,0.0281035,0.0281035,-0.03703331
678,0.00326671,0.16957232,0.01201182,0.16957232
679,0.00326838,0.16695549,0.16695549,0.19382907
680,0.003270005,0.08490213,0.08490213,0.15383941
681,0.003271516,0.0038274988,0.008977504,0.0038274988
682,0.003273008,-0.018761246,-0.018761246,-0.0572837
683,0.003274534,0.0047085374,0.0047085374,0.018090315
684,0.003276014,0.037144907,-0.00070555374,0.037144907
685,0.00327748,0.044338353,0.044338353,0.05243744
686,0.003278965,0.021036217,0.021036217,0.10949406
687,0.003280482,-0.027704779,-0.0045314655,-0.027704779
688,0.00328199,-0.09721742,-0.09721742,-0.06641829
689,0.003283505,-0.16728032,-0.16728032,-0.17251131
690,0.003285032,-0.20765242,-0.003431635,-0.20765242
691,0.003286595,-0.2028274,-0.2028274,-0.19380856
692,0.003288217,-0.16571322,-0.16571322,-0.18345353
693,0.003289875,-0.11643833,-0.0016465399,-0.11643833
694,0.003291474,-0.07747399,-0.07747399,-0.05391917
695,0.00329303,-0.0660719,-0.0660719,0.02277601
696,0.003294561,-0.09968641,0.0049672974,-0.09968641
697,0.00329607,-0.18680081,-0.18680081,-0.054782804
698,0.003297574,-0.2886229,-0.2886229,-0.1585378
699,0.003299105,-0.3427747,0.016792793,-0.3427747
700,0.003300653,-0.30368957,-0.30368957,-0.41040707
701,0.00330222,-0.20156868,-0.20156868,-0.29283607
702,0.003303827,-0.07545751,0.0055722,-0.07545751
703,0.003305425,0.042667057,0.042667057,-0.08837237
704,0.003307022,0.13710122,0.13710122,-0.020723917
705,0.003308618,0.19512667,-0.0035512433,0.19512667
706,0.003310212,0.20501389,0.20501389,0.04621306
707,0.003311782,0.17539726,0.17539726,0.040030472
708,0.003313348,0.11992088,-0.0010434929,0.11992088
709,0.003314949,0.05373222,0.05373222,0.13972339
710,0.003316516,-0.018599417,-0.018599417,0.060320508
711,0.003318086,-0.09465033,0.008630739,-0.09465033
712,0.003319676,-0.17138505,-0.17138505,-0.19939111
713,0.003321309,-0.24260825,-0.24260825,-0.36014163
714,0.003322957,-0.30376542,0.0151308775,-0.30376542
715,0.003324616,-0.34681624,-0.34681624,-0.28632024
716,0.003326197,-0.34747693,-0.34747693,-0.34881905
717,0.003327712,-0.2814824,0.0037582067,-0.2814824
718,0.003329226,-0.13662446,-0.13662446,-0.083816335
719,0.00333079,0.037703384,0.037703384,0.08931653
720,0.003332357,0.16423301,0.0012375759,0.16423301
721,0.003333896,0.1847221,0.1847221,0.021823442
722,0.003335432,0.12872793,0.12872793,0.036234125
723,0.00333695,0.04484796,0.0071725086,0.04484796
724,0.003338433,-0.035074122,-0.035074122,0.004351465
725,0.003339935,-0.093286954,-0.093286954,-0.07557109
726,0.003341489,-0.109656766,0.013657555,-0.109656766
727,0.003343067,-0.07554424,-0.07554424,-0.13521218
728,0.003344623,-0.01271904,-0.01271904,-0.08788055
729,0.003346171,0.04996869,0.017672475,0.04996869
730,0.003347682,0.09118122,0.09118122,0.07703921
731,0.003349182,0.11535519,0.11535519,0.06410721
732,0.003350686,0.13087489,0.012405476,0.13087489
733,0.003352216,0.1417202,0.1417202,0.18800116
734,0.003353772,0.13427933,0.13427933,0.11990267
735,0.003355356,0.09148633,-0.0029931911,0.09148633
736,0.003356932,0.0060542817,0.0060542817,0.24056388
737,0.003358491,-0.1028787,-0.1028787,0.07249817
738,0.003360077,-0.21075764,-0.0023893516,-0.21075764
739,0.003361686,-0.2947241,-0.2947241,-0.22687416
740,0.003363261,-0.33566296,-0.33566296,-0.21434183
741,0.00336481,-0.31453407,-0.001531095,-0.31453407
742,0.003366259,-0.22645019,-0.22645019,-0.10035181
743,0.003367704,-0.119437195,-0.119437195,-0.03603038
744,0.003369215,-0.050105684,0.00046297145,-0.050105684
745,0.003370818,-0.0622477,-0.0622477,-0.14298168
746,0.003372402,-0.117772564,-0.117772564,-0.16824993
747,0.003373961,-0.1607676,-0.00082085654,-0.1607676
748,0.0033755,-0.15376095,-0.15376095,-0.12543792
749,0.003376974,-0.106784664,-0.106784664,-0.06176688
750,0.003378419,-0.0321601,-0.01331469,-0.0321601
751,0.003379883,0.055995338,0.055995338,0.025609072
752,0.0033814,0.13334796,0.13334796,0.15093455
753,0.003382961,0.18187214,-0.020580746,0.18187214
754,0.003384491,0.18848662,0.18848662,0.22296654
755,0.003386012,0.15430349,0.15430349,0.25188756
756,0.003387551,0.08304608,-0.003989931,0.08304608
757,0.003389095,-0.01881339,-0.01881339,-0.0067750528
758,0.003390682,-0.11383402,-0.11383402,-0.048328053
759,0.003392314,-0.14589939,0.00087607093,-0.14589939
760,0.003393974,-0.08098181,-0.08098181,-0.09094613
761,0.003395608,0.01870104,0.01870104,0.008126381
762,0.003397195,0.07174383,0.00010505412,0.07174383
763,0.003398742,0.020144718,0.020144718,0.07191634
764,0.003400279,-0.08356417,-0.08356417,0.006250174
765,0.003401816,-0.14894997,-0.002153987,-0.14894997
766,0.00340335,-0.104519404,-0.104519404,-0.22550906
767,0.00340492,-0.011083511,-0.011083511,-0.104793206
768,0.003406534,0.04121341,-0.0110858735,0.04121341
769,0.00340818,0.00052908994,0.00052908994,0.011573415
770,0.003409811,-0.085866265,-0.085866265,-0.037971947
771,0.003411437,-0.15053257,-0.010202542,-0.15053257
772,0.003413049,-0.14285637,-0.14285637,-0.18475327
773,0.003414671,-0.07716729,-0.07716729,-0.07128186
774,0.003416312,0.014762217,0.0066216835,0.014762217
775,0.003417924,0.10118475,0.10118475,-0.010271377
776,0.003419494,0.17098086,0.17098086,0.13507305
777,0.003421065,0.22238363,0.017871417,0.22238363
778,0.003422654,0.24946867,0.24946867,0.20293367
779,0.003424248,0.2324401,0.2324401,0.15133101
780,0.003425848,0.14554594,0.01932725,0.14554594
781,0.003427495,-0.0144508425,-0.0144508425,0.20324975
782,0.003429129,-0.18036918,-0.18036918,0.018913232
783,0.003430749,-0.28010443,0.0013685392,-0.28010443
784,0.00343238,-0.25873363,-0.25873363,-0.20281778
785,0.003434025,-0.14801566,-0.14801566,-0.113654554
786,0.003435665,-0.00410486,-0.0002753263,-0.00410486
787,0.003437298,0.12375986,0.12375986,0.08928653
788,0.003438888,0.19836679,0.19836679,0.17540024
789,0.003440437,0.1950056,-0.001667479,0.1950056
790,0.003441965,0.10525022,0.10525022,0.066644534
791,0.003443483,-0.011035048,-0.011035048,-0.021170735
792,0.003444986,-0.072915904,0.0025741041,-0.072915904
793,0.003446522,-0.028628243,-0.028628243,0.06906721
794,0.00344811,0.0630859,0.0630859,0.08395364
795,0.003449717,0.12500197,0.003220903,0.12500197
796,0.003451343,0.10903224,0.10903224,0.08997979
797,0.003452974,0.044132356,0.044132356,-0.015732843
798,0.003454589,-0.02359341,-0.010406273,-0.02359341
799,0.003456169,-0.0602784,-0.0602784,-0.011657906
800,0.003457788,-0.06675095,-0.06675095,-0.19975756
801,0.003459394,-0.054732446,-0.021648489,-0.054732446
802,0.00346094,-0.036161155,-0.036161155,0.068008564
803,0.003462463,-0.01593033,-0.01593033,-0.007338665
804,0.003464023,0.0028063536,-0.009228546,0.0028063536
805,0.003465634,0.017778557,0.017778557,-0.07985176
806,0.003467205,0.030191828,0.030191828,-0.092912346
807,0.003468704,0.04077088,-0.0047836853,0.04077088
808,0.003470239,0.04964772,0.04964772,0.22413984
809,0.003471743,0.05433074,0.05433074,0.18548848
810,0.003473218,0.051253423,-0.0033037108,0.051253423
811,0.00347475,0.03776687,0.03776687,8.258538e-05
812,0.003476338,0.020261632,0.020261632,-0.06671081
813,0.003477911,0.006458046,-0.012103431,0.006458046
814,0.003479476,0.00011748284,0.00011748284,0.052372076
815,0.00348104,-0.0014705746,-0.0014705746,0.009760427
816,0.003482556,-0.0032798003,-0.028475933,-0.0032798003
817,0.003484092,-0.008052338,-0.008052338,0.0027388486
818,0.003485679,-0.009274774,-0.009274774,0.06917329
819,0.003487323,0.002601696,-0.023527786,0.002601696
820,0.003488975,0.03276236,0.03276236,-0.025794284
821,0.003490584,0.071013935,0.071013935,0.0021409483
822,0.003492162,0.102561414,-0.017149862,0.102561414
823,0.003493715,0.11932381,0.11932381,0.04766388
824,0.003495265,0.12557937,0.12557937,0.09827432
825,0.003496784,0.12978838,-0.0149172405,0.12978838
826,0.003498301,0.13907415,0.13907415,0.15325329
827,0.00349984,0.14998803,0.14998803,0.106639564
828,0.003501412,0.15722537,-0.008409118,0.15722537
829,0.003503033,0.15229689,0.15229689,0.19831654
830,0.003504685,0.112033635,0.112033635,0.17937768
831,0.00350634,0.012264537,-0.005205818,0.012264537
832,0.003507997,-0.15395252,-0.15395252,-0.14979646
833,0.003509659,-0.3212813,-0.3212813,-0.31910834
834,0.003511266,-0.39799365,-0.008872936,-0.39799365
835,0.00351286,-0.30984738,-0.30984738,-0.21508652
836,0.003514419,-0.10801007,-0.10801007,0.05452366
837,0.00351593,0.109690145,-0.013495268,0.109690145
838,0.003517463,0.26057735,0.26057735,0.1782751
839,0.00351905,0.3266199,0.3266199,0.2260589
840,0.003520633,0.3077441,-0.011348776,0.3077441
841,0.003522208,0.21959683,0.21959683,0.19961628
842,0.003523726,0.124494374,0.124494374,0.06646131
843,0.003525216,0.08875077,-0.009221938,0.08875077
844,0.00352672,0.15065332,0.15065332,0.23686075
845,0.003528264,0.26515508,0.26515508,0.32122365
846,0.003529837,0.3507972,-0.013263403,0.3507972
847,0.003531442,0.3455814,0.3455814,0.22195397
848,0.003533075,0.26303616,0.26303616,0.20308475
849,0.003534735,0.13102275,-0.01651776,0.13102275
850,0.003536366,-0.026250614,-0.026250614,0.044886537
851,0.003537978,-0.1654977,-0.1654977,-0.19547904
852,0.003539622,-0.22918111,-0.0041997437,-0.22918111
853,0.003541302,-0.17886755,-0.17886755,-0.10425102
854,0.003543026,-0.072959945,-0.072959945,0.04605769
855,0.003544698,-0.002666899,0.0014768898,-0.002666899
856,0.003546288,-0.032611996,-0.032611996,0.06538551
857,0.003547807,-0.09961658,-0.09961658,-0.19018151
858,0.003549296,-0.114712134,0.003028763,-0.114712134
859,0.003550824,-0.010155256,-0.010155256,-0.075550735
860,0.003552427,0.15908405,0.15908405,0.06387791
861,0.003554031,0.28939778,-0.0024612914,0.28939778
862,0.003555642,0.3188173,0.3188173,0.23808657
863,0.003557282,0.2819868,0.2819868,0.15313971
864,0.003558941,0.22239114,-0.0013424146,0.22239114
865,0.003560595,0.16729183,0.16729183,0.24829158
866,0.00356222,0.11283159,0.11283159,0.17059562
867,0.003563834,0.04918113,0.004695369,0.04918113
868,0.003565421,-0.031894192,-0.031894192,-0.030423189
869,0.003566982,-0.11978782,-0.11978782,-0.17027722
870,0.003568557,-0.19618088,-0.009095194,-0.19618088
871,0.003570143,-0.24308115,-0.24308115,-0.22026405
872,0.003571706,-0.25017732,-0.25017732,-0.16236736
873,0.003573271,-0.21014474,-0.01404334,-0.21014474
874,0.003574837,-0.1261829,-0.1261829,-0.12095473
875,0.003576414,-0.039062776,-0.039062776,-0.018960219
876,0.003578031,0.0053136772,-0.00843904,0.0053136772
877,0.003579633,-0.02410489,-0.02410489,-0.0142841665
878,0.00358123,-0.08208035,-0.08208035,0.025455847
879,0.003582821,-0.10738625,-0.007826144,-0.10738625
880,0.003584371,-0.05923447,-0.05923447,-0.13198589
881,0.003585875,0.020758646,0.020758646,-0.07533429
882,0.003587354,0.06849931,-0.0064586615,0.06849931
883,0.003588833,0.03317365,0.03317365,0.061141282
884,0.003590358,-0.055944126,-0.055944126,-0.020308172
885,0.003591928,-0.15158693,-0.015778657,-0.15158693
886,0.00359352,-0.21192428,-0.21192428,-0.2236425
887,0.003595167,-0.22158426,-0.22158426,-0.18742345
888,0.003596809,-0.17188448,-0.016621813,-0.17188448
889,0.003598439,-0.06293051,-0.06293051,-0.10797451
890,0.003600096,0.06360855,0.06360855,0.026722366
891,0.003601796,0.14423656,-0.010558896,0.14423656
892,0.003603468,0.12730473,0.12730473,0.100740924
893,0.003605097,0.044668797,0.044668797,0.048953973
894,0.003606708,-0.040396765,-0.0049050893,-0.040396765
895,0.0036083,-0.07769375,-0.07769375,-0.23967223
896,0.003609842,-0.070933096,-0.070933096,-0.13871494
897,0.00361138,-0.03531247,-0.0045629144,-0.03531247
898,0.003612945,0.01300323,0.01300323,0.037366707
899,0.00361457,0.06992752,0.06992752,0.08956512
900,0.003616215,0.13592169,-0.0035411534,0.13592169
901,0.003617875,0.20728616,0.20728616,0.15269932
902,0.003619525,0.26606402,0.26606402,0.121453136
903,0.003621166,0.29570144,-0.0045758625,0.29570144
904,0.003622816,0.28187534,0.28187534,0.2950971
905,0.003624443,0.2262073,0.2262073,0.21099246
906,0.003626053,0.1383765,-0.009647978,0.1383765
907,0.003627618,0.029917905,0.029917905,0.06737102
908,0.003629155,-0.08364294,-0.08364294,-0.05495103
909,0.003630694,-0.18804494,-0.021962881,-0.18804494
910,0.003632277,-0.2712911,-0.2712911,-0.26086554
911,0.003633904,-0.32362315,-0.32362315,-0.32733858
912,0.003635531,-0.3392205,-0.027415521,-0.3392205
913,0.003637165,-0.31931442,-0.31931442,-0.36173177
914,0.003638793,-0.2893645,-0.2893645,-0.23978366
915,0.003640358,-0.2778339,-0.014054265,-0.2778339
916,0.00364191,-0.30293605,-0.30293605,-0.19150804
917,0.003643498,-0.33475533,-0.33475533,-0.25721064
918,0.00364512,-0.325697,-0.007020531,-0.325697
919,0.003646773,-0.24324504,-0.24324504,-0.28679386
920,0.003648453,-0.11762613,-0.11762613,-0.1922506
921,0.003650124,0.0022084531,-0.009917669,0.0022084531
922,0.003651773,0.085929595,0.085929595,0.14856973
923,0.003653392,0.123882376,0.123882376,0.09188922
924,0.003655014,0.10684315,-0.013888007,0.10684315
925,0.003656632,0.03384648,0.03384648,0.017897444
926,0.003658249,-0.059561558,-0.059561558,-0.0404707
927,0.00365988,-0.124188535,-0.011240422,-0.124188535
928,0.003661521,-0.127808,-0.127808,-0.19716667
929,0.003663179,-0.096125305,-0.096125305,-0.15751451
930,0.003664832,-0.06546894,-0.0052399207,-0.06546894
931,0.003666469,-0.06336759,-0.06336759,0.039771166
932,0.003668064,-0.083552495,-0.083552495,0.016997378
933,0.003669615,-0.11174299,3.827372e-05,-0.11174299
934,0.003671146,-0.13564655,-0.13564655,-0.07465924
935,0.003672682,-0.1531437,-0.1531437,-0.033302326
936,0.003674242,-0.1644493,0.0006200268,-0.1644493
937,0.003675762,-0.17035064,-0.17035064,-0.2948998
938,0.003677275,-0.17263645,-0.17263645,-0.2745787
939,0.003678804,-0.17327958,0.0020776,-0.17327958
940,0.003680333,-0.16994949,-0.16994949,-0.044614214
941,0.003681869,-0.14386061,-0.14386061,-0.017725844
942,0.003683421,-0.07048465,0.0021403194,-0.07048465
943,0.003684928,0.05189049,0.05189049,0.059314363
944,0.003686432,0.15961973,0.15961973,0.17586957
945,0.003687995,0.1718032,0.005408554,0.1718032
946,0.003689566,0.040448725,0.040448725,0.13117813
947,0.003691159,-0.13511321,-0.13511321,-0.13176194
948,0.003692783,-0.21587622,0.008171697,-0.21587622
949,0.003694374,-0.10945852,-0.10945852,-0.021405395
950,0.003695898,0.094680145,0.094680145,0.17811973
951,0.003697383,0.27408594,0.0129729565,0.27408594
952,0.00369886,0.3157076,0.3157076,0.24143715
953,0.003700345,0.25749955,0.25749955,0.26620823
954,0.003701879,0.17708144,0.008649213,0.17708144
955,0.003703491,0.13605635,0.13605635,0.14626707
956,0.003705102,0.09923636,0.09923636,0.027851734
957,0.003706704,0.015429765,-0.0017879175,0.015429765
958,0.003708299,-0.13993472,-0.13993472,-0.15454108
959,0.003709896,-0.30059394,-0.30059394,-0.33469337
960,0.003711506,-0.37413445,-0.01124263,-0.37413445
961,0.003713126,-0.2727936,-0.2727936,-0.30456477
962,0.00371472,-0.033038653,-0.033038653,0.0053243926
963,0.003716321,0.26806623,-0.011632524,0.26806623
964,0.003717936,0.55264735,0.55264735,0.35715765
965,0.003719519,0.7305265,0.7305265,0.5949773
966,0.003721079,0.70445526,-0.0096239215,0.70445526
967,0.003722627,0.42219645,0.42219645,0.25177076
968,0.003724172,0.04383411,0.04383411,-0.027908364
969,0.003725661,-0.23808533,-0.010636767,-0.23808533
970,0.003727122,-0.2820449,-0.2820449,-0.21655235
971,0.003728653,-0.18644422,-0.18644422,-0.07574361
972,0.003730237,-0.10551219,-0.009321208,-0.10551219
973,0.003731802,-0.14125192,-0.14125192,-0.103933856
974,0.00373328,-0.23455635,-0.23455635,-0.31361684
975,0.003734705,-0.28795856,-0.0053135436,-0.28795856
976,0.003736115,-0.242228,-0.242228,-0.19509543
977,0.00373756,-0.11966495,-0.11966495,0.009399329
978,0.00373907,0.028345698,-0.0016382353,0.028345698
979,0.003740577,0.14175192,0.14175192,0.12887439
980,0.003742076,0.19336422,0.19336422,0.11291645
981,0.003743584,0.17477663,0.0021969057,0.17477663
982,0.003745154,0.084453434,0.084453434,0.08895436
983,0.003746798,-0.045068342,-0.045068342,0.049075052
984,0.003748456,-0.1673338,-0.004463377,-0.1673338
985,0.003750133,-0.23154517,-0.23154517,-0.18550867
986,0.003751819,-0.23606136,-0.23606136,-0.116398685
987,0.003753443,-0.18959218,-0.00635135,-0.18959218
988,0.003755017,-0.098924525,-0.098924525,-0.07580361
989,0.003756502,0.017185738,0.017185738,-0.06548179
990,0.003757979,0.12655565,-0.0121120475,0.12655565
991,0.003759486,0.20422822,0.20422822,0.323192
992,0.003761061,0.24708723,0.24708723,0.35695192
993,0.003762672,0.25876984,-0.0035646993,0.25876984
994,0.003764245,0.24792646,0.24792646,0.34385383
995,0.003765796,0.22999899,0.22999899,0.2909279
996,0.003767374,0.21808797,-0.0066448525,0.21808797
997,0.003768961,0.2199942,0.2199942,0.16603315
998,0.003770566,0.22201774,0.22201774,0.22125213
999,0.003772166,0.20139712,-0.007527973,0.20139712
1000,0.00377377,0.14299141,0.14299141,0.15422729
1001,0.003775369,0.05774666,0.05774666,0.020396195
1002,0.00377694,-0.041157536,-0.0060804375,-0.041157536
1003,0.003778464,-0.1334942,-0.1334942,-0.09375562
1004,0.003779939,-0.18649119,-0.18649119,-0.12692194
1005,0.00378142,-0.16237058,-0.0026745638,-0.16237058
1006,0.00378294,-0.04226937,-0.04226937,-0.087284796
1007,0.003784493,0.12047849,0.12047849,0.08087199
1008,0.003786063,0.25420845,-0.008058034,0.25420845
1009,0.003787671,0.30852434,0.30852434,0.26193935
1010,0.003789271,0.29241282,0.29241282,0.10893902
1011,0.003790882,0.22252293,-0.019416122,0.22252293
1012,0.003792534,0.11635009,0.11635009,0.09750176
1013,0.003794184,0.022344146,0.022344146,0.121787444
1014,0.003795815,0.0020316548,-0.021534089,0.0020316548
1015,0.003797424,0.097330675,0.097330675,0.114266545
1016,0.003798982,0.2480441,0.2480441,0.311594
1017,0.003800551,0.36972857,-0.023146914,0.36972857
1018,0.00380219,0.39367786,0.39367786,0.2921751
1019,0.003803817,0.32912377,0.32912377,0.3128423
1020,0.003805423,0.21189895,-0.016362205,0.21189895
1021,0.003807017,0.07846754,0.07846754,0.11291431
1022,0.003808623,-0.028538907,-0.028538907,-0.07704013
1023,0.003810207,-0.074097775,-0.003357356,-0.074097775
1024,0.003811781,-0.03410998,-0.03410998,0.042202413
1025,0.003813384,0.028680973,0.028680973,0.198683
1026,0.003814983,0.028429275,0.007265919,0.028429275
1027,0.00381655,-0.08451331,-0.08451331,-0.23017226
1028,0.003818116,-0.23739417,-0.23739417,-0.3076164
1029,0.003819722,-0.32273215,0.0049763164,-0.32273215
1030,0.003821304,-0.273436,-0.273436,-0.25511262
1031,0.003822846,-0.14767241,-0.14767241,-0.17177412
1032,0.003824402,-0.042152964,-0.0015244907,-0.042152964
1033,0.003826015,-0.02982466,-0.02982466,0.08141203
1034,0.00382766,-0.09346333,-0.09346333,-0.05068858
1035,0.003829258,-0.20041868,-0.0131777935,-0.20041868
1036,0.003830842,-0.31086022,-0.31086022,-0.3575647
1037,0.003832371,-0.3917719,-0.3917719,-0.38628638
1038,0.003833875,-0.41609567,-0.0029311946,-0.41609567
1039,0.003835371,-0.3637055,-0.3637055,-0.37123388
1040,0.00383691,-0.27570635,-0.27570635,-0.29282856
1041,0.00383851,-0.21748349,0.0034593372,-0.21748349
1042,0.003840106,-0.22541486,-0.22541486,-0.16813742
1043,0.003841709,-0.25765345,-0.25765345,-0.22475901
1044,0.003843331,-0.2601455,-0.005500199,-0.2601455
1045,0.003844935,-0.19864242,-0.19864242,-0.12811774
1046,0.003846501,-0.09857102,-0.09857102,0.034096472
1047,0.00384803,-0.0058074826,-0.0025301091,-0.0058074826
1048,0.003849563,0.033307984,0.033307984,0.16535273
1049,0.003851166,0.019540928,0.019540928,0.10330397
1050,0.003852763,-0.03667757,-0.0053962744,-0.03667757
1051,0.003854333,-0.11628328,-0.11628328,-0.07831736
1052,0.003855912,-0.17670853,-0.17670853,-0.17326458
1053,0.003857504,-0.17592834,-0.010632362,-0.17592834
1054,0.003859153,-0.09115095,-0.09115095,-0.26719385
1055,0.003860775,0.037330683,0.037330683,-0.23520513
1056,0.00386238,0.13479981,-0.00040831952,0.13479981
1057,0.003863978,0.15050074,0.15050074,0.22172253
1058,0.003865521,0.1142426,0.1142426,0.22627214
1059,0.003867075,0.0734936,0.0025094138,0.0734936
1060,0.003868613,0.067203954,0.067203954,0.036824524
1061,0.003870122,0.091138765,0.091138765,0.15087883
1062,0.003871652,0.1279336,0.0030845995,0.1279336
1063,0.003873249,0.16248572,0.16248572,0.17031595
1064,0.00387486,0.1832261,0.1832261,0.24960203
1065,0.003876462,0.1819568,-0.0007151825,0.1819568
1066,0.003878077,0.1508146,0.1508146,0.100734495
1067,0.003879724,0.089090094,0.089090094,0.012187388
1068,0.003881359,-0.005915705,0.00059487415,-0.005915705
1069,0.003882972,-0.13104531,-0.13104531,-0.08830487
1070,0.003884511,-0.23536967,-0.23536967,-0.1461094
1071,0.003886036,-0.25853395,0.0023443727,-0.25853395
1072,0.003887585,-0.1679016,-0.1679016,-0.20281778
1073,0.003889174,-0.03500537,-0.03500537,-0.07130114
1074,0.003890737,0.032002747,0.0035947463,0.032002747
1075,0.003892198,-0.030944835,-0.030944835,-0.05188331
1076,0.003893601,-0.13344835,-0.13344835,-0.20699452
1077,0.003895,-0.17014542,-4.2140484e-05,-0.17014542
1078,0.00389641,-0.07055879,-0.07055879,0.010251177
1079,0.00389788,0.1011421,0.1011421,0.12162136
1080,0.00389942,0.2293195,0.00021604868,0.2293195
1081,0.003900913,0.23763055,0.23763055,0.25648004
1082,0.003902417,0.15949397,0.15949397,0.14361295
1083,0.003903996,0.03276352,0.0018606463,0.03276352
1084,0.0039056,-0.1101771,-0.1101771,-0.16861853
1085,0.003907202,-0.24286269,-0.24286269,-0.19863784
1086,0.003908819,-0.32833079,-0.010935379,-0.32833079
1087,0.003910429,-0.3337982,-0.3337982,-0.25735423
1088,0.003912023,-0.27950016,-0.27950016,-0.1630049
1089,0.003913581,-0.18865354,-0.011929439,-0.18865354
1090,0.003915135,-0.09442142,-0.09442142,-0.23923184
1091,0.003916703,-0.03482815,-0.03482815,-0.08913422
1092,0.003918285,-0.047438703,-0.013653599,-0.047438703
1093,0.003919928,-0.14476392,-0.14476392,-0.17857282
1094,0.003921531,-0.23579761,-0.23579761,-0.29444227
1095,0.003923115,-0.21133518,-0.011836322,-0.21133518
1096,0.003924731,-0.013270407,-0.013270407,-0.012644762
1097,0.003926339,0.24737054,0.24737054,0.30568466
1098,0.003927919,0.40930465,-3.1343545e-05,0.40930465
1099,0.00392948,0.3536922,0.3536922,0.36299202
1100,0.003931079,0.190983,0.190983,0.19919947
1101,0.003932676,0.08617166,8.785178e-05,0.08617166
1102,0.003934275,0.14891869,0.14891869,0.37658298
1103,0.003935877,0.289938,0.289938,0.3745975
1104,0.003937487,0.36752447,-0.007285607,0.36752447
1105,0.003939097,0.28418362,0.28418362,0.30989888
1106,0.003940671,0.063140444,0.063140444,0.19170535
1107,0.003942264,-0.23134127,-0.013399484,-0.23134127
1108,0.003943861,-0.5318056,-0.5318056,-0.665898
1109,0.003945437,-0.75283873,-0.75283873,-0.92669505
1110,0.003947027,-0.8033926,-0.013466967,-0.8033926
1111,0.003948642,-0.6266445,-0.6266445,-0.4577162
1112,0.003950278,-0.31903797,-0.31903797,-0.20401251
1113,0.003951918,0.007840289,-0.0075778505,0.007840289
1114,0.003953541,0.2469986,0.2469986,0.22322585
1115,0.003955186,0.35891214,0.35891214,0.38363135
1116,0.003956871,0.32593396,0.0073571196,0.32593396
1117,0.003958539,0.14273854,0.14273854,0.032747444
1118,0.003960162,-0.1069167,-0.1069167,-0.13742699
1119,0.003961733,-0.30801824,0.0033898568,-0.30801824
1120,0.003963304,-0.37706268,-0.37706268,-0.2770174
1121,0.003964883,-0.3596152,-0.3596152,-0.34856403
1122,0.00396649,-0.33114776,-0.008100182,-0.33114776
1123,0.003968132,-0.34796557,-0.34796557,-0.37411729
1124,0.003969755,-0.36293685,-0.36293685,-0.46185008
1125,0.003971384,-0.31252393,-0.014821991,-0.31252393
1126,0.00397302,-0.16202629,-0.16202629,-0.19194414
1127,0.003974665,0.024704406,0.024704406,0.024868662
1128,0.003976322,0.15722965,-0.009984343,0.15722965
1129,0.003977994,0.16123296,0.16123296,0.11216961
1130,0.003979593,0.071434915,0.071434915,0.039719734
1131,0.003981147,-0.048783444,-0.006657002,-0.048783444
1132,0.003982709,-0.14319454,-0.14319454,-0.11890493
1133,0.003984296,-0.18398441,-0.18398441,-0.17071976
1134,0.003985898,-0.14969252,-0.012086555,-0.14969252
1135,0.003987463,-0.034135234,-0.034135234,0.074313305
1136,0.003988949,0.095185995,0.095185995,0.09238532
1137,0.003990442,0.17180428,-0.014402818,0.17180428
1138,0.003991997,0.15486842,0.15486842,0.13047308
1139,0.00399359,0.075445324,0.075445324,-0.01596643
1140,0.003995142,-0.0124776075,-0.014291335,-0.0124776075
1141,0.003996671,-0.06364565,-0.06364565,-0.022438327
1142,0.003998206,-0.08636707,-0.08636707,-0.020990722
1143,0.003999764,-0.100475036,-0.01685064,-0.100475036
1144,0.004001357,-0.11830001,-0.11830001,0.11247285
1145,0.004002921,-0.13150805,-0.13150805,0.012035234
1146,0.00400447,-0.12613438,-0.017189793,-0.12613438
1147,0.004006039,-0.0945557,-0.0945557,-0.0983931
1148,0.004007668,-0.04473238,-0.04473238,-0.19989471
1149,0.004009346,0.011735213,-0.0024439248,0.011735213
1150,0.004011002,0.063158855,0.063158855,0.13008948
1151,0.004012583,0.09864238,0.09864238,0.1545273
1152,0.004014133,0.1114067,-0.0021535913,0.1114067
1153,0.00401565,0.09586386,0.09586386,0.04905255
1154,0.004017166,0.051881082,0.051881082,-0.026968654
1155,0.004018712,-0.018073011,-0.004683667,-0.018073011
1156,0.004020296,-0.10021402,-0.10021402,0.027864592
1157,0.004021903,-0.15702309,-0.15702309,-0.09689192
1158,0.004023543,-0.155469,-0.0029482176,-0.155469
1159,0.004025196,-0.0795967,-0.0795967,-0.099857844
1160,0.004026844,0.029238647,0.029238647,0.084417604
1161,0.004028488,0.116939954,0.005065839,0.116939954
1162,0.004030146,0.14052714,0.14052714,-0.0035187462
1163,0.004031759,0.12906027,0.12906027,0.0027527781
1164,0.004033347,0.13551344,-0.00058121246,0.13551344
1165,0.004034913,0.19552936,0.19552936,0.33511144
1166,0.004036468,0.25703028,0.25703028,0.26447347
1167,0.004038021,0.2469222,-0.018405765,0.2469222
1168,0.004039583,0.118439436,0.118439436,0.10331361
1169,0.004041149,-0.05844475,-0.05844475,0.036161263
1170,0.004042726,-0.19811922,-0.018934257,-0.19811922
1171,0.004044266,-0.24120435,-0.24120435,-0.13530326
1172,0.004045808,-0.208429,-0.208429,-0.092145145
1173,0.004047431,-0.1370734,-0.0065719425,-0.1370734
1174,0.004049139,-0.057508618,-0.057508618,-0.14410783
1175,0.00405086,0.021350875,0.021350875,-0.0648346
1176,0.004052513,0.09665527,0.00049165875,0.09665527
1177,0.004054127,0.15741915,0.15741915,0.24590212
1178,0.004055761,0.17384803,0.17384803,0.1589537
1179,0.004057381,0.10197637,0.006580295,0.10197637
1180,0.004058985,-0.0889005,-0.0889005,0.04355894
1181,0.004060566,-0.2964661,-0.2964661,-0.22153163
1182,0.004062133,-0.38371477,0.008805898,-0.38371477
1183,0.004063763,-0.28742334,-0.28742334,-0.34156603
1184,0.004065428,-0.10623957,-0.10623957,-0.19435824
1185,0.004067075,0.01523368,-0.003114318,0.01523368
1186,0.00406871,-0.017149778,-0.017149778,0.01149841
1187,0.004070263,-0.12290498,-0.12290498,-0.00737081
1188,0.004071783,-0.18646768,-0.0015575449,-0.18646768
1189,0.00407334,-0.1257339,-0.1257339,-0.15441357
1190,0.004074911,0.005237601,0.005237601,0.06919257
1191,0.00407651,0.1012724,0.007197583,0.1012724
1192,0.004078154,0.08933482,0.08933482,0.12011804
1193,0.00407976,0.0073759765,0.0073759765,0.059087206
1194,0.004081314,-0.09088184,0.0015420251,-0.09088184
1195,0.004082855,-0.17106692,-0.17106692,-0.32739642
1196,0.004084404,-0.23145433,-0.23145433,-0.34554344
1197,0.004085957,-0.28254318,-0.00088551664,-0.28254318
1198,0.004087465,-0.32881364,-0.32881364,-0.29448512
1199,0.004088959,-0.34636655,-0.34636655,-0.28618953
1200,0.00409045,-0.31131956,-0.0066163735,-0.31131956
1201,0.004091952,-0.21371815,-0.21371815,-0.27625236
1202,0.004093479,-0.09077245,-0.09077245,-0.1604708
1203,0.004095044,0.006264103,-0.01654552,0.006264103
1204,0.00409664,0.040396586,0.040396586,0.13353115
1205,0.004098252,0.036891423,0.036891423,0.07292892
1206,0.004099914,0.030870166,-0.015684567,0.030870166
1207,0.004101572,0.049631584,0.049631584,-0.0150824385
1208,0.004103204,0.09198469,0.09198469,-0.034303114
1209,0.00410484,0.14932087,-0.006562969,0.14932087
1210,0.004106496,0.20827925,0.20827925,0.27178007
1211,0.004108131,0.24178144,0.24178144,0.30852628
1212,0.004109669,0.21730042,0.0052925656,0.21730042
1213,0.004111199,0.11870129,0.11870129,0.016942732
1214,0.004112778,0.0045463378,0.0045463378,-0.16333064
1215,0.00411438,-0.05479245,-0.00461378,-0.05479245
1216,0.004115944,-0.011056582,-0.011056582,-0.091574036
1217,0.004117477,0.08096991,0.08096991,0.018671071
1218,0.004119021,0.14201319,-0.004850948,0.14201319
1219,0.00412064,0.12865646,0.12865646,0.25990778
1220,0.004122259,0.054154463,0.054154463,0.16844296
1221,0.004123871,-0.049167044,-0.008285572,-0.049167044
1222,0.004125496,-0.14331655,-0.14331655,-0.22710453
1223,0.004127104,-0.2005657,-0.2005657,-0.31093594
1224,0.004128718,-0.19577906,0.005306915,-0.19577906
1225,0.004130322,-0.1101878,-0.1101878,-0.021731133
1226,0.004131902,0.00637144,0.00637144,0.07158739
1227,0.004133523,0.08570234,0.0036423968,0.08570234
1228,0.004135142,0.08064845,0.08064845,0.016240895
1229,0.004136756,0.023790507,0.023790507,-0.10953569
1230,0.004138375,-0.033186603,0.001135539,-0.033186603
1231,0.004139998,-0.052554544,-0.052554544,-0.062309064
1232,0.004141605,-0.0545659,-0.0545659,0.036227696
1233,0.004143216,-0.07337129,-0.005312811,-0.07337129
1234,0.004144815,-0.12950514,-0.12950514,-0.031912584
1235,0.004146363,-0.18591425,-0.18591425,-0.096738696
1236,0.004147934,-0.19174163,-0.0057948325,-0.19174163
1237,0.004149552,-0.1138214,-0.1138214,-0.16374424
1238,0.004151178,0.0045806994,0.0045806994,-0.037619423
1239,0.004152786,0.10483515,-0.012488734,0.10483515
1240,0.004154365,0.14140297,0.14140297,0.11985338
1241,0.004155967,0.12823181,0.12823181,0.12739356
1242,0.004157604,0.09066984,-0.013992966,0.09066984
1243,0.004159195,0.046717037,0.046717037,0.123844735
1244,0.004160811,-0.005243409,-0.005243409,0.11113346
1245,0.004162453,-0.07231157,-0.011092128,-0.07231157
1246,0.004164082,-0.1529157,-0.1529157,-0.16571046
1247,0.004165653,-0.215596,-0.215596,-0.20991223
1248,0.004167186,-0.2152344,0.006275299,-0.2152344
1249,0.004168751,-0.12448396,-0.12448396,-0.061038256
1250,0.004170323,0.023971444,0.023971444,0.24755439
1251,0.004171915,0.17997986,0.0122617,0.17997986
1252,0.004173517,0.29522526,0.29522526,0.16673283
1253,0.004175103,0.35894072,0.35894072,0.16426945
1254,0.00417669,0.37435213,0.018018547,0.37435213
1255,0.004178294,0.34222326,0.34222326,0.29699153
1256,0.004179909,0.26774004,0.26774004,0.34053752
1257,0.004181543,0.15756825,0.012836173,0.15756825
1258,0.004183179,0.025935786,0.025935786,-0.11431139
1259,0.004184814,-0.08724604,-0.08724604,-0.15684696
1260,0.004186437,-0.14019254,0.0063576605,-0.14019254
1261,0.004188064,-0.10763357,-0.10763357,-0.21527725
1262,0.004189669,-0.03962866,-0.03962866,-0.12435033
1263,0.004191277,-0.008364096,0.0017581005,-0.008364096
1264,0.004192876,-0.06567192,-0.06567192,-0.08214371
1265,0.004194491,-0.16761522,-0.16761522,-0.16819635
1266,0.004196114,-0.24625985,-0.014835084,-0.24625985
1267,0.004197696,-0.25506112,-0.25506112,-0.26328287
1268,0.004199245,-0.22318749,-0.22318749,-0.36712894
1269,0.004200795,-0.19733381,-0.01931828,-0.19733381
1270,0.004202387,-0.20821477,-0.20821477,-0.21634877
1271,0.004203924,-0.2247332,-0.2247332,-0.16477397
1272,0.004205458,-0.19902144,-0.016058674,-0.19902144
1273,0.004207058,-0.104519784,-0.104519784,-0.06270981
1274,0.004208676,0.013865113,0.013865113,-0.08897885
1275,0.004210265,0.101245604,-0.01282805,0.101245604
1276,0.004211815,0.11175893,0.11175893,0.11984052
1277,0.004213335,0.046330787,0.046330787,0.07159918
1278,0.004214881,-0.08148045,-0.005461281,-0.08148045
1279,0.004216448,-0.25732538,-0.25732538,-0.23147735
1280,0.00421807,-0.4067368,-0.4067368,-0.3736137
1281,0.00421975,-0.4427344,-0.009766343,-0.4427344
1282,0.004221409,-0.31986693,-0.31986693,-0.2839865
1283,0.00422305,-0.10033048,-0.10033048,0.0068930774
1284,0.004224692,0.14428693,-0.013751376,0.14428693
1285,0.004226341,0.34163567,0.34163567,0.27232224
1286,0.004228003,0.45341018,0.45341018,0.44141233
1287,0.004229663,0.43777668,-0.013439141,0.43777668
1288,0.004231318,0.280696,0.280696,0.37552005
1289,0.004232971,0.064230874,0.064230874,0.05039622
1290,0.004234586,-0.1146157,-0.01050742,-0.1146157
1291,0.004236192,-0.18083943,-0.18083943,-0.170139
1292,0.004237785,-0.1517056,-0.1517056,-0.107213736
1293,0.004239358,-0.06963388,-0.009489446,-0.06963388
1294,0.004240934,0.024295215,0.024295215,0.024116464
1295,0.004242508,0.09914739,0.09914739,0.14589526
1296,0.00424406,0.12654601,-0.013214817,0.12654601
1297,0.004245638,0.094571866,0.094571866,0.12800218
1298,0.004247209,0.038819704,0.038819704,0.039548293
1299,0.00424877,0.0053008194,-0.004281435,0.0053008194
1300,0.004250363,0.022876825,0.022876825,0.008047089
1301,0.004251921,0.061674155,0.061674155,0.09516481
1302,0.004253456,0.077190295,0.006216634,0.077190295
1303,0.004255006,0.03766796,0.03766796,0.09375578
1304,0.004256556,-0.041144043,-0.041144043,-0.011398601
1305,0.004258036,-0.13100438,-0.015059687,-0.13100438
1306,0.004259489,-0.2088488,-0.2088488,-0.17307706
1307,0.00426095,-0.25617874,-0.25617874,-0.31595168
1308,0.004262443,-0.26259604,-0.018325042,-0.26259604
1309,0.004263935,-0.21997382,-0.21997382,-0.32763967
1310,0.004265416,-0.13427858,-0.13427858,-0.29089558
1311,0.004266927,-0.021425754,-0.0153657915,-0.021425754
1312,0.0042685,0.10452015,0.10452015,0.16564633
1313,0.004270179,0.20856766,0.20856766,0.2620015
1314,0.004271891,0.24604142,-0.010263766,0.24604142
1315,0.004273602,0.18809822,0.18809822,0.23225114
1316,0.004275252,0.09106584,0.09106584,0.104385115
1317,0.00427686,0.028837519,-0.013413668,0.028837519
1318,0.004278458,0.060492173,0.060492173,0.078462176
1319,0.004280044,0.14678998,0.14678998,0.13266431
1320,0.004281647,0.19686358,-0.022843407,0.19686358
1321,0.004283312,0.14139931,0.14139931,0.087937504
1322,0.004284992,0.0363406,0.0363406,-0.019378105
1323,0.004286633,-0.043762367,-0.016019398,-0.043762367
1324,0.004288218,-0.05184607,-0.05184607,0.15693392
1325,0.004289733,-0.01275098,-0.01275098,0.03203061
1326,0.004291206,0.03252886,-0.0073867897,0.03252886
1327,0.004292678,0.053626046,0.053626046,0.05710599
1328,0.004294142,0.06729691,0.06729691,0.010155813
1329,0.004295604,0.104331546,-0.00011131028,0.104331546
1330,0.004297076,0.17556584,0.17556584,0.205531
1331,0.004298579,0.23056541,0.23056541,0.19405517
1332,0.004300063,0.21676038,0.0045793243,0.21676038
1333,0.004301526,0.10580451,0.10580451,0.13054165
1334,0.004302954,-0.04404321,-0.04404321,-0.10845026
1335,0.004304386,-0.15492468,0.0073912097,-0.15492468
1336,0.004305875,-0.17159429,-0.17159429,-0.16230522
1337,0.004307449,-0.12743796,-0.12743796,-0.017165447
1338,0.004309015,-0.08358382,0.008590675,-0.08358382
1339,0.004310592,-0.082118005,-0.082118005,-0.045645002
1340,0.004312195,-0.0964534,-0.0964534,-0.09678798
1341,0.004313788,-0.086684756,0.009062775,-0.086684756
1342,0.004315343,-0.024408765,-0.024408765,-0.13772273
1343,0.004316909,0.059113562,0.059113562,-0.10856169
1344,0.00431855,0.10089844,0.0005299428,0.10089844
1345,0.004320234,0.062964305,0.062964305,0.10069807
1346,0.004321893,-0.004487351,-0.004487351,0.046650235
1347,0.004323516,-0.023719847,-0.006666328,-0.023719847
1348,0.004325146,0.047962517,0.047962517,0.023930022
1349,0.004326773,0.13652438,0.13652438,0.10375186
1350,0.004328376,0.13362972,-0.00045922364,0.13362972
1351,0.004329944,-0.04453847,-0.04453847,-0.10102793
1352,0.004331481,-0.27396548,-0.27396548,-0.34984127
1353,0.004332999,-0.3902831,0.015436774,-0.3902831
1354,0.004334516,-0.29550114,-0.29550114,-0.15468574
1355,0.004336053,-0.09944683,-0.09944683,-0.00569176
1356,0.004337654,0.034213264,0.01369755,0.034213264
1357,0.004339315,-0.00027359923,-0.00027359923,-0.08868847
1358,0.004340907,-0.13023207,-0.13023207,-0.1886889
1359,0.004342441,-0.25195813,-0.010287171,-0.25195813
1360,0.004343994,-0.28943723,-0.28943723,-0.24065052
1361,0.004345608,-0.2473331,-0.2473331,-0.28523695
1362,0.004347216,-0.1469966,-0.011093412,-0.1469966
1363,0.004348782,-0.014782536,-0.014782536,0.033031393
1364,0.004350364,0.106026165,0.106026165,0.17771363
1365,0.004351988,0.18677536,-0.016925886,0.18677536
1366,0.004353611,0.21353903,0.21353903,0.21401411
1367,0.004355239,0.20573634,0.20573634,0.23931237
1368,0.004356869,0.19642963,-0.015108633,0.19642963
1369,0.004358463,0.20781821,0.20781821,0.20304403
1370,0.004360039,0.21499602,0.21499602,0.20007917
1371,0.004361616,0.1792491,-0.011516982,0.1792491
1372,0.004363191,0.077218235,0.077218235,0.06534051
1373,0.004364788,-0.046989076,-0.046989076,-0.026426472
1374,0.004366367,-0.13131511,-0.0059471014,-0.13131511
1375,0.004367936,-0.13253158,-0.13253158,-0.16056617
1376,0.004369541,-0.081316255,-0.081316255,-0.08067146
1377,0.004371144,-0.021163234,-0.007890797,-0.021163234
1378,0.004372707,0.014263737,0.014263737,-0.019222738
1379,0.004374295,0.029624162,0.029624162,-0.010644261
1380,0.004375905,0.038610727,-0.01226573,0.038610727
1381,0.004377492,0.05068412,0.05068412,0.006390541
1382,0.004379064,0.056252077,0.056252077,-0.044059172
1383,0.00438067,0.03984403,-0.011998965,0.03984403
1384,0.004382239,-0.0062125293,-0.0062125293,0.009488265
1385,0.004383813,-0.06902825,-0.06902825,-0.03723368
1386,0.004385438,-0.12823561,-0.0096706115,-0.12823561
1387,0.004387123,-0.16351469,-0.16351469,-0.18078226
1388,0.004388804,-0.16591242,-0.16591242,-0.28603843
1389,0.004390463,-0.12685336,0.0015217927,-0.12685336
1390,0.004392126,-0.0474675,-0.0474675,-0.07440636
1391,0.004393786,0.044989243,0.044989243,0.058951125
1392,0.004395403,0.11642349,0.0091019925,0.11642349
1393,0.004396959,0.13604376,0.13604376,0.14112492
1394,0.004398527,0.11973794,0.11973794,0.17361084
1395,0.004400102,0.09924296,0.004404057,0.09924296
1396,0.004401672,0.09949504,0.09949504,0.07399935
1397,0.004403211,0.12433379,0.12433379,0.08456654
1398,0.004404781,0.17075098,-0.0064903507,0.17075098
1399,0.00440638,0.22726259,0.22726259,0.24110071
1400,0.004407976,0.25608662,0.25608662,0.29143256
1401,0.004409596,0.20853657,-0.0016179376,0.20853657
1402,0.0044112,0.06490736,0.06490736,0.089968
1403,0.004412784,-0.07973964,-0.07973964,-0.029069876
1404,0.004414297,-0.112125516,-0.006969078,-0.112125516
1405,0.00441577,0.04874628,0.04874628,-0.048238046
1406,0.004417217,0.2818423,0.2818423,0.15604456
1407,0.004418664,0.4158119,-0.0053403773,0.4158119
1408,0.004420176,0.32743368,0.32743368,0.3786178
1409,0.004421692,0.129162,0.129162,0.16286255
1410,0.004423186,-0.017088298,-0.008901005,-0.017088298
1411,0.004424713,-0.020303832,-0.020303832,-0.024913505
1412,0.00442628,0.06646287,0.06646287,0.08799429
1413,0.004427871,0.16532381,-0.0010796302,0.16532381
1414,0.004429486,0.21419975,0.21419975,0.24739367
1415,0.004431048,0.1993146,0.1993146,0.272004
1416,0.004432585,0.12868151,-0.0003437971,0.12868151
1417,0.004434131,0.011768602,0.011768602,-0.11160369
1418,0.004435688,-0.117189564,-0.117189564,-0.2224242
1419,0.004437223,-0.21095051,-0.002436899,-0.21095051
1420,0.004438765,-0.23276037,-0.23276037,-0.3133704
1421,0.004440337,-0.20121783,-0.20121783,-0.23872824
1422,0.004441926,-0.14856315,-0.0028134778,-0.14856315
1423,0.00444354,-0.09893205,-0.09893205,-0.06593611
1424,0.004445113,-0.06326423,-0.06326423,-0.08684869
1425,0.004446669,-0.049425274,-0.0036838304,-0.049425274
1426,0.004448257,-0.055835832,-0.055835832,-0.022076158
1427,0.004449849,-0.048020832,-0.048020832,-0.007396526
1428,0.00445144,0.020014739,-0.0046507725,0.020014739
1429,0.004452998,0.17187262,0.17187262,0.17155246
1430,0.004454487,0.3196894,0.3196894,0.3426698
1431,0.004455973,0.36404637,-0.0046487134,0.36404637
1432,0.004457502,0.23830932,0.23830932,0.19065742
1433,0.004459082,0.019542076,0.019542076,-0.055094615
1434,0.004460662,-0.17407571,-0.0060319197,-0.17407571
1435,0.00446227,-0.2515891,-0.2515891,-0.16396177
1436,0.004463899,-0.23678273,-0.23678273,-0.20780885
1437,0.004465512,-0.17288312,-0.01054121,-0.17288312
1438,0.004467125,-0.090374805,-0.090374805,-0.07993748
1439,0.004468736,-0.00624533,-0.00624533,0.0305455
1440,0.004470365,0.061608456,-0.004318221,0.061608456
1441,0.004471942,0.09944087,0.09944087,0.15441051
1442,0.004473474,0.09578361,0.09578361,0.06415007
1443,0.004474978,0.04194418,0.0021496378,0.04194418
1444,0.004476454,-0.065165386,-0.065165386,0.0037632084
1445,0.004477938,-0.20763113,-0.20763113,-0.012149727
1446,0.004479426,-0.36438265,0.019519012,-0.36438265
1447,0.004480936,-0.50638056,-0.50638056,-0.7217696
1448,0.004482435,-0.61602557,-0.61602557,-0.9244953
1449,0.004483921,-0.67898434,0.025943212,-0.67898434
1450,0.004485415,-0.6794799,-0.6794799,-0.6193936
1451,0.00448695,-0.59376067,-0.59376067,-0.5122687
1452,0.004488457,-0.3941416,0.020774994,-0.3941416
1453,0.004489969,-0.07552474,-0.07552474,-0.31449336
1454,0.004491462,0.24610282,0.24610282,0.1981451
1455,0.004492978,0.435114,0.014927676,0.435114
1456,0.004494592,0.40195298,0.40195298,0.48804426
1457,0.004496224,0.21467254,0.21467254,0.31999463
1458,0.004497844,0.0020637999,0.011580201,0.0020637999
1459,0.004499434,-0.14153014,-0.14153014,-0.1993161
1460,0.004501063,-0.21252257,-0.21252257,-0.17617694
1461,0.00450272,-0.23411861,-0.005284283,-0.23411861
1462,0.004504325,-0.2227462,-0.2227462,-0.1489189
1463,0.004505917,-0.18734837,-0.18734837,-0.04751371
1464,0.004507507,-0.13815561,-0.008068718,-0.13815561
1465,0.00450906,-0.08562058,-0.08562058,-0.122534126
1466,0.004510603,-0.03704697,-0.03704697,-0.07169974
1467,0.004512166,-0.0031565772,-0.002757798,-0.0031565772
1468,0.004513761,0.010284045,0.010284045,0.17241825
1469,0.004515383,0.021305813,0.021305813,0.17961663
1470,0.004517025,0.05155559,0.013150352,0.05155559
1471,0.004518691,0.11119359,0.11119359,-0.08018286
1472,0.004520344,0.17512642,0.17512642,-0.004850628
1473,0.004521986,0.21025848,0.01440591,0.21025848
1474,0.004523618,0.19025497,0.19025497,0.262953
1475,0.00452522,0.13021226,0.13021226,0.15763468
1476,0.004526776,0.05891898,0.011320516,0.05891898
1477,0.004528292,0.0067285406,0.0067285406,0.091552764
1478,0.004529829,0.0035550583,0.0035550583,0.07979834
1479,0.004531421,0.075903416,-0.0046693194,0.075903416
1480,0.004533049,0.22504482,0.22504482,0.13006698
1481,0.004534733,0.3545934,0.3545934,0.2529762
1482,0.004536406,0.3566819,-0.005547942,0.3566819
1483,0.004538082,0.18105,0.18105,0.20462878
1484,0.004539744,-0.07299004,-0.07299004,0.05417649
1485,0.004541397,-0.26194778,-0.004141224,-0.26194778
1486,0.004543039,-0.25874886,-0.25874886,-0.3034097
1487,0.004544684,-0.12145549,-0.12145549,-0.18450789
1488,0.004546203,0.022586353,-0.004324913,0.022586353
1489,0.004547663,0.07668865,0.07668865,-0.0011078578
1490,0.004549101,0.065285675,0.065285675,-0.018801635
1491,0.00455057,0.04302747,-0.0040768543,0.04302747
1492,0.004552125,0.04794243,0.04794243,0.0152454665
1493,0.004553763,0.059163723,0.059163723,0.06862254
1494,0.004555406,0.04451258,-0.018329423,0.04451258
1495,0.004557074,-0.008163466,-0.008163466,-0.07358988
1496,0.004558713,-0.069259554,-0.069259554,-0.13444391
1497,0.004560323,-0.10174798,-0.034664605,-0.10174798
1498,0.004561973,-0.07692104,-0.07692104,-0.06796126
1499,0.004563677,-0.03243196,-0.03243196,-0.04989888
1500,0.004565362,-0.038851656,-0.018272394,-0.038851656
1501,0.004567059,-0.13922776,-0.13922776,-0.038412336
1502,0.004568739,-0.24854353,-0.24854353,-0.13463786
1503,0.004570405,-0.25917363,-0.018504556,-0.25917363
1504,0.004572057,-0.10218882,-0.10218882,-0.2547408
1505,0.004573657,0.1373289,0.1373289,-0.121537626
1506,0.004575255,0.3067101,-0.025432335,0.3067101
1507,0.004576823,0.30544645,0.30544645,0.38952357
1508,0.004578382,0.19979657,0.19979657,0.3217208
1509,0.004579949,0.09741283,-0.019104257,0.09741283
1510,0.004581548,0.080031574,0.080031574,-0.039560992
1511,0.004583105,0.14208043,0.14208043,0.09113916
1512,0.004584622,0.26140574,-0.017103456,0.26140574
1513,0.004586094,0.40300378,0.40300378,0.5011359
1514,0.004587543,0.48973447,0.48973447,0.5392515
1515,0.004588989,0.43239772,-0.012683719,0.43239772
1516,0.004590455,0.1753073,0.1753073,0.110364124
1517,0.004591972,-0.14721774,-0.14721774,-0.20610516
1518,0.004593578,-0.37771648,-0.011092925,-0.37771648
1519,0.004595167,-0.41929734,-0.41929734,-0.54209083
1520,0.004596663,-0.33233202,-0.33233202,-0.43896806
1521,0.004598118,-0.20150948,-0.004794208,-0.20150948
1522,0.004599558,-0.093367554,-0.093367554,-0.012100438
1523,0.004601007,-0.020137781,-0.020137781,0.04895933
1524,0.004602456,0.017184893,-0.003726752,0.017184893
1525,0.004603932,0.020223377,0.020223377,0.0128602935
1526,0.004605454,0.012827185,0.012827185,-0.008101577
1527,0.004606998,0.017972449,-0.0045294724,0.017972449
1528,0.00460857,0.04510516,0.04510516,0.12390903
1529,0.004610141,0.061838392,0.061838392,0.1371957
1530,0.004611729,0.024442201,-0.0012942742,0.024442201
1531,0.004613354,-0.09409819,-0.09409819,-0.09631866
1532,0.004614996,-0.24227636,-0.24227636,-0.14554258
1533,0.004616675,-0.33496767,-0.00077126,-0.33496767
1534,0.004618317,-0.30466455,-0.30466455,-0.31185958
1535,0.004619959,-0.17876849,-0.17876849,-0.087725185
1536,0.004621609,-0.00941953,-0.0036741255,-0.00941953
1537,0.00462323,0.1505754,0.1505754,0.23433094
1538,0.004624861,0.24238525,0.24238525,0.24386626
1539,0.004626502,0.20500596,-0.0030654627,0.20500596
1540,0.004628115,0.015241035,0.015241035,0.086944215
1541,0.004629722,-0.2190446,-0.2190446,-0.17341352
1542,0.004631321,-0.3583201,-0.0040331776,-0.3583201
1543,0.004632914,-0.3069823,-0.3069823,-0.33474374
1544,0.00463452,-0.1469311,-0.1469311,-0.16240808
1545,0.0046361,-0.0015964644,0.0092775,-0.0015964644
1546,0.004637637,0.0332034,0.0332034,-0.018500542
1547,0.004639136,-0.011029849,-0.011029849,-0.060970753
1548,0.004640633,-0.07631579,0.012854121,-0.07631579
1549,0.004642162,-0.11722725,-0.11722725,-0.040062457
1550,0.00464372,-0.13305254,-0.13305254,-0.0772255
1551,0.004645246,-0.13359956,0.008669762,-0.13359956
1552,0.004646767,-0.12425357,-0.12425357,-0.116337605
1553,0.004648326,-0.091058336,-0.091058336,-0.05347021
1554,0.004649917,-0.015213162,0.0032831875,-0.015213162
1555,0.00465154,0.115606844,0.115606844,0.10560128
1556,0.004653168,0.27209514,0.27209514,0.2484716
1557,0.004654759,0.4062519,-0.0076453923,0.4062519
1558,0.004656295,0.48761088,0.48761088,0.49729028
1559,0.004657847,0.51382804,0.51382804,0.5040697
1560,0.004659437,0.4861627,-0.011856457,0.4861627
1561,0.004661054,0.40946046,0.40946046,0.38021004
1562,0.004662692,0.30200887,0.30200887,0.2695524
1563,0.004664328,0.18797544,-0.004744798,0.18797544
1564,0.004665962,0.087506525,0.087506525,0.13278218
1565,0.004667561,0.010055111,0.010055111,0.0023906091
1566,0.004669135,-0.030024588,0.009795412,-0.030024588
1567,0.004670683,-0.023567768,-0.023567768,-0.050890025
1568,0.004672223,0.003601572,0.003601572,0.012701711
1569,0.004673795,0.014557559,0.0071155317,0.014557559
1570,0.004675376,-0.01781948,-0.01781948,-0.089587465
1571,0.004676956,-0.080015,-0.080015,-0.12958142
1572,0.004678548,-0.15081117,0.0009660614,-0.15081117
1573,0.004680145,-0.20976476,-0.20976476,-0.050950028
1574,0.004681764,-0.23447055,-0.23447055,-0.041484345
1575,0.004683399,-0.19960113,-0.0026862505,-0.19960113
1576,0.00468505,-0.08957008,-0.08957008,-0.23772423
1577,0.004686634,0.061218794,0.061218794,-0.025893934
1578,0.004688178,0.20746292,0.003180639,0.20746292
1579,0.004689761,0.30972764,0.30972764,0.30038393
1580,0.004691375,0.36427867,0.36427867,0.4276156
1581,0.004692934,0.37461892,0.007648466,0.37461892
1582,0.004694491,0.34593487,0.34593487,0.27381486
1583,0.004696049,0.29085025,0.29085025,0.28014746
1584,0.004697604,0.22062744,-0.0031638015,0.22062744
1585,0.004699206,0.14298898,0.14298898,0.043710023
1586,0.004700794,0.077027805,0.077027805,0.044453647
1587,0.004702352,0.04598483,-0.0071979295,0.04598483
1588,0.004703914,0.057549536,0.057549536,0.082253166
1589,0.004705483,0.08594074,0.08594074,0.14813685
1590,0.004707059,0.09638311,-0.01323965,0.09638311
1591,0.004708629,0.065918066,0.065918066,-0.065106764
1592,0.004710179,0.026420647,0.026420647,-0.100567184
1593,0.004711708,0.022478132,-0.009261266,0.022478132
1594,0.004713235,0.07935215,0.07935215,0.099587984
1595,0.00471478,0.1555952,0.1555952,0.07455975
1596,0.004716316,0.19148356,-0.0072649936,0.19148356
1597,0.004717827,0.14438677,0.14438677,0.16992913
1598,0.00471934,0.044192724,0.044192724,0.08566484
1599,0.004720834,-0.06377917,-0.0122702895,-0.06377917
1600,0.004722316,-0.14616026,-0.14616026,-0.13681087
1601,0.004723823,-0.20077664,-0.20077664,-0.20285529
1602,0.004725382,-0.23157914,-0.010947759,-0.23157914
1603,0.004726952,-0.24318713,-0.24318713,-0.20385928
1604,0.004728523,-0.23697975,-0.23697975,-0.2439036
1605,0.004730102,-0.21323496,-0.005378442,-0.21323496
1606,0.004731691,-0.1736568,-0.1736568,-0.15980753
1607,0.004733277,-0.124039166,-0.124039166,-0.028316608
1608,0.004734861,-0.07182939,-0.006950712,-0.07182939
1609,0.004736442,-0.026260037,-0.026260037,-0.009729194
1610,0.004738019,0.01054861,0.01054861,-0.089929275
1611,0.004739605,0.03850143,-0.009301768,0.03850143
1612,0.004741131,0.05156932,0.05156932,0.1699302
1613,0.004742648,0.020864293,0.020864293,0.063224286
1614,0.004744217,-0.087699465,-0.012485495,-0.087699465
1615,0.00474584,-0.28261685,-0.28261685,-0.12089044
1616,0.004747452,-0.47181678,-0.47181678,-0.23136699
1617,0.004749042,-0.5394196,-0.020185445,-0.5394196
1618,0.004750645,-0.41682327,-0.41682327,-0.5951497
1619,0.004752212,-0.1974829,-0.1974829,-0.29674065
1620,0.004753749,0.0007662062,-0.0005254429,0.0007662062
1621,0.004755258,0.06904883,0.06904883,0.09460977
1622,0.004756741,0.033219658,0.033219658,0.012692068
1623,0.004758262,-0.036020737,0.010379503,-0.036020737
1624,0.004759807,-0.086132556,-0.086132556,-0.13109118
1625,0.004761368,-0.11629026,-0.11629026,-0.12811454
1626,0.004762958,-0.14038542,0.013868133,-0.14038542
1627,0.004764555,-0.16304916,-0.16304916,0.010894081
1628,0.004766147,-0.15878585,-0.15878585,-0.11174942
1629,0.004767696,-0.09302807,0.006883896,-0.09302807
1630,0.004769222,0.052062526,0.052062526,0.041757736
1631,0.004770739,0.20925157,0.20925157,0.2829173
1632,0.004772288,0.285595,0.0062242323,0.285595
1633,0.004773881,0.21019273,0.21019273,0.12691888
1634,0.004775483,0.036177386,0.036177386,0.05735565
1635,0.004777067,-0.14918998,-0.006909609,-0.14918998
1636,0.00477865,-0.28309697,-0.28309697,-0.3976165
1637,0.004780219,-0.34821552,-0.34821552,-0.3496366
1638,0.004781764,-0.33509734,-0.010664839,-0.33509734
1639,0.004783308,-0.23734815,-0.23734815,-0.29608274
1640,0.004784826,-0.09235144,-0.09235144,-0.119592845
1641,0.00478633,0.048285354,-0.013987044,0.048285354
1642,0.004787812,0.14452294,0.14452294,0.098732926
1643,0.004789317,0.18202688,0.18202688,0.15346223
1644,0.004790898,0.15540701,-0.021027664,0.15540701
1645,0.004792586,0.06848123,0.06848123,0.067791045
1646,0.004794288,-0.03521016,-0.03521016,-0.026031086
1647,0.004795983,-0.107200876,-0.016510973,-0.107200876
1648,0.004797679,-0.11572037,-0.11572037,-0.03961564
1649,0.004799322,-0.08674028,-0.08674028,-0.022891574
1650,0.004800946,-0.060266774,-0.012814539,-0.060266774
1651,0.004802578,-0.073476054,-0.073476054,-0.08304806
1652,0.00480422,-0.107176684,-0.107176684,-0.10568577
1653,0.004805787,-0.122648776,-0.0010888546,-0.122648776
1654,0.004807298,-0.093987346,-0.093987346,-0.12322525
1655,0.004808814,-0.046111237,-0.046111237,-0.06695083
1656,0.004810367,-0.011551826,-0.014248655,-0.011551826
1657,0.004811973,-0.00875326,-0.00875326,-0.07101612
1658,0.004813604,-0.0062556993,-0.0062556993,-0.10689871
1659,0.004815197,0.037160978,-0.008937141,0.037160978
1660,0.004816776,0.13713661,0.13713661,0.19609424
1661,0.00481837,0.24415949,0.24415949,0.32600576
1662,0.004819983,0.28955206,-0.004163314,0.28955206
1663,0.004821605,0.22000308,0.22000308,0.15846723
1664,0.004823233,0.09587132,0.09587132,-0.026440402
1665,0.004824838,0.016960947,-0.008281764,0.016960947
1666,0.00482646,0.046554245,0.046554245,-0.0007092575
1667,0.004828085,0.1496704,0.1496704,0.11510982
1668,0.004829665,0.2659532,-0.016606586,0.2659532
1669,0.00483124,0.33931693,0.33931693,0.4310637
1670,0.004832827,0.34772268,0.34772268,0.46479043
1671,0.004834437,0.279751,-0.011254269,0.279751
1672,0.004836041,0.13455811,0.13455811,0.025949812
1673,0.004837655,-0.036267743,-0.036267743,-0.055514645
1674,0.004839294,-0.16521436,-0.011301307,-0.16521436
1675,0.004840861,-0.21485862,-0.21485862,-0.26976654
1676,0.004842362,-0.21319546,-0.21319546,-0.24872217
1677,0.004843842,-0.20554155,-0.009724723,-0.20554155
1678,0.004845347,-0.22426768,-0.22426768,-0.08782269
1679,0.004846887,-0.2413606,-0.2413606,-0.121016875
1680,0.004848517,-0.21188915,-0.009064371,-0.21188915
1681,0.004850176,-0.11477583,-0.11477583,-0.0090734335
1682,0.004851819,-0.0009667983,-0.0009667983,0.040694803
1683,0.004853436,0.07585306,0.00561934,0.07585306
1684,0.004855065,0.08016275,0.08016275,0.1122489
1685,0.004856692,0.04180876,0.04180876,0.08455047
1686,0.004858348,0.013556773,0.006521292,0.013556773
1687,0.004860038,0.04022241,0.04022241,0.23552352
1688,0.004861706,0.077456184,0.077456184,0.25092962
1689,0.00486335,0.060802683,0.00823723,0.060802683
1690,0.004864926,-0.048069324,-0.048069324,-0.04577894
1691,0.004866478,-0.18803039,-0.18803039,-0.19713238
1692,0.004868015,-0.27386078,0.0036841307,-0.27386078
1693,0.004869554,-0.23665743,-0.23665743,-0.23809926
1694,0.004871118,-0.11678855,-0.11678855,-0.2107555
1695,0.004872703,0.017608136,0.0030842095,0.017608136
1696,0.004874319,0.11502689,0.11502689,0.029160043
1697,0.004875956,0.18571842,0.18571842,0.14284897
1698,0.004877611,0.24783084,0.00078219036,0.24783084
1699,0.004879281,0.30957165,0.30957165,0.29444563
1700,0.004880951,0.34154886,0.34154886,0.3539592
1701,0.004882622,0.30106217,0.0026238612,0.30106217
1702,0.004884304,0.16239561,0.16239561,0.04077838
1703,0.004886001,-0.01320936,-0.01320936,-0.09647189
1704,0.004887688,-0.1368891,0.004772841,-0.1368891
1705,0.004889384,-0.13691027,-0.13691027,-0.13692445
1706,0.004891084,-0.031135503,-0.031135503,-0.010901422
1707,0.004892767,0.13853616,0.008013558,0.13853616
1708,0.004894412,0.32792908,0.32792908,0.16793935
1709,0.004895987,0.47766313,0.47766313,0.35725302
1710,0.00489755,0.5218631,0.008016064,0.5218631
1711,0.004899101,0.41813448,0.41813448,0.44373855
1712,0.004900649,0.2060602,0.2060602,0.25448167
1713,0.004902232,-0.049517427,0.004983198,-0.049517427
1714,0.004903812,-0.28571865,-0.28571865,-0.21896216
1715,0.004905378,-0.4494859,-0.4494859,-0.44494277
1716,0.004906996,-0.50523853,-0.012347542,-0.50523853
1717,0.004908689,-0.4304708,-0.4304708,-0.39195895
1718,0.004910362,-0.28143755,-0.28143755,-0.27334753
1719,0.004911976,-0.12982143,-0.011966759,-0.12982143
1720,0.004913588,-0.038568012,-0.038568012,-0.035208534
1721,0.004915198,0.0106291175,0.0106291175,0.22504634
1722,0.004916802,0.05760424,-0.009406304,0.05760424
1723,0.004918434,0.1318983,0.1318983,-0.13337563
1724,0.004920105,0.20534825,0.20534825,0.005463688
1725,0.004921768,0.24004634,-0.0069048046,0.24004634
1726,0.004923428,0.21115425,0.21115425,0.3683924
1727,0.004925114,0.11846518,0.11846518,0.36685586
1728,0.00492674,-0.031011445,0.003301821,-0.031011445
1729,0.004928311,-0.22360165,-0.22360165,-0.21253633
1730,0.004929858,-0.39601424,-0.39601424,-0.48312804
1731,0.004931406,-0.46263868,0.0058547882,-0.46263868
1732,0.004932984,-0.37606603,-0.37606603,-0.32468122
1733,0.004934608,-0.21147345,-0.21147345,-0.1080763
1734,0.00493624,-0.08585005,0.00027019702,-0.08585005
1735,0.004937855,-0.06478249,-0.06478249,0.1134522
1736,0.004939489,-0.0950883,-0.0950883,0.011643063
1737,0.004941159,-0.10380742,0.006441862,-0.10380742
1738,0.004942856,-0.039691664,-0.039691664,-0.04764872
1739,0.004944536,0.057649348,0.057649348,0.08338253
1740,0.00494623,0.1149716,0.009919692,0.1149716
1741,0.004947888,0.08394578,0.08394578,0.16947696
1742,0.0049495,0.0151535375,0.0151535375,0.17107458
1743,0.004951123,-0.013784844,-0.004786321,-0.013784844
1744,0.00495277,0.053526267,0.053526267,0.060153354
1745,0.004954442,0.1509769,0.1509769,0.06110378
1746,0.004956122,0.18448019,-0.0072723655,0.18448019
1747,0.004957753,0.093709745,0.093709745,0.11861579
1748,0.004959376,-0.046925418,-0.046925418,0.04831321
1749,0.004960994,-0.14610618,0.0019204896,-0.14610618
1750,0.004962636,-0.13347024,-0.13347024,0.00726489
1751,0.00496431,-0.041832574,-0.041832574,-0.058140904
1752,0.004965957,0.06353288,0.0029614773,0.06353288
1753,0.004967554,0.12367545,0.12367545,0.2661868
1754,0.004969147,0.124544114,0.124544114,0.30146185
1755,0.004970748,0.058440015,-0.00670824,0.058440015
1756,0.004972352,-0.069569685,-0.069569685,-0.13340028
1757,0.004973942,-0.18919179,-0.18919179,-0.21757992
1758,0.004975496,-0.20674914,-0.02313775,-0.20674914
1759,0.004977042,-0.0771962,-0.0771962,-0.07669939
1760,0.004978629,0.11610504,0.11610504,-0.075403936
1761,0.004980245,0.2619415,-0.018422175,0.2619415
1762,0.004981843,0.27456883,0.27456883,0.2936195
1763,0.004983461,0.18502839,0.18502839,0.08276106
1764,0.004985088,0.05480868,-0.015273765,0.05480868
1765,0.004986703,-0.06697173,-0.06697173,-0.11050218
1766,0.004988303,-0.14972125,-0.14972125,-0.26540443
1767,0.0049899,-0.15844136,-0.009913474,-0.15844136
1768,0.004991484,-0.07485863,-0.07485863,-0.07730586
1769,0.004993049,0.061667047,0.061667047,0.030074038
1770,0.004994611,0.19421482,-0.0025273056,0.19421482
1771,0.004996203,0.2699854,0.2699854,0.16849975
1772,0.004997843,0.26389623,0.26389623,0.08592093
1773,0.004999502,0.15720822,-0.0012648413,0.15720822
1774,0.005001175,-0.045151968,-0.045151968,0.16452874
1775,0.005002829,-0.2489488,-0.2489488,-0.10125509
1776,0.005004426,-0.34516308,-0.003054832,-0.34516308
1777,0.005006005,-0.25878182,-0.25878182,-0.27143273
1778,0.005007571,-0.064147934,-0.064147934,-0.044649575
1779,0.005009143,0.1051116,-0.0020947498,0.1051116
1780,0.005010718,0.14235853,0.14235853,0.11646849
1781,0.005012301,0.08456736,0.08456736,0.121232405
1782,0.005013893,0.006871647,-0.007173435,0.006871647
1783,0.005015527,-0.039075054,-0.039075054,-0.16716234
1784,0.005017162,-0.050971977,-0.050971977,-0.17265703
1785,0.005018732,-0.037670854,-0.0051854155,-0.037670854
1786,0.005020258,-0.007855981,-0.007855981,0.11233033
1787,0.005021771,0.028299227,0.028299227,0.16355474
1788,0.005023326,0.059947625,0.0053991564,0.059947625
1789,0.00502494,0.07927476,0.07927476,-0.09385313
1790,0.005026547,0.09008151,0.09008151,-0.026215386
1791,0.005028177,0.0999448,0.0071846545,0.0999448
1792,0.005029764,0.11357645,0.11357645,0.20784652
1793,0.005031391,0.12585679,0.12585679,0.15155603
1794,0.005033031,0.12931798,0.013323314,0.12931798
1795,0.005034647,0.12011897,0.12011897,0.051767748
1796,0.005036258,0.11697935,0.11697935,-0.09670762
1797,0.005037893,0.14504877,0.007987275,0.14504877
1798,0.00503954,0.21561918,0.21561918,0.20715968
1799,0.005041137,0.29840255,0.29840255,0.29429775
1800,0.005042745,0.34538716,0.01075597,0.34538716
1801,0.005044367,0.32289916,0.32289916,0.21097854
1802,0.005045954,0.25435787,0.25435787,0.19270828
1803,0.005047523,0.1740973,0.013589136,0.1740973
1804,0.005049089,0.11176115,0.11176115,0.28739512
1805,0.005050667,0.06753007,0.06753007,0.1683401
1806,0.005052261,0.030237978,-0.0016788451,0.030237978
1807,0.005053855,-0.0037997703,-0.0037997703,-0.05307911
1808,0.005055475,-0.017412247,-0.017412247,-0.029037733
1809,0.005057016,0.008702851,-0.013355657,0.008702851
1810,0.005058533,0.0826408,0.0826408,0.087976076
1811,0.005060067,0.16798304,0.16798304,0.17658533
1812,0.005061648,0.21494953,-0.015916137,0.21494953
1813,0.005063194,0.1869931,0.1869931,0.21628891
